TimeSec	Probe1mm	ConductivityP1V	TemperatureP1V
650.528	0.000	-3.925	2.502
650.728	0.017	-3.891	2.525
650.928	0.553	-3.906	2.534
651.128	1.884	-3.921	2.509
651.228	2.917	-3.904	2.535
651.428	4.902	-3.898	2.536
651.628	6.906	-3.900	2.510
651.728	8.021	-3.870	2.546
651.928	9.980	-3.904	2.497
652.028	11.083	-3.903	2.518
652.228	13.091	-3.917	2.531
652.428	15.125	-3.905	2.525
652.628	17.102	-3.895	2.533
652.828	19.122	-3.898	2.516
653.028	21.293	-3.885	2.520
653.228	23.222	-3.897	2.517
653.428	25.290	-3.915	2.517
653.628	27.360	-3.904	2.517
653.828	29.422	-3.884	2.533
654.028	31.386	-3.912	2.495
654.228	33.507	-3.875	2.523
654.428	35.518	-3.314	-0.999
654.628	37.518	-3.130	-1.346
654.828	39.554	-3.356	-1.439
655.028	41.614	-3.190	-2.337
655.228	43.569	-2.995	-4.608
655.428	45.691	-2.862	-5.324
655.628	47.670	-2.788	-5.324
655.828	49.812	-2.658	-5.324
656.028	51.691	-2.338	-5.324
656.228	53.785	-2.135	-5.324
656.428	55.747	-2.090	-5.324
656.628	57.794	-1.993	-5.324
656.728	58.906	-1.649	-4.430
656.928	60.905	-1.376	-4.270
657.128	62.867	-1.210	-4.980
657.328	65.051	-1.410	-3.670
657.528	67.029	-1.715	-3.572
657.728	69.003	-1.869	-3.780
657.928	71.120	-1.557	-5.072
658.128	73.166	-1.492	-5.324
658.327	75.143	-1.502	-5.324
658.528	77.208	-1.651	-5.324
658.728	79.204	-1.659	-5.324
658.928	81.224	-1.660	-5.324
659.128	83.260	-1.656	-5.324
659.328	85.236	-1.638	-5.324
659.528	87.443	-1.611	-5.324
659.728	89.466	-1.451	-5.324
659.928	91.431	-0.927	-5.076
660.128	93.433	-0.608	-4.768
660.328	95.420	-0.464	-5.157
660.528	97.615	-0.857	-3.618
660.728	99.598	-0.890	-4.009
660.928	101.589	-1.291	-4.005
661.128	103.694	-1.360	-4.124
661.328	105.692	-0.993	-4.896
661.528	107.687	-0.779	-5.320
661.728	109.784	-0.720	-5.324
661.928	111.789	-0.700	-5.324
662.128	113.810	-0.720	-5.324
662.328	115.823	-0.698	-5.324
662.528	117.820	-0.706	-5.324
662.728	119.853	-0.666	-5.324
662.928	121.936	-0.623	-5.324
663.128	123.884	-0.592	-5.324
663.328	125.958	-0.603	-5.324
663.528	128.068	-0.590	-5.324
663.728	130.072	-0.582	-5.324
663.928	132.101	-0.557	-5.324
664.128	134.105	-0.541	-5.324
664.328	136.111	-0.535	-5.324
664.427	137.219	-0.533	-5.324
664.628	139.225	-0.518	-5.324
664.828	141.356	-0.509	-5.324
665.028	143.361	-0.516	-5.324
665.228	145.331	-0.474	-5.324
665.428	147.430	-0.475	-5.324
665.628	149.400	-0.439	-5.324
665.828	151.521	-0.453	-5.324
666.028	153.443	-0.443	-5.324
666.228	155.426	-0.428	-5.324
666.428	157.628	-0.403	-5.324
666.628	159.628	-0.368	-5.324
666.828	161.590	-0.342	-5.324
667.028	163.710	-0.332	-5.324
667.228	165.778	-0.333	-5.324
667.427	167.768	-0.310	-5.324
667.628	169.705	-0.290	-5.324
667.828	171.711	-0.263	-5.324
667.928	172.863	-0.247	-5.324
668.128	174.766	-0.236	-5.324
668.228	175.874	-0.226	-5.324
668.428	177.918	-0.192	-5.324
668.628	179.944	-0.197	-5.324
668.828	181.984	-0.161	-5.324
669.028	184.007	-0.149	-5.324
669.228	185.992	-0.103	-5.324
669.428	188.126	-0.088	-5.324
669.628	190.033	0.658	-5.067
669.827	192.166	0.526	-5.224
670.028	194.209	0.662	-5.152
670.228	196.132	0.383	-4.382
670.428	198.197	0.228	-4.636
670.628	200.223	0.115	-4.740
670.828	202.308	-0.387	-4.627
671.028	204.322	-0.141	-5.067
671.228	206.336	0.071	-5.306
671.428	208.372	0.184	-5.324
671.628	210.366	0.243	-5.324
671.828	212.410	0.272	-5.324
672.027	214.456	0.255	-5.324
672.128	215.583	0.299	-5.324
672.328	217.609	0.285	-5.324
672.528	219.579	0.314	-5.324
672.728	221.597	0.337	-5.324
672.928	223.622	0.361	-5.324
673.128	225.627	0.373	-5.324
673.328	227.666	0.364	-5.324
673.527	229.739	0.377	-5.324
673.728	231.715	0.380	-5.324
673.928	233.858	0.414	-5.324
674.128	235.854	0.423	-5.324
674.328	237.821	0.417	-5.324
674.528	239.909	0.421	-5.324
674.728	241.898	0.442	-5.324
674.828	243.038	0.388	-5.324
675.027	244.930	0.470	-5.324
675.127	246.036	0.485	-5.324
675.328	248.116	0.497	-5.324
675.528	250.097	0.526	-5.324
675.728	252.245	0.500	-5.324
675.928	254.129	0.560	-5.324
676.128	256.129	0.521	-5.324
676.228	257.277	0.554	-5.324
676.428	259.217	0.592	-5.324
676.628	261.227	0.588	-5.324
676.828	263.312	0.641	-5.324
677.028	265.377	0.638	-5.324
677.228	267.380	0.643	-5.324
677.428	269.407	0.662	-5.324
677.628	271.425	0.706	-5.324
677.828	273.430	0.731	-5.324
678.028	275.541	1.683	-5.293
678.228	277.494	1.363	-5.319
678.328	278.649	1.175	-5.324
678.528	280.533	1.254	-5.290
678.628	281.646	0.465	-4.974
678.828	283.646	1.048	-5.135
679.028	285.683	1.094	-5.273
679.228	287.695	1.101	-5.319
679.428	289.732	1.129	-5.324
679.627	291.813	1.140	-5.324
679.828	293.795	1.139	-5.324
680.028	295.942	1.173	-5.324
680.228	297.910	1.197	-5.324
680.428	299.871	1.228	-5.324
680.628	301.947	1.221	-5.324
680.828	303.948	1.245	-5.324
680.928	305.033	1.280	-5.324
681.127	307.085	1.263	-5.324
681.328	309.208	1.297	-5.324
681.528	311.092	1.316	-5.324
681.728	313.217	1.341	-5.324
681.928	315.222	1.297	-5.324
682.128	317.227	1.304	-5.324
682.328	319.229	1.288	-5.324
682.528	321.279	1.332	-5.324
682.727	323.342	1.329	-5.324
682.928	325.342	1.358	-5.324
683.128	327.460	1.364	-5.324
683.328	329.444	1.355	-5.324
683.528	331.596	1.371	-5.324
683.728	333.471	1.407	-5.324
683.928	335.597	1.455	-5.324
684.128	337.567	2.430	-5.322
684.227	338.647	2.429	-5.324
684.428	340.572	2.225	-5.324
684.628	342.633	2.208	-5.310
684.828	344.739	2.232	-5.283
685.028	346.723	1.885	-5.319
685.228	348.748	1.850	-5.324
685.428	350.745	1.962	-5.324
685.628	352.872	1.996	-5.324
685.828	354.882	2.009	-5.324
686.028	356.863	1.996	-5.324
686.228	358.946	2.006	-5.324
686.428	360.925	2.024	-5.324
686.528	362.066	2.057	-5.324
686.728	363.956	2.003	-5.324
686.828	365.068	2.005	-5.324
687.028	367.061	1.997	-5.324
687.228	369.133	1.951	-5.324
687.428	371.258	1.952	-5.324
687.628	373.122	1.937	-5.324
687.828	375.245	1.959	-5.324
688.028	377.243	1.951	-5.324
688.228	379.276	1.968	-5.324
688.428	381.276	1.940	-5.324
688.628	383.285	1.938	-5.324
688.828	385.381	1.934	-5.324
689.028	387.377	1.966	-5.324
689.228	389.480	1.983	-5.324
689.428	390.858	2.031	-5.324
689.628	391.469	2.041	-5.324
689.828	391.507	2.020	-5.324
950.628	0.000	-3.886	0.377
950.828	0.278	-3.855	0.421
951.028	1.328	-3.894	0.379
951.228	3.176	-3.880	0.408
951.428	5.114	-3.899	0.388
951.628	7.160	-3.892	0.405
951.828	9.262	-3.900	0.401
952.028	11.256	-3.890	0.429
952.228	13.305	-3.883	0.415
952.428	15.284	-3.896	0.424
952.628	17.269	-3.885	0.417
952.728	18.375	-3.868	0.417
952.928	20.352	-3.859	0.434
953.128	22.472	-3.891	0.392
953.328	24.457	-3.864	0.425
953.528	26.633	-3.897	0.374
953.728	28.522	-3.875	0.404
953.928	30.509	-3.896	0.384
954.028	31.634	-3.888	0.407
954.228	33.681	-3.892	0.388
954.428	35.622	-3.214	-1.083
954.628	37.689	-2.943	-1.871
954.828	39.660	-3.179	-1.480
954.928	40.788	-2.949	-3.836
955.128	42.793	-2.838	-5.323
955.328	44.785	-2.825	-5.324
955.528	46.811	-2.829	-5.261
955.728	48.883	-2.620	-3.820
955.928	50.861	-2.657	-2.392
956.128	52.994	-2.424	-2.651
956.328	54.978	-2.146	-4.846
956.528	56.946	-2.014	-5.324
956.728	59.028	-1.751	-3.859
956.928	61.010	-1.895	-3.775
957.028	62.137	-1.540	-5.324
957.228	64.191	-1.508	-5.324
957.428	66.127	-1.475	-5.324
957.628	68.214	-1.389	-4.560
957.828	70.182	-1.452	-3.383
957.928	71.342	-1.600	-3.695
958.128	73.220	-1.157	-4.776
958.328	75.374	-1.310	-3.816
958.528	77.320	-0.978	-4.503
958.728	79.382	-0.607	-5.148
958.928	81.362	-0.938	-4.488
959.128	83.481	-1.383	-4.439
959.328	85.465	-0.788	-5.323
959.528	87.635	-0.748	-5.324
959.728	89.512	-0.763	-5.324
959.928	91.635	-0.363	-5.157
960.128	93.589	-0.678	-4.057
960.228	94.690	-1.029	-4.137
960.428	96.620	-0.988	-4.805
960.628	98.679	-0.678	-5.212
960.828	100.775	-0.537	-4.651
961.028	102.767	-0.464	-5.184
961.228	104.794	-0.399	-5.324
961.428	106.789	-0.437	-5.324
961.628	108.913	-0.426	-5.324
961.728	109.890	0.092	-5.059
961.928	111.872	0.140	-5.044
962.128	113.966	-0.472	-4.345
962.328	115.970	-0.571	-5.244
962.528	118.148	-0.691	-5.324
962.728	120.030	-0.494	-5.324
962.928	122.147	-0.328	-5.324
963.128	124.105	0.227	-5.188
963.228	125.200	0.173	-5.301
963.428	127.149	-0.229	-4.571
963.628	129.207	-0.258	-5.178
963.828	131.319	-0.165	-5.324
964.028	133.335	-0.172	-5.324
964.228	135.352	-0.204	-5.324
964.428	137.345	0.372	-5.131
964.628	139.340	0.069	-4.976
964.728	140.466	0.071	-4.191
964.928	142.444	0.502	-4.370
965.128	144.565	0.284	-4.690
965.328	146.561	0.107	-4.932
965.528	148.532	-0.006	-4.356
965.728	150.636	0.102	-4.927
965.928	152.635	0.472	-5.252
966.128	154.723	0.451	-4.591
966.328	156.640	0.097	-4.951
966.428	157.750	0.149	-5.324
966.628	159.816	0.120	-5.324
966.828	161.786	0.129	-5.324
967.028	163.761	0.152	-5.324
967.228	165.865	0.555	-5.252
967.428	167.863	0.765	-5.289
967.628	169.951	0.330	-4.783
967.828	171.943	-0.047	-5.248
968.028	173.958	-0.072	-5.324
968.228	175.991	-0.101	-5.324
968.428	178.022	-0.304	-5.324
968.628	180.030	-0.027	-5.281
968.828	182.059	0.158	-5.296
969.028	184.251	0.315	-4.877
969.228	186.239	0.198	-5.223
969.428	188.259	0.271	-5.324
969.628	190.260	0.257	-5.324
969.828	192.285	0.118	-5.324
970.028	194.310	0.275	-5.295
970.228	196.311	0.856	-5.248
970.428	198.359	0.618	-5.015
970.628	200.374	0.509	-5.224
970.828	202.595	0.447	-5.324
971.028	204.525	0.453	-5.324
971.228	206.548	0.458	-5.324
971.428	208.529	0.604	-5.321
971.628	210.643	1.390	-5.260
971.828	212.674	1.138	-4.564
972.028	214.645	1.308	-4.930
972.228	216.759	0.854	-5.298
972.428	218.723	0.666	-5.017
972.628	220.725	0.794	-5.320
972.828	222.755	0.945	-5.324
973.028	224.898	0.920	-5.324
973.228	226.982	0.896	-5.324
973.428	229.001	1.312	-5.314
973.628	231.078	1.530	-5.316
973.828	233.043	0.945	-5.014
974.028	235.072	0.633	-5.306
974.228	237.107	0.617	-5.324
974.428	239.138	0.628	-5.324
974.628	241.145	0.626	-5.324
974.828	243.157	0.894	-5.233
975.028	245.189	1.329	-5.004
975.228	247.198	1.326	-5.228
975.428	249.272	1.850	-5.318
975.628	251.249	1.605	-5.264
975.728	252.413	1.312	-5.315
975.928	254.288	1.356	-5.324
976.128	256.412	1.328	-5.324
976.328	258.455	1.323	-5.324
976.528	260.455	1.363	-5.324
976.728	262.447	2.047	-5.321
976.928	264.585	2.181	-5.303
977.128	266.609	1.681	-5.298
977.328	268.561	1.612	-5.324
977.528	270.652	1.549	-5.324
977.728	272.645	1.557	-5.324
977.928	274.799	1.530	-5.324
978.128	276.790	2.093	-5.323
978.328	278.807	2.026	-5.324
978.528	280.852	1.856	-5.210
978.728	282.819	1.974	-5.284
978.928	284.943	2.270	-5.324
979.128	286.936	2.353	-5.323
979.328	288.928	1.295	-5.319
979.528	290.977	1.159	-5.324
979.728	293.034	1.843	-5.324
979.928	295.014	1.815	-5.324
980.128	297.140	1.814	-5.324
980.328	299.164	2.592	-5.324
980.528	301.108	2.101	-5.312
980.728	303.209	1.188	-5.320
980.928	305.202	1.125	-5.324
981.128	307.361	1.581	-5.324
981.328	309.338	1.954	-5.324
981.528	311.319	2.422	-5.324
981.728	313.346	2.559	-5.324
981.928	315.435	2.443	-5.299
982.128	317.416	2.436	-5.306
982.328	319.419	2.693	-5.322
982.528	321.539	2.803	-5.323
982.728	323.641	1.663	-5.323
982.928	325.502	1.467	-5.324
983.128	327.697	1.448	-5.324
983.328	329.599	1.657	-5.324
983.528	331.615	2.275	-5.324
983.628	332.773	2.586	-5.324
983.828	334.768	3.347	-5.324
984.028	336.750	2.396	-5.322
984.228	338.776	1.576	-5.324
984.428	340.924	1.541	-5.324
984.628	342.898	1.520	-5.324
984.828	344.891	2.267	-5.324
985.028	346.850	2.558	-5.324
985.128	348.042	3.559	-5.324
985.328	350.006	3.073	-5.324
985.528	351.950	2.711	-5.313
985.728	354.048	2.546	-5.320
985.928	356.041	2.229	-5.313
986.128	358.257	3.196	-5.324
986.328	360.107	3.935	-5.324
986.528	362.243	3.530	-5.324
986.728	364.338	3.583	-5.319
986.928	366.303	2.305	-5.324
987.128	368.273	1.997	-5.324
987.328	370.352	2.737	-5.324
987.528	372.365	2.781	-5.324
987.728	374.361	2.767	-5.324
987.928	376.362	3.337	-5.324
988.128	378.478	3.558	-5.324
988.328	380.533	2.339	-5.322
988.528	382.498	1.949	-5.324
988.728	384.677	1.861	-5.324
988.928	386.585	1.883	-5.324
989.128	388.642	1.885	-5.324
989.328	390.355	3.421	-5.324
989.528	391.323	3.561	-5.324
989.728	391.507	2.994	-5.323
1250.728	0.000	-3.846	0.352
1250.928	0.344	-3.844	0.352
1251.128	1.447	-3.854	0.351
1251.328	3.446	-3.861	0.353
1251.529	5.284	-3.848	0.355
1251.729	7.415	-3.849	0.343
1251.928	9.466	-3.844	0.352
1252.128	11.451	-3.842	0.351
1252.328	13.582	-3.850	0.340
1252.529	15.472	-3.839	0.355
1252.728	17.625	-3.853	0.335
1252.928	19.656	-3.850	0.356
1253.128	21.574	-3.861	0.333
1253.328	23.697	-3.835	0.342
1253.528	25.848	-3.836	0.343
1253.728	27.685	-3.837	0.350
1253.828	28.792	-3.829	0.324
1254.028	30.891	-3.853	0.348
1254.228	32.870	-3.831	0.331
1254.428	34.824	-3.601	-0.657
1254.628	36.896	-3.039	-1.248
1254.828	38.866	-2.827	-4.889
1255.028	41.077	-2.810	-5.324
1255.228	43.052	-2.637	-3.311
1255.428	44.982	-2.812	-2.008
1255.628	47.042	-2.693	-5.111
1255.828	49.023	-2.602	-5.324
1255.928	50.174	-2.416	-3.801
1256.128	52.208	-2.329	-2.677
1256.328	54.101	-2.026	-5.204
1256.528	56.296	-2.013	-5.324
1256.728	58.281	-1.746	-4.794
1256.928	60.233	-1.301	-3.507
1257.128	62.304	-1.067	-3.918
1257.328	64.398	-0.902	-4.018
1257.528	66.405	-1.334	-3.686
1257.728	68.383	-0.948	-4.682
1257.828	69.484	-0.939	-3.810
1258.028	71.415	-1.084	-4.038
1258.128	72.512	-0.899	-4.874
1258.328	74.485	-0.740	-4.931
1258.528	76.631	-1.164	-4.785
1258.728	78.559	-1.061	-5.324
1258.928	80.609	-1.073	-5.324
1259.128	82.602	-0.696	-5.196
1259.228	83.762	-0.510	-5.188
1259.428	85.670	-0.710	-4.552
1259.628	87.804	-0.635	-5.319
1259.828	89.725	-0.635	-5.324
1260.028	91.791	-0.516	-4.674
1260.229	93.917	-0.374	-4.045
1260.428	95.990	-0.739	-4.593
1260.628	97.975	-0.564	-4.928
1260.828	99.929	0.028	-4.368
1261.028	101.965	-0.395	-4.471
1261.228	103.955	-0.463	-4.439
1261.428	106.154	-0.792	-4.407
1261.628	108.120	-0.407	-5.206
1261.828	110.064	-0.224	-5.201
1262.028	112.124	-0.281	-5.153
1262.228	114.251	-0.282	-5.324
1262.428	116.273	-0.266	-5.324
1262.628	118.196	0.028	-5.270
1262.828	120.338	0.182	-5.242
1263.028	122.477	-0.192	-4.941
1263.228	124.323	0.016	-5.323
1263.428	126.466	-0.031	-5.324
1263.628	128.541	0.119	-5.281
1263.828	130.546	0.497	-5.268
1264.028	132.519	-0.073	-4.914
1264.228	134.566	0.167	-5.304
1264.428	136.565	0.191	-5.324
1264.628	138.566	0.144	-5.324
1264.828	140.731	0.581	-5.241
1265.028	142.673	0.658	-5.055
1265.228	144.749	-0.000	-4.888
1265.428	146.729	-0.109	-5.324
1265.628	148.897	-0.242	-5.324
1265.828	150.825	-0.392	-5.324
1266.028	152.804	0.344	-5.204
1266.228	154.867	-0.075	-4.380
1266.428	156.944	-0.309	-4.559
1266.628	158.939	0.448	-5.256
1266.828	160.959	0.593	-5.051
1267.028	162.984	0.427	-5.262
1267.229	164.988	0.425	-5.324
1267.328	166.171	0.409	-5.324
1267.528	168.166	0.386	-5.324
1267.728	170.180	0.690	-5.284
1267.928	172.205	1.016	-5.266
1268.128	174.175	0.531	-4.808
1268.328	176.193	0.216	-5.295
1268.528	178.215	0.230	-5.324
1268.728	180.363	0.231	-5.324
1268.928	182.486	0.604	-4.797
1269.128	184.334	0.451	-4.530
1269.228	185.499	0.038	-4.992
1269.428	187.422	0.466	-5.237
1269.628	189.427	1.084	-4.944
1269.728	190.593	0.481	-5.028
1269.928	192.489	0.542	-5.321
1270.129	194.622	0.530	-5.324
1270.328	196.644	0.524	-5.324
1270.528	198.590	1.065	-5.278
1270.728	200.593	1.376	-5.220
1270.928	202.651	0.930	-5.182
1271.128	204.762	0.942	-5.324
1271.328	206.779	0.917	-5.324
1271.528	208.795	1.250	-5.287
1271.728	210.788	1.527	-5.284
1271.928	212.834	1.224	-4.979
1272.128	214.902	1.153	-5.168
1272.328	216.909	1.061	-5.324
1272.528	219.059	1.025	-5.324
1272.728	221.081	1.066	-5.324
1272.928	223.083	1.796	-5.294
1273.128	225.170	1.305	-5.101
1273.329	227.159	0.900	-5.283
1273.529	229.124	0.883	-5.324
1273.729	231.182	0.693	-5.324
1273.928	233.185	0.669	-5.318
1274.128	235.196	1.641	-5.310
1274.328	237.214	1.266	-5.153
1274.428	238.342	0.666	-5.323
1274.628	240.422	1.204	-5.324
1274.828	242.422	1.282	-5.324
1275.028	244.413	1.266	-5.324
1275.228	246.511	1.978	-5.303
1275.428	248.538	1.478	-5.238
1275.628	250.607	0.788	-5.276
1275.828	252.532	0.666	-5.324
1276.028	254.531	1.017	-5.321
1276.128	255.698	1.631	-5.322
1276.328	257.605	1.825	-5.198
1276.528	259.605	1.676	-5.317
1276.628	260.753	1.601	-5.324
1276.828	262.756	1.605	-5.324
1277.028	264.759	1.552	-5.324
1277.228	266.805	2.208	-5.313
1277.428	268.810	1.981	-5.300
1277.628	270.963	1.385	-5.250
1277.828	272.861	1.325	-5.324
1278.028	274.873	1.289	-5.324
1278.128	276.026	1.253	-5.324
1278.328	277.956	1.499	-5.311
1278.528	279.942	2.094	-5.300
1278.728	282.023	1.173	-5.300
1278.928	284.111	1.071	-5.324
1279.128	286.122	1.152	-5.324
1279.328	288.184	1.887	-5.324
1279.528	290.212	2.751	-5.316
1279.728	292.217	2.354	-5.266
1279.928	294.299	2.813	-5.260
1280.128	296.250	2.246	-5.309
1280.228	297.394	2.749	-5.268
1280.428	299.276	2.778	-5.303
1280.629	301.382	2.590	-5.268
1280.828	303.383	2.100	-5.307
1281.028	305.430	2.841	-5.320
1281.228	307.430	2.457	-5.273
1281.428	309.551	1.490	-5.321
1281.628	311.556	1.323	-5.324
1281.828	313.549	1.322	-5.324
1282.028	315.647	1.319	-5.324
1282.228	317.628	2.764	-5.320
1282.428	319.804	2.632	-5.312
1282.628	321.673	1.828	-5.322
1282.828	323.698	1.521	-5.324
1283.028	325.864	1.509	-5.324
1283.228	327.827	1.508	-5.324
1283.428	329.789	2.407	-5.324
1283.628	331.874	2.755	-5.305
1283.828	333.857	2.597	-5.322
1283.928	335.021	2.468	-5.324
1284.128	336.929	2.355	-5.324
1284.328	338.948	2.367	-5.324
1284.529	341.139	3.009	-5.316
1284.728	343.151	3.321	-5.317
1284.928	345.121	2.432	-5.311
1285.128	347.208	2.688	-5.324
1285.328	349.201	2.618	-5.324
1285.528	351.150	2.587	-5.324
1285.728	353.209	3.289	-5.322
1285.928	355.235	3.064	-5.311
1286.128	357.442	2.565	-5.291
1286.328	359.405	2.769	-5.314
1286.528	361.349	3.296	-5.317
1286.729	363.424	3.691	-5.323
1286.928	365.403	3.231	-5.277
1287.128	367.571	2.506	-5.324
1287.328	369.459	2.587	-5.324
1287.428	370.575	2.799	-5.324
1287.628	372.563	2.865	-5.324
1287.828	374.671	3.522	-5.321
1288.028	376.663	3.549	-5.321
1288.228	378.742	2.908	-5.311
1288.429	380.725	3.003	-5.321
1288.629	382.877	2.844	-5.324
1288.828	384.759	3.928	-5.324
1289.028	386.783	3.658	-5.324
1289.228	388.961	3.031	-5.324
1289.428	390.537	3.894	-5.319
1289.628	391.364	3.180	-5.324
1289.828	391.506	3.056	-5.317
1550.628	0.000	-3.936	0.003
1550.829	0.032	-3.963	-0.009
1551.028	0.642	-3.938	0.012
1551.228	1.978	-3.941	-0.002
1551.428	4.024	-3.939	0.018
1551.629	6.019	-3.936	0.005
1551.829	7.980	-3.931	0.022
1552.028	10.102	-3.940	0.035
1552.229	12.120	-3.963	0.010
1552.429	14.178	-3.935	0.037
1552.629	16.193	-3.967	-0.007
1552.829	18.186	-3.937	0.022
1553.028	20.213	-3.980	0.007
1553.229	22.231	-3.952	0.019
1553.328	23.332	-3.970	-0.006
1553.529	25.387	-3.968	-0.015
1553.729	27.352	-3.954	-0.015
1553.928	29.366	-3.941	0.002
1554.129	31.383	-3.954	-0.012
1554.229	32.484	-3.950	-0.004
1554.429	34.555	-3.928	0.007
1554.629	36.556	-2.695	-2.497
1554.829	38.528	-2.774	-3.459
1555.028	40.582	-2.726	-5.324
1555.229	42.569	-2.595	-4.553
1555.429	44.601	-2.679	-2.319
1555.629	46.788	-2.734	-2.441
1555.828	48.732	-2.490	-2.471
1556.029	50.816	-2.089	-3.916
1556.229	52.795	-1.781	-5.324
1556.328	53.852	-1.678	-5.324
1556.528	55.938	-1.356	-4.610
1556.728	57.857	-1.742	-3.132
1556.928	59.922	-1.637	-3.966
1557.128	61.880	-1.058	-3.639
1557.228	63.009	-1.079	-3.620
1557.428	65.004	-0.712	-3.978
1557.628	67.001	-0.516	-3.833
1557.829	69.025	-0.939	-4.678
1558.028	71.111	-0.793	-5.324
1558.228	73.094	-0.771	-5.113
1558.428	75.231	-0.962	-4.042
1558.628	77.233	-1.112	-5.208
1558.828	79.201	-1.099	-5.324
1559.028	81.302	-0.855	-5.232
1559.228	83.283	-0.716	-4.448
1559.328	84.356	-0.616	-4.141
1559.528	86.418	-0.835	-4.382
1559.729	88.344	-0.667	-3.960
1559.929	90.404	-0.795	-4.261
1560.129	92.532	-0.781	-4.219
1560.329	94.529	-0.584	-4.852
1560.529	96.563	0.073	-4.708
1560.728	98.562	-0.119	-5.294
1560.929	100.609	-0.105	-5.324
1561.129	102.691	0.036	-5.283
1561.328	104.668	0.378	-5.199
1561.529	106.814	-0.422	-5.020
1561.729	108.799	-0.416	-5.324
1561.929	110.762	0.024	-5.324
1562.129	112.864	0.412	-5.215
1562.329	114.839	0.213	-4.191
1562.528	116.885	-0.130	-4.730
1562.729	118.991	0.122	-5.091
1562.929	120.934	-0.086	-4.839
1563.129	123.040	-0.025	-5.324
1563.329	125.010	0.235	-5.324
1563.529	127.160	0.586	-5.207
1563.729	129.080	0.735	-4.663
1563.928	131.145	0.292	-4.689
1564.128	133.144	0.742	-5.176
1564.329	135.217	0.184	-4.723
1564.529	137.222	-0.033	-5.274
1564.729	139.269	0.047	-5.324
1564.929	141.312	0.087	-5.296
1565.129	143.293	0.779	-4.915
1565.329	145.299	0.592	-4.543
1565.429	146.451	0.464	-4.790
1565.628	148.508	0.458	-5.043
1565.829	150.415	0.711	-4.685
1566.029	152.535	0.845	-4.778
1566.229	154.594	0.583	-4.761
1566.429	156.597	1.052	-5.095
1566.629	158.531	0.606	-4.864
1566.829	160.628	1.076	-4.516
1567.029	162.631	0.654	-4.834
1567.228	164.755	1.154	-4.712
1567.429	166.718	1.251	-4.981
1567.628	168.724	0.606	-4.473
1567.829	170.761	0.827	-5.099
1568.029	172.762	0.659	-4.749
1568.129	173.883	0.271	-5.075
1568.329	175.970	0.332	-5.324
1568.529	177.939	0.252	-5.324
1568.728	180.026	0.566	-5.206
1568.929	181.927	0.883	-5.081
1569.028	183.048	0.998	-4.918
1569.229	185.115	0.786	-5.272
1569.429	187.075	0.713	-5.324
1569.628	189.208	0.750	-5.324
1569.829	191.112	1.258	-5.214
1570.029	193.110	1.000	-5.010
1570.128	194.216	0.584	-4.947
1570.328	196.304	0.551	-5.324
1570.529	198.301	0.727	-5.324
1570.729	200.432	0.830	-5.279
1570.929	202.423	1.362	-5.127
1571.129	204.389	0.649	-4.717
1571.328	206.491	0.004	-4.985
1571.529	208.467	-0.043	-5.324
1571.728	210.584	-0.012	-5.324
1571.929	212.509	0.410	-4.910
1572.129	214.475	-0.008	-4.768
1572.329	216.689	0.456	-5.108
1572.529	218.655	0.066	-5.057
1572.729	220.615	-0.123	-5.324
1572.929	222.724	-0.115	-5.324
1573.129	224.725	-0.125	-5.324
1573.328	226.876	0.543	-4.781
1573.529	228.731	0.443	-4.796
1573.728	230.746	1.099	-4.835
1573.828	231.912	0.632	-5.081
1574.028	233.807	1.025	-5.222
1574.128	234.916	0.778	-5.257
1574.330	236.981	1.733	-5.174
1574.529	239.002	1.663	-5.288
1574.729	240.928	1.543	-5.324
1574.929	243.037	1.517	-5.324
1575.129	244.996	1.966	-5.299
1575.228	246.146	2.124	-5.285
1575.429	248.173	1.667	-5.123
1575.628	250.154	1.720	-5.231
1575.828	252.170	1.646	-5.324
1576.028	254.226	2.317	-5.304
1576.229	256.227	1.938	-5.237
1576.429	258.302	1.040	-5.287
1576.629	260.316	1.020	-5.324
1576.829	262.319	1.003	-5.324
1577.029	264.414	2.182	-5.298
1577.229	266.407	2.473	-5.251
1577.429	268.595	2.183	-4.932
1577.629	270.489	1.727	-5.174
1577.829	272.521	2.069	-5.208
1578.028	274.501	2.298	-5.198
1578.228	276.522	2.065	-5.320
1578.329	277.638	2.033	-5.324
1578.528	279.718	2.031	-5.324
1578.729	281.712	2.309	-5.315
1578.929	283.664	2.741	-5.298
1579.129	285.790	1.960	-5.226
1579.328	287.797	1.584	-5.286
1579.529	289.804	1.863	-5.301
1579.728	291.872	2.142	-5.246
1579.929	293.873	2.134	-5.323
1580.128	295.909	2.083	-5.324
1580.328	297.953	2.667	-5.307
1580.528	299.959	2.559	-5.289
1580.728	301.994	1.857	-5.273
1580.928	304.068	1.813	-5.324
1581.129	306.216	2.083	-5.324
1581.329	308.097	2.374	-5.309
1581.529	310.098	2.816	-5.292
1581.628	311.251	2.411	-5.297
1581.829	313.144	1.637	-5.311
1582.028	315.304	1.598	-5.324
1582.228	317.302	2.392	-5.324
1582.428	319.395	2.464	-5.324
1582.629	321.381	3.251	-5.297
1582.829	323.528	2.526	-5.254
1583.029	325.351	1.684	-5.321
1583.129	326.480	2.001	-5.324
1583.329	328.586	2.508	-5.324
1583.529	330.563	2.500	-5.324
1583.729	332.521	3.349	-5.282
1583.928	334.633	3.089	-5.233
1584.129	336.602	2.501	-5.207
1584.328	338.603	2.637	-5.310
1584.528	340.626	2.838	-5.281
1584.729	342.733	2.745	-5.321
1584.929	344.814	2.668	-5.257
1585.129	346.830	2.184	-5.322
1585.328	348.752	2.123	-5.324
1585.529	350.781	2.087	-5.324
1585.728	352.940	2.526	-5.282
1585.929	354.977	2.934	-5.287
1586.128	356.993	3.113	-5.315
1586.328	358.968	3.158	-5.298
1586.529	360.992	3.183	-5.308
1586.729	363.016	3.971	-5.277
1586.928	365.066	3.462	-5.298
1587.129	367.068	4.032	-5.279
1587.228	368.176	3.307	-5.297
1587.429	370.192	2.942	-5.320
1587.629	372.201	2.786	-5.324
1587.829	374.294	2.753	-5.324
1588.029	376.371	2.775	-5.324
1588.228	378.363	3.691	-5.306
1588.428	380.286	3.207	-5.263
1588.629	382.343	2.490	-5.280
1588.829	384.361	2.343	-5.324
1588.928	385.518	2.285	-5.324
1589.128	387.520	2.339	-5.324
1589.329	389.457	3.049	-5.286
1589.528	390.856	3.794	-5.243
1589.728	391.475	2.988	-5.309
1589.828	391.506	3.414	-5.249
1850.829	0.000	-3.931	-0.058
1851.029	0.432	-3.926	-0.037
1851.228	1.695	-3.907	-0.027
1851.428	3.554	-3.953	-0.045
1851.629	5.593	-3.929	-0.023
1851.829	7.714	-3.943	-0.053
1852.029	9.795	-3.940	-0.038
1852.229	11.779	-3.959	-0.064
1852.429	13.724	-3.928	-0.048
1852.629	15.789	-3.949	-0.078
1852.829	17.887	-3.925	-0.065
1853.029	19.917	-3.949	-0.076
1853.229	21.884	-3.909	-0.058
1853.429	24.015	-3.933	-0.068
1853.629	26.025	-3.923	-0.050
1853.829	27.981	-3.936	-0.062
1854.029	30.007	-3.929	-0.060
1854.229	32.042	-3.940	-0.063
1854.429	34.105	-3.947	-0.067
1854.629	36.179	-2.822	-2.022
1854.829	38.187	-2.945	-4.774
1855.029	40.146	-2.674	-4.562
1855.229	42.228	-2.777	-2.206
1855.429	44.206	-2.712	-4.629
1855.529	45.368	-2.663	-5.324
1855.729	47.384	-2.691	-2.773
1855.929	49.400	-2.558	-4.532
1856.129	51.379	-1.736	-4.737
1856.329	53.473	-1.545	-3.087
1856.529	55.456	-1.375	-3.741
1856.729	57.440	-1.699	-4.310
1856.929	59.545	-1.452	-5.324
1857.129	61.660	-0.626	-4.286
1857.329	63.646	-0.574	-3.564
1857.528	65.733	-0.374	-3.992
1857.728	67.682	-0.151	-4.205
1857.929	69.679	-0.557	-4.115
1858.129	71.704	-0.665	-5.324
1858.329	73.718	-0.508	-4.690
1858.529	75.848	-0.596	-4.556
1858.729	77.948	0.106	-4.425
1858.929	79.896	0.098	-4.752
1859.129	81.845	0.091	-4.956
1859.329	84.020	-0.365	-4.542
1859.529	85.952	-0.315	-5.185
1859.729	88.016	-0.114	-4.545
1859.929	89.999	-0.016	-4.846
1860.028	91.160	0.396	-4.589
1860.229	93.072	0.297	-4.978
1860.429	95.088	0.122	-4.851
1860.629	97.294	0.509	-5.269
1860.829	99.139	-0.028	-5.011
1861.029	101.221	-0.174	-5.324
1861.229	103.232	0.058	-4.992
1861.429	105.264	-0.166	-5.108
1861.629	107.386	-0.168	-5.324
1861.829	109.463	0.126	-4.534
1862.029	111.456	0.048	-4.653
1862.229	113.440	-0.030	-4.623
1862.429	115.446	-0.033	-4.944
1862.629	117.459	0.470	-4.811
1862.829	119.666	0.711	-5.216
1863.029	121.669	0.580	-4.830
1863.229	123.639	0.748	-5.248
1863.429	125.758	0.608	-4.843
1863.629	127.823	0.068	-5.006
1863.829	129.816	0.015	-5.324
1864.029	131.751	0.172	-4.522
1864.229	133.742	0.748	-4.699
1864.329	134.903	0.423	-5.096
1864.529	136.805	0.499	-4.975
1864.729	138.937	0.604	-5.103
1864.929	140.968	0.346	-5.265
1865.129	142.963	0.275	-5.324
1865.329	144.967	0.722	-5.290
1865.529	147.042	0.752	-4.970
1865.729	149.023	0.404	-5.311
1865.929	151.210	0.385	-5.324
1866.129	153.074	0.957	-5.222
1866.329	155.198	0.546	-5.080
1866.529	157.244	0.770	-5.324
1866.729	159.157	0.796	-5.304
1866.929	161.314	1.278	-5.179
1867.129	163.225	0.566	-5.056
1867.329	165.300	0.802	-5.324
1867.529	167.316	1.403	-5.232
1867.729	169.360	0.842	-4.878
1867.929	171.405	0.597	-5.307
1868.129	173.407	0.918	-5.227
1868.329	175.509	1.411	-4.850
1868.429	176.465	1.006	-4.992
1868.529	177.609	1.656	-5.145
1868.729	179.644	1.156	-5.033
1868.929	181.638	0.488	-5.195
1869.129	183.663	0.324	-5.324
1869.329	185.706	0.529	-5.292
1869.529	187.718	0.838	-5.197
1869.728	189.753	1.007	-5.142
1869.929	191.848	0.760	-5.324
1870.129	193.833	1.106	-5.245
1870.329	195.975	1.262	-5.154
1870.529	197.810	1.342	-5.075
1870.729	199.944	1.199	-5.324
1870.929	202.061	1.234	-5.324
1871.129	204.073	2.107	-5.240
1871.328	205.947	0.964	-5.130
1871.529	207.983	0.577	-5.324
1871.729	210.117	0.846	-5.299
1871.929	212.144	1.216	-5.203
1872.129	214.167	1.463	-5.017
1872.329	216.152	1.173	-5.324
1872.529	218.196	1.113	-5.324
1872.729	220.270	1.592	-5.234
1872.928	222.221	1.269	-5.207
1873.129	224.443	1.612	-5.317
1873.329	226.294	1.528	-5.324
1873.428	227.422	2.018	-5.283
1873.629	229.345	2.059	-5.294
1873.829	231.378	1.083	-5.273
1873.929	232.497	0.926	-5.324
1874.129	234.610	1.045	-5.324
1874.329	236.615	2.265	-5.290
1874.528	238.493	1.713	-5.257
1874.729	240.667	1.266	-5.318
1874.929	242.672	1.143	-5.324
1875.129	244.663	2.226	-5.283
1875.329	246.679	2.054	-5.224
1875.529	248.807	1.172	-5.289
1875.729	250.918	1.706	-5.324
1875.929	252.773	2.491	-5.308
1876.129	254.868	2.330	-5.072
1876.329	256.913	2.028	-5.281
1876.529	258.914	2.343	-5.229
1876.729	260.902	2.664	-5.290
1876.929	262.983	2.751	-5.227
1877.129	264.982	2.188	-5.181
1877.229	266.131	1.533	-5.317
1877.429	267.999	1.914	-5.266
1877.529	269.101	1.450	-5.303
1877.729	271.133	1.462	-5.288
1877.929	273.091	1.479	-5.304
1878.029	274.225	2.260	-5.324
1878.229	276.216	2.109	-5.324
1878.429	278.191	2.275	-5.320
1878.629	280.203	2.880	-5.318
1878.829	282.246	2.186	-5.224
1879.029	284.366	1.672	-5.324
1879.229	286.332	2.195	-5.239
1879.430	288.476	2.082	-5.240
1879.629	290.541	2.169	-5.296
1879.829	292.543	3.037	-5.310
1880.029	294.522	3.137	-5.264
1880.230	296.534	2.847	-5.303
1880.430	298.548	2.967	-5.243
1880.628	300.570	1.909	-5.324
1880.829	302.704	2.164	-5.321
1881.029	304.678	3.166	-5.315
1881.229	306.664	2.705	-5.295
1881.429	308.821	2.555	-5.324
1881.629	310.795	2.434	-5.324
1881.829	312.892	3.189	-5.323
1882.029	314.877	2.699	-5.279
1882.229	316.999	2.461	-5.303
1882.430	318.961	2.227	-5.299
1882.629	320.968	2.614	-5.297
1882.829	322.983	2.461	-5.319
1883.029	324.996	2.891	-5.282
1883.230	327.117	2.230	-5.319
1883.429	329.228	2.090	-5.324
1883.629	331.169	2.525	-5.317
1883.829	333.122	2.523	-5.290
1884.029	335.283	2.694	-5.308
1884.229	337.219	2.776	-5.324
1884.429	339.282	3.735	-5.317
1884.629	341.268	2.944	-5.289
1884.829	343.435	2.315	-5.324
1885.029	345.343	2.417	-5.324
1885.229	347.394	3.475	-5.294
1885.429	349.390	3.712	-5.323
1885.629	351.465	3.494	-5.317
1885.829	353.479	2.790	-5.320
1886.029	355.534	2.474	-5.324
1886.229	357.567	3.166	-5.319
1886.429	359.557	3.064	-5.315
1886.629	361.768	2.170	-5.307
1886.829	363.773	2.781	-5.313
1887.028	365.764	2.906	-5.309
1887.229	367.781	2.476	-5.324
1887.429	369.767	2.808	-5.321
1887.629	371.952	3.269	-5.315
1887.829	373.946	3.416	-5.319
1888.029	375.919	4.145	-5.319
1888.229	378.012	3.694	-5.314
1888.429	380.083	3.889	-5.300
1888.629	382.067	4.086	-5.320
1888.829	383.976	3.129	-5.320
1889.029	386.116	3.281	-5.323
1889.229	388.139	3.787	-5.282
1889.429	390.035	3.716	-5.319
1889.629	391.149	3.642	-5.305
1889.829	391.507	3.512	-5.317
2150.829	0.000	-3.896	0.498
2151.029	0.060	-3.870	0.531
2151.129	0.340	-3.843	0.537
2151.329	1.510	-3.861	0.518
2151.529	3.353	-3.843	0.554
2151.629	4.480	-3.844	0.502
2151.829	6.465	-3.856	0.526
2152.029	8.571	-3.817	0.560
2152.229	10.513	-3.861	0.528
2152.328	11.600	-3.834	0.568
2152.529	13.595	-3.862	0.519
2152.729	15.607	-3.851	0.538
2152.929	17.713	-3.863	0.521
2153.129	19.759	-3.858	0.527
2153.329	21.754	-3.839	0.530
2153.529	23.730	-3.853	0.509
2153.729	25.763	-3.836	0.535
2153.929	27.769	-3.827	0.530
2154.129	29.815	-3.854	0.517
2154.329	31.999	-3.851	0.492
2154.529	33.941	-3.864	0.495
2154.729	36.039	-2.851	-2.700
2154.929	38.000	-2.754	-2.979
2155.129	40.104	-2.699	-4.948
2155.329	42.018	-2.614	-2.652
2155.429	43.126	-2.632	-5.244
2155.629	45.191	-2.609	-4.531
2155.829	47.164	-2.492	-2.270
2156.029	49.320	-2.379	-2.544
2156.229	51.203	-1.904	-2.434
2156.429	53.198	-1.506	-3.634
2156.529	54.365	-1.423	-3.478
2156.729	56.279	-1.328	-3.708
2156.929	58.298	-1.262	-3.570
2157.129	60.341	-1.163	-4.935
2157.329	62.362	-1.085	-3.857
2157.429	63.470	-0.913	-5.324
2157.629	65.556	-0.597	-4.729
2157.829	67.541	-0.609	-4.589
2158.029	69.492	-0.451	-5.234
2158.229	71.580	-0.509	-4.743
2158.429	73.553	-0.799	-5.159
2158.629	75.767	-0.221	-4.814
2158.829	77.753	-0.149	-5.001
2159.029	79.758	-0.034	-4.340
2159.229	81.869	-0.160	-4.895
2159.429	83.724	-0.326	-4.245
2159.629	85.765	0.373	-4.651
2159.829	87.800	0.005	-4.557
2160.029	89.826	-0.027	-4.746
2160.129	91.000	0.300	-4.376
2160.329	92.903	0.073	-5.236
2160.529	95.038	0.260	-5.294
2160.729	97.065	0.219	-4.544
2160.929	99.086	-0.219	-4.786
2161.129	101.133	0.148	-5.105
2161.329	103.163	0.080	-5.012
2161.529	105.135	0.031	-5.003
2161.729	107.294	0.141	-4.735
2161.929	109.185	-0.033	-4.728
2162.129	111.302	0.407	-5.246
2162.329	113.349	0.131	-5.064
2162.529	115.269	0.143	-5.299
2162.729	117.351	0.466	-5.042
2162.929	119.322	0.796	-5.232
2163.129	121.391	0.768	-4.514
2163.329	123.386	0.432	-4.985
2163.529	125.625	0.726	-4.738
2163.729	127.606	0.766	-5.091
2163.929	129.569	0.760	-4.797
2164.129	131.646	0.841	-4.950
2164.329	133.622	0.980	-5.043
2164.529	135.604	0.637	-4.682
2164.729	137.761	0.836	-4.684
2164.929	139.694	0.651	-4.837
2165.129	141.745	-0.064	-4.851
2165.329	143.857	0.673	-4.808
2165.529	145.897	0.779	-5.206
2165.729	147.802	0.833	-5.308
2165.929	149.883	0.942	-5.077
2166.129	151.889	0.519	-5.252
2166.329	153.971	0.827	-5.306
2166.529	155.987	1.033	-5.044
2166.729	158.028	0.591	-5.043
2166.929	160.064	1.052	-5.305
2167.129	162.042	0.492	-5.189
2167.329	164.087	0.535	-5.221
2167.529	166.138	0.641	-4.876
2167.629	167.278	0.241	-5.281
2167.829	169.284	0.715	-5.012
2168.029	171.269	1.286	-5.225
2168.229	173.269	1.566	-5.132
2168.429	175.274	1.116	-5.188
2168.629	177.418	1.096	-5.053
2168.829	179.539	1.468	-5.183
2169.029	181.398	1.292	-5.196
2169.229	183.581	1.419	-5.176
2169.429	185.515	1.215	-5.324
2169.629	187.517	1.440	-5.320
2169.829	189.690	1.730	-5.247
2170.029	191.583	1.495	-5.252
2170.229	193.569	1.965	-5.261
2170.329	194.709	1.730	-5.210
2170.529	196.737	1.772	-5.320
2170.729	198.660	1.514	-5.052
2170.929	200.737	1.451	-5.135
2171.129	202.856	1.194	-5.155
2171.329	204.866	1.719	-5.232
2171.529	206.895	1.349	-5.324
2171.729	208.913	1.521	-5.322
2171.929	210.922	2.011	-5.243
2172.129	212.902	1.360	-5.295
2172.229	214.030	1.667	-5.302
2172.429	216.136	1.239	-5.304
2172.629	218.129	1.755	-5.299
2172.829	220.104	1.576	-5.324
2173.029	222.177	2.200	-5.323
2173.229	224.153	1.461	-5.302
2173.429	226.245	1.178	-5.320
2173.629	228.168	1.513	-5.319
2173.829	230.279	1.500	-5.316
2174.029	232.343	1.657	-5.285
2174.229	234.290	1.445	-5.262
2174.429	236.444	1.659	-5.283
2174.629	238.354	2.086	-5.291
2174.829	240.489	2.317	-5.245
2175.029	242.444	1.337	-5.321
2175.129	243.555	1.036	-5.324
2175.329	245.533	1.585	-5.324
2175.529	247.652	2.054	-5.304
2175.729	249.634	1.863	-5.302
2175.929	251.583	1.608	-5.279
2176.129	253.664	1.789	-5.261
2176.329	255.644	1.455	-5.294
2176.429	256.723	1.618	-5.286
2176.629	258.775	2.646	-5.301
2176.829	260.707	2.269	-5.323
2177.029	262.756	2.567	-5.322
2177.229	264.868	3.070	-5.324
2177.429	266.851	3.098	-5.323
2177.629	268.878	2.812	-5.322
2177.829	271.015	3.330	-5.313
2178.029	272.918	3.075	-5.322
2178.229	274.999	2.560	-5.310
2178.429	276.995	1.913	-5.324
2178.629	279.117	3.058	-5.316
2178.829	281.117	2.491	-5.322
2179.029	283.294	2.968	-5.322
2179.229	285.172	2.164	-5.324
2179.429	287.289	2.761	-5.315
2179.629	289.247	2.766	-5.319
2179.729	290.329	3.196	-5.303
2179.929	292.265	2.857	-5.322
2180.129	294.344	2.285	-5.324
2180.329	296.322	2.000	-5.319
2180.429	297.473	2.644	-5.293
2180.629	299.369	1.718	-5.324
2180.829	301.511	1.947	-5.320
2181.029	303.545	2.201	-5.305
2181.229	305.469	2.386	-5.322
2181.329	306.595	2.184	-5.318
2181.529	308.736	2.256	-5.315
2181.729	310.560	2.084	-5.323
2181.929	312.702	3.216	-5.323
2182.129	314.795	2.676	-5.324
2182.329	316.793	3.082	-5.324
2182.529	318.748	2.374	-5.324
2182.729	320.856	2.700	-5.324
2182.929	322.818	3.161	-5.322
2183.129	324.801	3.048	-5.324
2183.329	326.979	3.129	-5.324
2183.529	328.930	3.155	-5.324
2183.729	331.006	2.807	-5.324
2183.929	333.010	3.340	-5.324
2184.129	335.137	3.674	-5.319
2184.329	337.100	3.154	-5.324
2184.529	339.121	3.511	-5.324
2184.729	341.178	3.071	-5.324
2184.929	343.212	2.630	-5.324
2185.129	345.207	3.184	-5.324
2185.329	347.251	3.341	-5.324
2185.529	349.235	2.751	-5.324
2185.729	351.247	3.041	-5.324
2185.929	353.282	2.913	-5.324
2186.129	355.412	3.179	-5.324
2186.329	357.424	3.444	-5.324
2186.529	359.449	3.168	-5.324
2186.729	361.463	3.835	-5.324
2186.929	363.499	3.582	-5.324
2187.129	365.577	2.868	-5.324
2187.329	367.608	3.462	-5.324
2187.529	369.748	3.064	-5.324
2187.729	371.596	4.170	-5.324
2187.929	373.735	3.926	-5.324
2188.129	375.827	4.162	-5.324
2188.329	377.827	4.001	-5.324
2188.529	379.811	3.814	-5.320
2188.729	381.773	3.205	-5.319
2188.929	383.896	4.220	-5.323
2189.129	385.919	4.069	-5.324
2189.329	387.939	3.569	-5.324
2189.529	389.841	2.907	-5.324
2189.729	391.064	3.937	-5.324
2189.929	391.507	3.977	-5.324
2450.929	0.000	-3.842	0.540
2451.129	0.002	-3.835	0.557
2451.329	0.590	-3.856	0.507
2451.529	1.956	-3.819	0.591
2451.729	3.831	-3.839	0.527
2451.929	5.885	-3.841	0.598
2452.129	7.951	-3.867	0.538
2452.329	9.954	-3.828	0.597
2452.529	11.958	-3.863	0.517
2452.629	13.063	-3.849	0.544
2452.829	15.130	-3.843	0.512
2453.029	17.199	-3.830	0.550
2453.229	19.160	-3.828	0.515
2453.430	21.223	-3.834	0.551
2453.629	23.205	-3.844	0.499
2453.829	25.197	-3.844	0.536
2454.029	27.218	-3.842	0.527
2454.229	29.341	-3.857	0.496
2454.429	31.418	-3.833	0.553
2454.629	33.420	-3.834	0.482
2454.829	35.385	-3.312	-1.412
2455.029	37.371	-2.747	-5.082
2455.129	38.481	-2.655	-3.177
2455.329	40.544	-2.729	-2.351
2455.529	42.507	-2.753	-2.487
2455.729	44.639	-2.729	-5.036
2455.929	46.534	-2.588	-3.429
2456.029	47.641	-2.461	-3.182
2456.229	49.642	-2.274	-3.806
2456.329	50.732	-2.001	-3.163
2456.529	52.718	-1.811	-3.969
2456.729	54.844	-1.539	-3.553
2456.929	56.813	-1.684	-3.718
2457.129	58.769	-1.504	-3.842
2457.329	60.861	-1.250	-3.985
2457.529	62.812	-1.226	-4.317
2457.629	63.929	-0.498	-5.154
2457.829	65.993	-0.172	-4.674
2458.029	67.937	-0.401	-4.874
2458.229	70.008	-0.349	-4.636
2458.429	71.971	-0.350	-5.286
2458.529	73.134	-0.375	-5.324
2458.729	75.139	-0.021	-5.190
2458.929	77.141	-0.355	-4.760
2459.129	79.174	-0.500	-5.318
2459.329	81.119	-0.286	-4.835
2459.529	83.272	-0.556	-5.304
2459.729	85.180	-0.449	-5.181
2459.929	87.376	-0.167	-4.785
2460.129	89.340	0.291	-5.054
2460.329	91.442	0.421	-5.038
2460.529	93.432	-0.110	-5.214
2460.729	95.544	0.025	-5.105
2460.929	97.470	0.141	-4.974
2461.129	99.452	0.173	-5.138
2461.329	101.457	0.531	-5.227
2461.529	103.642	0.351	-5.312
2461.729	105.584	0.225	-5.324
2461.929	107.691	0.633	-5.318
2462.129	109.743	0.485	-5.089
2462.329	111.752	-0.029	-5.316
2462.529	113.674	0.235	-5.201
2462.729	115.817	0.476	-5.166
2462.929	117.862	0.226	-5.203
2463.129	119.908	0.518	-5.175
2463.329	121.902	0.560	-5.324
2463.529	123.937	0.468	-5.324
2463.729	125.941	1.120	-5.292
2463.929	127.944	0.721	-5.278
2464.129	129.993	0.769	-5.324
2464.329	132.002	1.089	-5.318
2464.529	134.167	1.107	-5.158
2464.729	136.052	0.417	-5.303
2464.929	138.083	0.750	-5.319
2465.129	140.286	1.208	-5.264
2465.329	142.219	1.078	-4.906
2465.529	144.214	0.830	-5.096
2465.729	146.293	0.655	-5.247
2465.929	148.357	1.015	-4.950
2466.129	150.374	1.148	-5.024
2466.329	152.440	0.471	-5.263
2466.529	154.483	0.731	-5.097
2466.729	156.489	0.728	-5.045
2466.929	158.480	0.546	-5.074
2467.029	159.577	0.753	-5.229
2467.230	161.530	1.606	-5.207
2467.429	163.616	1.060	-5.217
2467.629	165.620	0.783	-5.324
2467.829	167.594	1.075	-5.121
2468.029	169.712	1.026	-5.203
2468.229	171.732	0.809	-5.280
2468.429	173.677	0.479	-5.324
2468.629	175.746	1.140	-5.217
2468.829	177.793	0.493	-5.324
2469.029	179.792	0.774	-5.278
2469.229	181.899	0.991	-5.184
2469.429	183.886	1.108	-5.229
2469.629	186.079	1.116	-5.231
2469.829	187.962	2.024	-5.290
2470.029	189.964	1.597	-5.301
2470.229	192.185	2.087	-5.307
2470.429	194.162	1.787	-5.253
2470.629	196.136	1.506	-5.316
2470.829	198.216	1.396	-5.226
2471.029	200.201	1.863	-5.239
2471.229	202.190	1.415	-5.269
2471.429	204.269	0.937	-5.322
2471.629	206.276	1.539	-5.278
2471.829	208.376	1.235	-5.288
2472.029	210.305	2.129	-5.308
2472.229	212.446	1.758	-5.324
2472.429	214.472	1.859	-5.324
2472.629	216.489	2.399	-5.305
2472.829	218.480	1.553	-5.303
2473.029	220.559	1.429	-5.312
2473.229	222.536	1.845	-5.285
2473.329	223.669	1.556	-5.314
2473.529	225.677	1.145	-5.324
2473.729	227.637	1.717	-5.308
2473.929	229.635	2.185	-5.291
2474.129	231.699	2.797	-5.321
2474.329	233.704	1.895	-5.303
2474.529	235.816	2.018	-5.324
2474.729	237.835	2.591	-5.324
2474.929	239.816	2.746	-5.304
2475.129	241.892	2.454	-5.324
2475.329	243.871	2.347	-5.278
2475.429	245.037	2.304	-5.298
2475.629	247.040	2.612	-5.311
2475.829	249.002	2.490	-5.301
2476.029	251.081	1.913	-5.321
2476.229	253.044	2.168	-5.297
2476.329	254.183	1.844	-5.323
2476.529	256.197	1.550	-5.324
2476.729	258.168	2.161	-5.309
2476.929	260.167	1.769	-5.315
2477.129	262.192	1.901	-5.294
2477.329	264.328	2.103	-5.298
2477.529	266.280	2.175	-5.307
2477.729	268.319	2.963	-5.305
2477.929	270.511	3.322	-5.324
2478.129	272.389	3.609	-5.320
2478.329	274.501	3.293	-5.321
2478.529	276.528	2.707	-5.324
2478.729	278.534	3.722	-5.314
2478.929	280.573	3.551	-5.324
2479.129	282.570	3.314	-5.324
2479.329	284.668	3.600	-5.324
2479.529	286.660	2.659	-5.324
2479.729	288.642	2.967	-5.324
2479.929	290.754	3.436	-5.323
2480.129	292.837	3.054	-5.322
2480.329	294.838	2.786	-5.324
2480.529	296.783	2.397	-5.323
2480.729	298.814	2.427	-5.316
2480.929	300.851	1.748	-5.322
2481.029	302.021	3.240	-5.321
2481.229	303.880	2.552	-5.324
2481.329	304.990	2.035	-5.324
2481.529	307.017	2.930	-5.324
2481.729	309.049	2.034	-5.324
2481.929	311.013	2.338	-5.324
2482.129	313.092	2.856	-5.310
2482.329	315.174	2.872	-5.324
2482.529	317.181	3.673	-5.324
2482.729	319.184	3.352	-5.324
2482.929	321.305	3.653	-5.321
2483.129	323.375	2.993	-5.324
2483.329	325.388	3.682	-5.324
2483.529	327.357	3.675	-5.317
2483.729	329.348	2.562	-5.324
2483.929	331.360	2.400	-5.324
2484.029	332.528	3.999	-5.323
2484.229	334.410	3.301	-5.324
2484.329	335.519	2.440	-5.324
2484.529	337.538	3.525	-5.324
2484.729	339.558	3.763	-5.324
2484.929	341.554	3.049	-5.324
2485.129	343.744	3.371	-5.324
2485.329	345.601	4.027	-5.324
2485.429	346.740	3.544	-5.323
2485.629	348.744	3.231	-5.324
2485.829	350.717	3.643	-5.323
2486.029	352.740	3.483	-5.324
2486.229	354.746	4.289	-5.324
2486.329	355.875	4.392	-5.316
2486.529	357.982	3.080	-5.324
2486.729	360.045	4.203	-5.324
2486.929	362.033	4.224	-5.324
2487.129	363.963	4.129	-5.324
2487.329	365.963	2.810	-5.324
2487.529	368.151	3.766	-5.324
2487.729	370.049	4.372	-5.324
2487.930	372.041	3.685	-5.324
2488.029	373.204	4.284	-5.324
2488.229	375.196	4.498	-5.323
2488.429	377.208	4.283	-5.324
2488.629	379.264	4.005	-5.324
2488.829	381.243	3.363	-5.324
2489.029	383.236	3.789	-5.324
2489.229	385.310	3.051	-5.324
2489.429	387.300	3.305	-5.323
2489.529	388.467	3.244	-5.324
2489.729	390.250	4.685	-5.324
2489.929	391.263	3.906	-5.324
2490.129	391.507	2.772	-5.324
2751.130	0.000	-3.847	0.561
2751.329	0.436	-3.823	0.588
2751.530	1.753	-3.835	0.423
2751.729	3.787	-3.825	0.481
2751.929	5.736	-3.843	0.461
2752.129	7.689	-3.831	0.483
2752.329	9.777	-3.848	0.458
2752.530	11.760	-3.834	0.481
2752.729	13.851	-3.844	0.478
2752.930	15.942	-3.801	0.504
2753.129	17.888	-3.828	0.528
2753.329	19.947	-3.835	0.534
2753.529	21.914	-3.840	0.511
2753.629	23.058	-3.849	0.495
2753.830	24.940	-3.835	0.503
2754.029	27.069	-3.839	0.522
2754.229	29.051	-3.857	0.452
2754.329	30.158	-3.851	0.480
2754.529	32.151	-3.826	0.521
2754.729	34.273	-3.829	0.508
2754.929	36.260	-2.801	-4.000
2755.129	38.218	-2.742	-2.685
2755.329	40.300	-2.642	-5.036
2755.529	42.265	-2.639	-2.981
2755.629	43.380	-2.735	-3.657
2755.829	45.438	-2.593	-3.095
2756.029	47.378	-2.680	-3.595
2756.229	49.424	-2.354	-4.138
2756.430	51.387	-1.853	-4.475
2756.529	52.536	-1.667	-3.535
2756.729	54.562	-1.587	-4.813
2756.930	56.565	-1.509	-3.940
2757.129	58.590	-1.423	-5.196
2757.329	60.663	-0.764	-4.183
2757.529	62.634	-0.864	-4.850
2757.730	64.762	-0.870	-4.760
2757.929	66.760	-0.855	-5.255
2758.129	68.721	-0.332	-4.721
2758.329	70.810	-0.397	-5.084
2758.529	72.789	-0.152	-5.282
2758.629	73.918	-0.229	-4.513
2758.829	75.807	-0.203	-4.874
2758.929	76.915	-0.095	-4.828
2759.129	78.976	0.010	-5.214
2759.330	80.919	-0.003	-5.039
2759.529	83.063	0.098	-5.318
2759.729	85.066	0.275	-5.196
2759.929	87.050	0.235	-5.064
2760.130	89.076	0.566	-5.129
2760.329	91.146	0.620	-5.214
2760.530	93.124	0.679	-5.048
2760.729	95.259	0.824	-5.039
2760.929	97.267	0.552	-5.185
2761.129	99.212	0.457	-5.246
2761.329	101.292	0.723	-5.324
2761.530	103.275	1.017	-5.145
2761.629	104.399	0.669	-5.136
2761.829	106.450	0.919	-5.286
2762.030	108.359	0.987	-5.299
2762.229	110.428	0.974	-5.313
2762.429	112.420	0.707	-5.310
2762.529	113.568	1.113	-5.306
2762.729	115.574	0.915	-5.291
2762.930	117.558	1.036	-5.309
2763.129	119.579	0.825	-5.297
2763.329	121.650	0.536	-5.278
2763.529	123.630	0.272	-5.237
2763.729	125.766	0.437	-5.244
2763.929	127.768	0.843	-5.196
2764.129	129.720	0.904	-5.223
2764.330	131.823	1.086	-5.221
2764.529	133.805	0.911	-5.240
2764.630	134.933	0.849	-5.298
2764.829	136.986	0.606	-5.168
2765.029	138.924	0.859	-5.323
2765.229	140.996	1.037	-5.145
2765.429	142.968	0.583	-5.322
2765.529	144.116	0.963	-5.250
2765.729	146.126	0.758	-5.324
2765.929	148.122	1.214	-5.269
2766.129	150.152	1.180	-5.115
2766.329	152.246	1.011	-5.232
2766.529	154.238	1.222	-5.246
2766.729	156.364	1.180	-5.323
2766.929	158.359	1.063	-5.220
2767.129	160.323	0.877	-5.305
2767.329	162.410	0.446	-5.268
2767.529	164.408	1.336	-5.264
2767.729	166.460	0.495	-5.323
2767.930	168.401	1.055	-5.238
2768.129	170.526	1.378	-5.235
2768.329	172.581	1.102	-5.241
2768.529	174.564	1.199	-5.296
2768.729	176.515	0.597	-5.318
2768.930	178.617	0.915	-5.324
2769.130	180.677	1.331	-5.319
2769.329	182.668	1.155	-5.314
2769.529	184.735	1.418	-5.323
2769.729	186.730	1.507	-5.302
2769.929	188.766	1.405	-5.322
2770.129	190.793	1.511	-5.319
2770.329	192.777	1.442	-5.324
2770.530	195.005	2.114	-5.322
2770.729	197.019	1.376	-5.324
2770.930	198.995	1.941	-5.324
2771.129	201.010	1.967	-5.310
2771.329	202.974	1.356	-5.324
2771.529	205.184	1.944	-5.322
2771.730	207.153	1.897	-5.324
2771.930	209.105	2.047	-5.315
2772.130	211.206	1.388	-5.324
2772.329	213.272	1.913	-5.316
2772.529	215.255	1.741	-5.324
2772.729	217.313	2.474	-5.321
2772.929	219.282	1.580	-5.324
2773.129	221.294	2.018	-5.319
2773.329	223.307	2.870	-5.323
2773.429	224.410	2.545	-5.311
2773.630	226.492	2.667	-5.323
2773.829	228.480	2.138	-5.318
2774.030	230.468	2.532	-5.324
2774.229	232.450	1.978	-5.318
2774.329	233.560	1.923	-5.324
2774.529	235.614	2.610	-5.317
2774.730	237.576	2.213	-5.318
2774.829	238.708	1.935	-5.324
2775.030	240.623	2.245	-5.322
2775.230	242.627	1.404	-5.324
2775.329	243.782	2.812	-5.324
2775.529	245.700	2.365	-5.323
2775.729	247.844	2.166	-5.324
2775.930	249.759	2.578	-5.322
2776.130	251.793	1.830	-5.324
2776.229	252.900	1.824	-5.324
2776.430	254.973	2.578	-5.324
2776.630	256.962	3.103	-5.324
2776.830	258.914	3.158	-5.324
2777.029	260.943	2.962	-5.324
2777.130	262.043	3.164	-5.324
2777.330	264.119	2.795	-5.324
2777.530	266.097	2.906	-5.324
2777.729	268.247	2.807	-5.324
2777.929	270.105	2.565	-5.324
2778.130	272.261	2.677	-5.324
2778.329	274.303	2.465	-5.324
2778.529	276.204	3.068	-5.324
2778.729	278.351	3.488	-5.323
2778.930	280.276	3.652	-5.324
2779.129	282.319	3.475	-5.324
2779.330	284.479	3.566	-5.324
2779.529	286.374	2.568	-5.324
2779.729	288.402	3.026	-5.324
2779.929	290.457	3.873	-5.324
2780.130	292.471	3.835	-5.324
2780.229	293.580	3.025	-5.324
2780.429	295.596	3.391	-5.324
2780.630	297.609	3.537	-5.324
2780.829	299.591	3.105	-5.324
2781.029	301.819	3.050	-5.324
2781.229	303.661	3.643	-5.324
2781.429	305.754	3.310	-5.324
2781.630	307.793	3.349	-5.321
2781.829	309.807	3.917	-5.324
2782.029	311.983	3.798	-5.324
2782.229	313.877	3.958	-5.324
2782.430	316.006	4.486	-5.324
2782.629	318.033	4.150	-5.324
2782.830	320.059	3.478	-5.324
2783.029	322.126	3.683	-5.324
2783.230	324.151	2.971	-5.323
2783.430	326.134	3.559	-5.324
2783.629	328.100	3.615	-5.324
2783.829	330.163	3.398	-5.324
2784.029	332.165	2.877	-5.324
2784.229	334.372	4.109	-5.324
2784.429	336.298	3.310	-5.324
2784.629	338.373	3.854	-5.324
2784.829	340.353	3.692	-5.324
2785.029	342.429	3.819	-5.324
2785.229	344.432	4.204	-5.324
2785.430	346.450	4.396	-5.324
2785.630	348.480	3.723	-5.324
2785.830	350.475	4.453	-5.324
2786.030	352.496	4.171	-5.324
2786.229	354.722	4.112	-5.324
2786.430	356.715	2.896	-5.324
2786.630	358.725	3.539	-5.324
2786.830	360.732	4.738	-5.324
2787.029	362.753	4.428	-5.324
2787.229	364.780	4.458	-5.324
2787.429	366.780	4.198	-5.324
2787.630	368.807	4.352	-5.324
2787.830	370.903	4.083	-5.324
2788.030	372.917	5.127	-5.324
2788.229	375.071	4.799	-5.324
2788.430	376.913	3.106	-5.324
2788.629	379.038	4.147	-5.324
2788.829	381.142	3.946	-5.324
2789.029	383.134	4.459	-5.324
2789.230	385.114	4.388	-5.324
2789.429	387.170	4.477	-5.324
2789.630	389.187	4.118	-5.324
2789.830	390.701	4.676	-5.324
2790.030	391.432	4.117	-5.324
2790.230	391.507	3.825	-5.324
3051.130	0.000	-3.873	-0.529
3051.330	0.062	-3.848	-0.491
3051.530	0.821	-3.873	-0.505
3051.730	2.402	-3.853	-0.491
3051.930	4.358	-3.859	-0.488
3052.130	6.502	-3.891	-0.521
3052.330	8.365	-3.890	-0.502
3052.430	9.449	-3.886	-0.505
3052.629	11.530	-3.863	-0.507
3052.829	13.453	-3.844	-0.521
3052.930	14.581	-3.845	-0.524
3053.130	16.585	-3.863	-0.503
3053.330	18.548	-3.842	-0.486
3053.530	20.765	-3.879	-0.504
3053.730	22.592	-3.868	-0.492
3053.830	23.712	-3.899	-0.517
3054.030	25.763	-3.864	-0.508
3054.229	27.754	-3.858	-0.527
3054.430	29.806	-3.879	-0.511
3054.630	31.842	-3.836	-0.498
3054.830	33.817	-3.860	-0.486
3055.030	35.844	-3.111	-2.607
3055.230	37.866	-2.712	-2.716
3055.330	38.975	-2.828	-2.158
3055.530	41.032	-2.707	-3.977
3055.730	43.003	-2.669	-4.079
3055.929	44.983	-2.662	-3.740
3056.130	47.163	-2.551	-3.163
3056.329	49.091	-2.534	-3.618
3056.530	51.148	-2.049	-3.726
3056.729	53.107	-1.537	-4.666
3056.829	54.238	-1.272	-4.406
3057.030	56.279	-1.291	-4.736
3057.229	58.200	-1.062	-4.713
3057.430	60.396	-0.960	-4.828
3057.629	62.402	-0.591	-4.742
3057.830	64.369	-1.004	-5.214
3058.030	66.474	-0.721	-5.100
3058.230	68.456	-0.124	-5.247
3058.429	70.584	0.156	-5.105
3058.630	72.454	-0.379	-5.180
3058.730	73.557	-0.320	-5.285
3058.929	75.509	0.266	-4.824
3059.030	76.608	0.450	-5.158
3059.230	78.587	0.519	-4.714
3059.429	80.648	0.522	-5.100
3059.630	82.614	0.750	-5.140
3059.730	83.772	0.715	-4.950
3059.930	85.793	0.308	-5.188
3060.130	87.792	0.294	-5.230
3060.329	89.835	0.146	-5.324
3060.529	91.906	0.828	-5.269
3060.730	93.889	0.343	-5.268
3060.929	96.013	0.386	-5.196
3061.129	98.027	0.008	-5.324
3061.330	99.996	0.380	-5.226
3061.529	102.073	0.164	-5.277
3061.730	104.058	0.794	-5.275
3061.929	106.147	1.431	-5.283
3062.129	108.056	1.135	-5.283
3062.329	110.189	0.945	-5.323
3062.530	112.266	1.385	-5.289
3062.730	114.249	1.032	-5.324
3062.929	116.198	1.080	-5.289
3063.130	118.331	0.847	-5.211
3063.330	120.349	0.918	-5.266
3063.530	122.341	1.438	-5.322
3063.729	124.412	1.192	-5.323
3063.930	126.414	0.489	-5.324
3064.129	128.440	0.942	-5.323
3064.329	130.460	1.157	-5.324
3064.529	132.447	0.986	-5.324
3064.730	134.675	1.315	-5.303
3064.929	136.690	1.102	-5.304
3065.129	138.698	1.230	-5.323
3065.330	140.696	1.294	-5.292
3065.530	142.661	1.112	-5.324
3065.729	144.854	1.510	-5.293
3065.930	146.839	1.193	-5.324
3066.129	148.814	1.767	-5.318
3066.330	150.916	1.648	-5.307
3066.529	152.994	1.641	-5.317
3066.730	154.964	1.859	-5.309
3066.929	156.879	1.645	-5.320
3067.029	158.006	0.787	-5.324
3067.230	160.050	1.204	-5.285
3067.429	161.957	1.016	-5.305
3067.530	163.078	1.428	-5.321
3067.730	165.109	1.266	-5.322
3067.930	167.129	1.256	-5.322
3068.130	169.163	1.462	-5.324
3068.330	171.165	1.129	-5.323
3068.530	173.270	1.622	-5.324
3068.730	175.253	0.729	-5.324
3068.930	177.258	1.535	-5.321
3069.130	179.378	1.506	-5.324
3069.330	181.289	1.887	-5.320
3069.530	183.328	1.857	-5.322
3069.730	185.426	1.852	-5.324
3069.930	187.457	2.137	-5.323
3070.130	189.473	1.665	-5.323
3070.330	191.642	2.192	-5.321
3070.529	193.518	2.153	-5.324
3070.730	195.623	2.165	-5.324
3070.930	197.641	2.344	-5.312
3071.130	199.655	2.205	-5.324
3071.330	201.687	2.156	-5.324
3071.530	203.691	1.302	-5.324
3071.730	205.800	1.604	-5.324
3071.930	207.821	2.159	-5.324
3072.130	209.828	1.801	-5.324
3072.330	211.929	1.916	-5.321
3072.529	214.028	2.244	-5.324
3072.730	216.023	2.179	-5.322
3072.929	217.944	1.468	-5.324
3073.130	219.991	1.654	-5.323
3073.330	222.024	2.138	-5.324
3073.530	224.174	2.524	-5.324
3073.730	226.174	3.198	-5.324
3073.930	228.138	2.884	-5.324
3074.130	230.151	2.434	-5.324
3074.330	232.299	2.835	-5.324
3074.529	234.386	2.349	-5.324
3074.730	236.304	2.169	-5.324
3074.929	238.266	2.888	-5.324
3075.130	240.469	2.787	-5.324
3075.330	242.448	2.821	-5.324
3075.530	244.397	3.026	-5.324
3075.730	246.500	3.451	-5.324
3075.930	248.486	2.749	-5.324
3076.130	250.630	2.652	-5.324
3076.330	252.581	2.805	-5.324
3076.530	254.576	2.935	-5.324
3076.730	256.604	2.964	-5.324
3076.930	258.627	3.032	-5.324
3077.130	260.746	2.491	-5.324
3077.330	262.846	3.386	-5.324
3077.530	264.794	3.007	-5.324
3077.730	266.759	2.646	-5.324
3077.930	268.916	2.158	-5.324
3078.130	270.844	2.523	-5.324
3078.330	272.906	3.354	-5.324
3078.530	274.875	2.466	-5.324
3078.630	276.037	2.165	-5.324
3078.830	277.939	2.298	-5.324
3079.030	280.091	3.019	-5.324
3079.230	282.134	3.844	-5.324
3079.430	284.151	2.509	-5.324
3079.629	286.121	3.489	-5.324
3079.830	288.199	2.883	-5.324
3080.030	290.181	3.843	-5.324
3080.230	292.332	3.499	-5.324
3080.430	294.199	3.052	-5.324
3080.530	295.317	4.228	-5.324
3080.730	297.241	3.678	-5.324
3080.829	298.339	3.768	-5.324
3081.030	300.485	4.317	-5.324
3081.230	302.357	3.955	-5.324
3081.430	304.481	4.173	-5.324
3081.629	306.485	4.058	-5.324
3081.830	308.532	3.554	-5.324
3082.030	310.536	4.335	-5.324
3082.229	312.520	3.873	-5.324
3082.329	313.639	2.630	-5.324
3082.530	315.635	4.045	-5.324
3082.730	317.742	3.950	-5.324
3082.930	319.724	3.363	-5.324
3083.130	321.686	3.887	-5.324
3083.330	323.769	3.165	-5.324
3083.530	325.742	3.032	-5.324
3083.630	326.883	4.564	-5.324
3083.829	328.935	3.963	-5.324
3084.030	330.872	3.324	-5.324
3084.230	332.938	4.281	-5.324
3084.430	334.929	4.021	-5.324
3084.630	337.094	3.974	-5.324
3084.830	339.001	4.671	-5.324
3085.030	341.003	4.170	-5.324
3085.130	342.151	4.360	-5.324
3085.329	344.055	3.743	-5.324
3085.530	346.088	3.985	-5.324
3085.730	348.142	4.657	-5.324
3085.930	350.188	4.404	-5.324
3086.130	352.193	4.077	-5.324
3086.330	354.218	4.421	-5.324
3086.530	356.416	4.001	-5.324
3086.729	358.311	3.977	-5.324
3086.930	360.330	4.082	-5.324
3087.130	362.466	3.963	-5.324
3087.329	364.468	3.890	-5.324
3087.530	366.493	4.704	-5.324
3087.729	368.477	4.560	-5.324
3087.930	370.505	4.597	-5.324
3088.130	372.550	4.031	-5.324
3088.330	374.660	4.481	-5.324
3088.529	376.736	4.790	-5.324
3088.729	378.770	3.881	-5.324
3088.930	380.756	4.516	-5.324
3089.130	382.867	4.819	-5.324
3089.330	384.878	4.641	-5.324
3089.530	386.852	5.101	-5.324
3089.730	388.940	4.647	-5.324
3089.930	390.556	4.256	-5.324
3090.130	391.383	5.064	-5.324
3090.330	391.507	4.019	-5.324
