TimeSec	Probe1mm	ConductivityP1V	TemperatureP1V
3.800	0.000	-4.837	0.056
3.900	0.101	-4.836	0.056
4.000	0.413	-4.833	0.044
4.100	0.923	-4.845	0.040
4.200	1.631	-4.842	0.057
4.300	2.540	-4.830	0.052
4.400	3.561	-4.823	0.052
4.500	4.578	-4.840	0.044
4.600	5.596	-4.849	0.042
4.700	6.608	-4.836	0.053
4.800	7.631	-4.827	0.048
4.900	8.649	-4.846	0.028
5.000	9.663	-4.853	0.032
5.101	10.682	-4.845	0.041
5.200	11.697	-4.820	0.051
5.300	12.716	-4.835	0.034
5.400	13.732	-4.857	0.033
5.500	14.749	-4.846	0.040
5.600	15.763	-4.835	0.054
5.700	16.780	-4.836	0.029
5.800	17.802	-4.855	0.033
5.900	18.816	-4.842	0.051
6.000	19.833	-4.829	0.051
6.100	20.850	-4.827	0.054
6.200	21.871	-4.860	0.025
6.300	22.889	-4.844	0.045
6.400	23.907	-4.844	0.050
6.500	24.922	-4.834	0.033
6.600	25.942	-4.850	0.014
6.700	26.960	-4.842	0.032
6.800	27.972	-4.827	0.043
6.901	28.994	-4.827	0.032
7.000	30.011	-4.850	0.014
7.100	31.028	-4.856	0.016
7.200	32.043	-4.825	0.022
7.300	33.062	-4.830	0.016
7.400	34.077	-4.851	-0.010
7.500	35.094	-3.128	-0.011
7.600	36.112	-2.757	-0.014
7.700	37.131	-2.739	-0.000
7.800	38.149	-2.751	-0.035
7.900	39.166	-2.747	-0.034
8.000	40.180	-2.727	-0.032
8.100	41.199	-2.701	-0.034
8.200	42.213	-2.700	-0.052
8.300	43.230	-2.694	-0.063
8.400	44.251	-2.655	-0.048
8.500	45.266	-2.639	-0.047
8.600	46.281	-2.631	-0.071
8.700	47.298	-2.642	-0.088
8.800	48.320	-2.628	-0.089
8.900	49.332	-2.607	-0.088
9.000	50.351	-2.600	-0.089
9.100	51.370	-2.610	-0.104
9.200	52.385	-2.601	-0.101
9.300	53.402	-2.582	-0.091
9.400	54.422	-2.575	-0.114
9.500	55.435	-2.596	-0.130
9.600	56.455	-2.587	-0.133
9.700	57.473	-2.571	-0.128
9.800	58.483	-2.541	-0.128
9.900	59.507	-2.565	-0.159
10.000	60.524	-2.546	-0.150
10.100	61.544	-2.535	-0.150
10.200	62.563	-2.510	-0.158
10.300	63.576	-2.532	-0.184
10.401	64.596	-2.533	-0.191
10.500	65.614	-2.513	-0.178
10.600	66.630	-2.498	-0.177
10.700	67.647	-2.493	-0.195
10.801	68.664	-2.511	-0.195
10.900	69.684	-2.489	-0.181
11.000	70.696	-2.479	-0.187
11.101	71.717	-2.490	-0.207
11.201	72.734	-2.499	-0.209
11.300	73.749	-2.484	-0.199
11.401	74.769	-2.463	-0.186
11.501	75.783	-2.462	-0.202
11.600	76.797	-2.468	-0.194
11.700	77.817	-2.466	-0.194
11.800	78.835	-2.447	-0.192
11.900	79.848	-2.448	-0.194
12.000	80.868	-2.472	-0.216
12.100	81.883	-2.449	-0.186
12.200	82.903	-2.440	-0.178
12.300	83.932	-2.417	-0.183
12.500	86.174	-2.439	-0.194
12.700	88.127	-2.438	-0.184
12.900	90.123	-2.433	-0.206
13.100	92.216	-2.387	-0.175
13.300	94.222	-2.411	-0.216
13.500	96.176	-2.382	-0.203
13.700	98.251	-2.382	-0.235
13.900	100.258	-2.360	-0.212
14.100	102.364	-2.371	-0.262
14.300	104.408	-2.348	-0.234
14.500	106.407	-2.341	-0.251
14.700	108.453	-2.326	-0.245
14.900	110.431	-2.340	-0.274
15.100	112.542	-2.328	-0.213
15.300	114.555	-2.309	-0.240
15.500	116.561	-2.306	-0.231
15.700	118.668	-2.313	-0.256
15.900	120.655	-2.302	-0.236
16.100	122.712	-2.274	-0.241
16.300	124.692	-2.267	-0.241
16.500	126.794	-2.270	-0.259
16.700	128.859	-2.256	-0.240
16.900	130.863	-2.230	-0.238
17.100	132.774	-2.244	-0.243
17.300	134.810	-2.225	-0.251
17.500	136.840	-2.225	-0.228
17.600	138.027	-2.195	-0.236
17.800	139.930	-2.236	-0.239
18.000	141.913	-2.180	-0.222
18.100	143.059	-2.181	-0.264
18.300	145.089	-2.199	-0.245
18.500	147.069	-2.147	-0.237
18.700	149.093	-2.167	-0.262
18.900	151.117	-2.152	-0.252
19.100	153.121	-2.152	-0.258
19.300	155.317	-2.120	-0.240
19.500	157.326	-2.151	-0.266
19.700	159.306	-2.097	-0.233
19.900	161.307	-2.131	-0.276
20.100	163.362	-2.098	-0.242
20.300	165.323	-2.105	-0.272
20.500	167.384	-2.091	-0.251
20.700	169.560	-2.089	-0.268
20.900	171.544	-2.069	-0.242
21.100	173.457	-2.055	-0.257
21.300	175.575	-2.061	-0.245
21.500	177.579	-2.034	-0.268
21.700	179.561	-2.029	-0.258
21.900	181.647	-1.987	-0.260
22.100	183.659	-2.021	-0.261
22.300	185.804	-1.989	-0.254
22.500	187.806	-1.997	-0.276
22.700	189.800	-1.960	-0.248
22.900	191.906	-1.980	-0.275
23.100	193.880	-1.966	-0.253
23.300	195.850	-1.948	-0.270
23.500	197.946	-1.923	-0.249
23.700	199.919	-1.946	-0.284
23.800	201.063	-1.922	-0.236
24.000	202.958	-1.919	-0.270
24.200	205.078	-1.925	-0.287
24.400	207.054	-1.887	-0.236
24.500	208.159	-1.869	-0.270
24.700	210.120	-1.883	-0.272
24.900	212.207	-1.867	-0.257
25.100	214.157	-1.854	-0.276
25.200	215.246	-1.870	-0.289
25.400	217.219	-1.845	-0.263
25.600	219.300	-1.837	-0.274
25.800	221.362	-1.838	-0.279
26.000	223.339	-1.812	-0.265
26.200	225.452	-1.805	-0.267
26.400	227.453	-1.784	-0.270
26.600	229.476	-1.827	-0.285
26.800	231.487	-1.766	-0.247
27.000	233.459	-1.781	-0.283
27.200	235.615	-1.759	-0.269
27.400	237.539	-1.753	-0.292
27.601	239.710	-1.756	-0.268
27.801	241.694	-1.724	-0.286
28.000	243.796	-1.733	-0.259
28.200	245.812	-1.711	-0.292
28.400	247.787	-1.727	-0.284
28.600	249.882	-1.693	-0.267
28.800	251.885	-1.701	-0.285
29.000	253.839	-1.679	-0.280
29.200	255.959	-1.668	-0.288
29.400	257.926	-1.665	-0.275
29.600	259.960	-1.645	-0.278
29.800	261.993	-1.646	-0.286
30.000	264.063	-1.624	-0.276
30.200	266.032	-1.629	-0.288
30.400	268.106	-1.611	-0.276
30.600	270.233	-1.578	-0.281
30.800	272.216	-1.603	-0.294
31.000	274.283	-1.576	-0.275
31.200	276.293	-1.581	-0.295
31.400	278.313	-1.534	-0.259
31.600	280.344	-1.556	-0.315
31.800	282.337	-1.549	-0.274
32.000	284.356	-1.516	-0.289
32.200	286.419	-1.521	-0.278
32.400	288.473	-1.497	-0.283
32.600	290.489	-1.509	-0.307
32.800	292.615	-1.495	-0.297
33.000	294.626	-1.470	-0.283
33.200	296.577	-1.462	-0.284
33.400	298.671	-1.463	-0.294
33.600	300.640	-1.468	-0.301
33.800	302.787	-1.431	-0.277
34.000	304.672	-1.407	-0.297
34.100	305.773	-1.451	-0.329
34.300	307.860	-1.404	-0.266
34.500	309.824	-1.411	-0.319
34.700	311.829	-1.405	-0.293
34.900	313.840	-1.385	-0.300
35.100	315.900	-1.391	-0.293
35.300	317.993	-1.360	-0.286
35.500	320.063	-1.374	-0.304
35.700	322.107	-1.372	-0.288
35.900	324.107	-1.359	-0.305
36.100	326.075	-1.347	-0.304
36.300	328.203	-1.334	-0.292
36.500	330.205	-1.328	-0.302
36.700	332.249	-1.341	-0.290
36.900	334.289	-1.313	-0.288
37.100	336.281	-1.329	-0.297
37.300	338.305	-1.294	-0.294
37.500	340.331	-1.323	-0.316
37.700	342.307	-1.278	-0.274
37.900	344.534	-1.294	-0.310
38.100	346.516	-1.288	-0.287
38.300	348.448	-1.290	-0.316
38.500	350.464	-1.283	-0.297
38.700	352.589	-1.272	-0.290
38.900	354.573	-1.266	-0.306
39.000	355.658	-1.270	-0.308
39.200	357.771	-1.268	-0.292
39.400	359.663	-1.246	-0.304
39.600	361.735	-1.268	-0.300
39.800	363.664	-1.233	-0.280
40.000	365.787	-1.247	-0.310
40.200	367.867	-1.229	-0.282
40.400	369.803	-1.243	-0.315
40.600	371.933	-1.224	-0.276
40.800	373.978	-1.222	-0.305
41.000	375.914	-1.221	-0.302
41.200	378.104	-1.214	-0.300
41.400	380.009	-1.191	-0.291
41.600	381.999	-1.196	-0.298
41.800	384.032	-1.144	-0.291
42.000	386.086	-1.162	-0.322
42.200	388.163	-1.140	-0.283
42.400	390.069	-1.139	-0.316
42.600	391.162	-1.118	-0.295
42.800	391.507	-1.098	-0.296
298.000	0.000	-4.801	0.437
298.200	0.157	-4.816	0.424
298.400	1.070	-4.809	0.406
298.500	1.884	-4.790	0.433
298.700	3.898	-4.799	0.405
298.900	5.943	-4.820	0.409
299.100	7.942	-4.793	0.433
299.300	9.943	-4.823	0.411
299.500	12.009	-4.805	0.419
299.700	13.952	-4.817	0.425
299.800	15.053	-4.829	0.406
300.000	17.181	-4.780	0.443
300.200	19.150	-4.797	0.409
300.400	21.175	-4.804	0.423
300.600	23.220	-4.799	0.431
300.800	25.213	-4.775	0.428
301.001	27.258	-4.823	0.396
301.200	29.350	-4.810	0.409
301.400	31.311	-4.816	0.414
301.600	33.294	-4.784	0.419
301.800	35.438	-3.819	0.221
302.000	37.436	-2.768	0.003
302.200	39.459	-2.758	-0.039
302.400	41.429	-2.721	-0.065
302.600	43.647	-2.725	-0.090
302.800	45.603	-2.679	-0.106
303.000	47.553	-2.663	-0.119
303.201	49.632	-2.627	-0.124
303.400	51.603	-2.612	-0.134
303.500	52.739	-2.648	-0.186
303.700	54.792	-2.594	-0.163
303.900	56.699	-2.589	-0.146
304.100	58.746	-2.559	-0.175
304.200	59.848	-2.577	-0.203
304.400	61.782	-2.558	-0.202
304.600	63.916	-2.518	-0.209
304.800	65.845	-2.509	-0.207
305.000	67.915	-2.503	-0.240
305.200	70.030	-2.510	-0.230
305.401	72.075	-2.472	-0.250
305.600	74.070	-2.469	-0.269
305.800	76.040	-2.459	-0.266
306.001	78.147	-2.458	-0.278
306.200	80.160	-2.437	-0.275
306.400	82.196	-2.429	-0.274
306.600	84.253	-2.437	-0.226
306.800	86.262	-2.422	-0.221
307.000	88.286	-2.378	-0.216
307.200	90.324	-2.403	-0.241
307.400	92.300	-2.398	-0.236
307.600	94.504	-2.380	-0.226
307.800	96.489	-2.366	-0.239
308.000	98.455	-2.370	-0.251
308.200	100.544	-2.368	-0.227
308.400	102.488	-2.360	-0.259
308.500	103.612	-2.312	-0.209
308.700	105.672	-2.324	-0.265
308.900	107.581	-2.329	-0.257
309.100	109.653	-2.334	-0.251
309.300	111.626	-2.314	-0.267
309.400	112.713	-2.264	-0.233
309.600	114.738	-2.317	-0.273
309.800	116.806	-2.309	-0.254
310.000	118.764	-2.285	-0.259
310.200	120.882	-2.261	-0.248
310.400	122.850	-2.268	-0.278
310.600	124.898	-2.287	-0.257
310.800	126.894	-2.243	-0.248
311.000	129.026	-2.242	-0.251
311.200	131.043	-2.254	-0.283
311.400	133.029	-2.247	-0.245
311.600	135.162	-2.223	-0.244
311.800	137.165	-2.213	-0.270
312.000	139.119	-2.218	-0.249
312.200	141.218	-2.217	-0.252
312.400	143.203	-2.183	-0.237
312.601	145.186	-2.171	-0.269
312.800	147.293	-2.177	-0.245
313.000	149.274	-2.196	-0.272
313.100	150.425	-2.141	-0.212
313.300	152.405	-2.147	-0.255
313.500	154.407	-2.136	-0.269
313.701	156.457	-2.136	-0.247
313.901	158.448	-2.139	-0.260
314.101	160.592	-2.092	-0.237
314.300	162.605	-2.099	-0.266
314.500	164.529	-2.114	-0.263
314.600	165.678	-2.100	-0.262
314.801	167.595	-2.077	-0.244
314.901	168.678	-2.085	-0.260
315.100	170.701	-2.064	-0.280
315.300	172.700	-2.068	-0.255
315.500	174.685	-2.062	-0.271
315.700	176.903	-2.026	-0.250
315.900	178.907	-2.019	-0.284
316.100	180.908	-2.015	-0.246
316.300	182.914	-2.021	-0.270
316.500	184.950	-1.994	-0.245
316.700	186.943	-1.995	-0.287
316.900	188.945	-1.993	-0.271
317.100	190.951	-1.978	-0.260
317.300	193.145	-1.954	-0.266
317.500	195.098	-1.932	-0.266
317.701	197.173	-1.954	-0.272
317.900	199.139	-1.944	-0.266
318.100	201.199	-1.927	-0.263
318.200	202.286	-1.891	-0.253
318.400	204.218	-1.914	-0.297
318.600	206.345	-1.914	-0.264
318.800	208.323	-1.891	-0.272
319.000	210.419	-1.860	-0.249
319.200	212.339	-1.863	-0.293
319.300	213.466	-1.906	-0.293
319.500	215.426	-1.853	-0.250
319.701	217.505	-1.846	-0.279
319.900	219.592	-1.809	-0.262
320.100	221.535	-1.848	-0.302
320.300	223.691	-1.837	-0.265
320.500	225.616	-1.795	-0.269
320.700	227.630	-1.781	-0.269
320.900	229.825	-1.793	-0.299
321.100	231.676	-1.800	-0.284
321.300	233.691	-1.779	-0.284
321.500	235.901	-1.756	-0.284
321.700	237.878	-1.740	-0.287
321.900	239.827	-1.755	-0.286
322.100	241.901	-1.708	-0.266
322.300	243.907	-1.709	-0.296
322.500	246.068	-1.723	-0.293
322.700	247.944	-1.715	-0.294
322.900	249.965	-1.679	-0.267
323.100	252.125	-1.672	-0.296
323.300	254.096	-1.662	-0.290
323.500	256.072	-1.686	-0.319
323.700	258.168	-1.647	-0.265
323.900	260.219	-1.638	-0.306
324.101	262.236	-1.625	-0.276
324.301	264.219	-1.640	-0.310
324.400	265.313	-1.646	-0.282
324.600	267.342	-1.586	-0.257
324.800	269.295	-1.586	-0.315
325.000	271.319	-1.599	-0.294
325.200	273.384	-1.610	-0.305
325.400	275.486	-1.557	-0.269
325.600	277.517	-1.556	-0.307
325.800	279.526	-1.551	-0.287
326.000	281.503	-1.551	-0.304
326.200	283.663	-1.522	-0.275
326.400	285.645	-1.521	-0.321
326.601	287.595	-1.518	-0.295
326.800	289.695	-1.525	-0.297
327.000	291.683	-1.480	-0.273
327.100	292.842	-1.491	-0.313
327.300	294.720	-1.479	-0.316
327.500	296.875	-1.474	-0.288
327.700	298.877	-1.483	-0.312
327.900	300.945	-1.439	-0.264
328.100	302.866	-1.455	-0.301
328.300	305.022	-1.441	-0.298
328.500	307.007	-1.442	-0.292
328.700	308.960	-1.391	-0.268
328.900	311.095	-1.417	-0.311
329.100	313.182	-1.428	-0.301
329.300	315.150	-1.417	-0.292
329.500	317.232	-1.364	-0.268
329.700	319.246	-1.372	-0.306
329.900	321.262	-1.378	-0.302
330.100	323.244	-1.396	-0.301
330.300	325.304	-1.342	-0.275
330.500	327.322	-1.351	-0.315
330.700	329.469	-1.344	-0.302
330.900	331.494	-1.365	-0.294
331.100	333.476	-1.332	-0.294
331.300	335.560	-1.307	-0.295
331.500	337.573	-1.341	-0.330
331.700	339.545	-1.327	-0.286
331.900	341.643	-1.300	-0.292
332.100	343.629	-1.277	-0.292
332.300	345.619	-1.327	-0.330
332.500	347.679	-1.311	-0.295
332.700	349.677	-1.294	-0.281
332.900	351.875	-1.261	-0.283
333.100	353.822	-1.281	-0.317
333.300	355.768	-1.275	-0.294
333.500	357.810	-1.268	-0.299
333.700	359.873	-1.248	-0.291
333.900	361.894	-1.275	-0.318
334.100	363.921	-1.251	-0.289
334.300	366.005	-1.257	-0.297
334.500	368.103	-1.219	-0.287
334.700	370.107	-1.254	-0.325
334.900	372.096	-1.253	-0.310
335.100	374.062	-1.227	-0.289
335.200	375.188	-1.213	-0.291
335.400	377.212	-1.189	-0.283
335.600	379.275	-1.229	-0.319
335.800	381.290	-1.204	-0.290
336.000	383.317	-1.179	-0.288
336.200	385.312	-1.155	-0.303
336.400	387.408	-1.186	-0.325
336.601	389.462	-1.147	-0.300
336.800	390.844	-1.132	-0.294
337.000	391.461	-1.080	-0.291
337.201	391.507	-1.111	-0.309
598.200	0.000	-4.786	0.485
598.400	0.180	-4.791	0.467
598.600	1.237	-4.808	0.449
598.801	2.956	-4.789	0.464
599.001	4.887	-4.800	0.452
599.201	6.948	-4.794	0.459
599.401	9.052	-4.803	0.457
599.601	11.076	-4.786	0.471
599.801	13.060	-4.766	0.470
600.000	15.241	-4.803	0.452
600.200	17.209	-4.794	0.449
600.400	19.146	-4.808	0.477
600.500	20.303	-4.815	0.439
600.700	22.266	-4.795	0.472
600.900	24.287	-4.783	0.469
601.101	26.256	-4.790	0.451
601.200	27.363	-4.822	0.461
601.401	29.387	-4.800	0.456
601.601	31.379	-4.796	0.468
601.801	33.474	-4.780	0.448
602.001	35.531	-4.013	0.284
602.200	37.433	-2.754	-0.014
602.401	39.640	-2.768	-0.019
602.601	41.590	-2.725	-0.034
602.800	43.575	-2.718	-0.060
603.001	45.690	-2.685	-0.084
603.200	47.655	-2.664	-0.133
603.400	49.828	-2.623	-0.114
603.601	51.703	-2.615	-0.146
603.801	53.840	-2.593	-0.143
604.001	55.864	-2.584	-0.189
604.201	57.887	-2.567	-0.184
604.401	59.852	-2.557	-0.209
604.600	61.952	-2.539	-0.211
604.800	63.889	-2.536	-0.247
604.900	65.044	-2.478	-0.205
605.101	66.931	-2.488	-0.250
605.200	68.058	-2.490	-0.248
605.401	70.076	-2.486	-0.257
605.601	72.088	-2.493	-0.282
605.800	74.093	-2.461	-0.266
606.001	76.251	-2.442	-0.271
606.201	78.166	-2.439	-0.284
606.400	80.339	-2.429	-0.291
606.601	82.197	-2.432	-0.276
606.801	84.222	-2.409	-0.205
606.900	85.380	-2.439	-0.224
607.101	87.284	-2.394	-0.202
607.301	89.329	-2.407	-0.231
607.500	91.363	-2.399	-0.227
607.701	93.471	-2.393	-0.224
607.901	95.475	-2.360	-0.207
608.101	97.508	-2.368	-0.235
608.300	99.521	-2.339	-0.233
608.500	101.522	-2.373	-0.258
608.700	103.740	-2.341	-0.236
608.900	105.705	-2.333	-0.237
609.101	107.661	-2.311	-0.225
609.300	109.696	-2.299	-0.238
609.501	111.822	-2.332	-0.268
609.701	113.877	-2.304	-0.225
609.901	115.794	-2.319	-0.235
610.101	117.895	-2.285	-0.239
610.300	119.834	-2.278	-0.250
610.500	121.920	-2.261	-0.247
610.701	123.916	-2.275	-0.244
610.901	126.042	-2.257	-0.231
611.101	128.067	-2.268	-0.247
611.301	130.112	-2.224	-0.253
611.501	132.118	-2.241	-0.264
611.701	134.162	-2.217	-0.249
611.901	136.103	-2.232	-0.271
612.001	137.233	-2.190	-0.228
612.201	139.359	-2.206	-0.233
612.401	141.352	-2.191	-0.255
612.600	143.326	-2.172	-0.259
612.801	145.384	-2.197	-0.279
613.001	147.385	-2.170	-0.252
613.201	149.525	-2.186	-0.248
613.401	151.408	-2.136	-0.255
613.601	153.517	-2.151	-0.254
613.801	155.526	-2.130	-0.264
614.001	157.526	-2.140	-0.246
614.200	159.572	-2.130	-0.268
614.401	161.565	-2.112	-0.238
614.600	163.687	-2.079	-0.242
614.801	165.641	-2.096	-0.268
615.001	167.768	-2.080	-0.266
615.200	169.686	-2.073	-0.258
615.401	171.764	-2.052	-0.244
615.601	173.885	-2.052	-0.272
615.801	175.839	-2.031	-0.264
616.001	177.830	-2.047	-0.269
616.201	179.846	-2.028	-0.268
616.401	181.891	-2.026	-0.264
616.601	183.986	-2.010	-0.261
616.800	186.007	-1.984	-0.262
617.001	188.137	-1.996	-0.274
617.201	190.158	-1.980	-0.281
617.401	192.141	-1.978	-0.254
617.601	194.220	-1.956	-0.267
617.801	196.197	-1.935	-0.235
618.001	198.171	-1.933	-0.285
618.201	200.251	-1.947	-0.287
618.401	202.234	-1.934	-0.288
618.501	203.401	-1.919	-0.259
618.701	205.292	-1.906	-0.248
618.801	206.405	-1.898	-0.271
619.001	208.417	-1.884	-0.278
619.201	210.494	-1.868	-0.284
619.401	212.417	-1.889	-0.292
619.601	214.523	-1.880	-0.283
619.801	216.519	-1.873	-0.268
620.001	218.643	-1.830	-0.260
620.201	220.587	-1.814	-0.272
620.401	222.689	-1.831	-0.291
620.601	224.717	-1.823	-0.295
620.800	226.656	-1.817	-0.269
620.900	227.849	-1.795	-0.267
621.101	229.788	-1.784	-0.264
621.301	231.913	-1.788	-0.306
621.501	233.853	-1.783	-0.298
621.700	235.858	-1.752	-0.276
621.901	237.894	-1.757	-0.281
622.101	239.972	-1.746	-0.262
622.301	241.985	-1.715	-0.288
622.501	243.990	-1.721	-0.289
622.701	246.014	-1.737	-0.309
622.901	248.018	-1.718	-0.273
623.100	250.235	-1.692	-0.269
623.301	252.200	-1.661	-0.263
623.501	254.173	-1.660	-0.295
623.701	256.210	-1.673	-0.300
623.901	258.191	-1.686	-0.304
624.000	259.349	-1.638	-0.261
624.201	261.260	-1.662	-0.281
624.401	263.348	-1.621	-0.274
624.601	265.372	-1.606	-0.291
624.801	267.451	-1.617	-0.307
625.001	269.457	-1.594	-0.282
625.200	271.463	-1.604	-0.299
625.401	273.425	-1.574	-0.258
625.601	275.581	-1.572	-0.309
625.801	277.586	-1.550	-0.290
626.001	279.658	-1.570	-0.321
626.201	281.662	-1.542	-0.288
626.401	283.662	-1.533	-0.283
626.600	285.653	-1.514	-0.285
626.700	286.754	-1.531	-0.305
626.901	288.750	-1.506	-0.301
627.101	290.883	-1.495	-0.289
627.300	292.889	-1.509	-0.303
627.501	294.831	-1.488	-0.281
627.701	296.919	-1.481	-0.293
627.900	298.879	-1.454	-0.278
628.000	300.029	-1.450	-0.315
628.200	302.050	-1.470	-0.305
628.401	304.040	-1.468	-0.302
628.601	306.052	-1.442	-0.281
628.801	308.071	-1.416	-0.271
629.000	310.098	-1.412	-0.302
629.201	312.212	-1.407	-0.296
629.400	314.207	-1.429	-0.332
629.601	316.302	-1.408	-0.285
629.800	318.264	-1.414	-0.296
630.001	320.338	-1.361	-0.269
630.201	322.367	-1.375	-0.306
630.401	324.328	-1.356	-0.295
630.500	325.479	-1.415	-0.330
630.701	327.395	-1.366	-0.287
630.901	329.509	-1.361	-0.287
631.101	331.491	-1.350	-0.301
631.301	333.476	-1.334	-0.311
631.500	335.588	-1.340	-0.300
631.701	337.596	-1.339	-0.306
631.901	339.580	-1.339	-0.299
632.101	341.726	-1.299	-0.268
632.301	343.715	-1.310	-0.314
632.501	345.651	-1.297	-0.309
632.701	347.738	-1.342	-0.326
632.901	349.852	-1.278	-0.276
633.101	351.878	-1.295	-0.295
633.301	353.891	-1.254	-0.286
633.501	355.857	-1.281	-0.302
633.701	357.873	-1.262	-0.307
633.900	359.941	-1.303	-0.319
634.001	361.068	-1.264	-0.277
634.201	363.047	-1.246	-0.278
634.401	365.011	-1.254	-0.299
634.601	367.212	-1.224	-0.294
634.801	369.202	-1.262	-0.328
635.003	371.141	-1.236	-0.300
635.201	373.160	-1.239	-0.291
635.401	375.244	-1.207	-0.281
635.601	377.370	-1.224	-0.315
635.801	379.355	-1.205	-0.309
636.001	381.338	-1.222	-0.323
636.201	383.452	-1.181	-0.282
636.400	385.455	-1.185	-0.302
636.601	387.522	-1.141	-0.291
636.801	389.427	-1.124	-0.298
637.001	390.837	-1.121	-0.326
637.101	391.299	-1.118	-0.293
637.301	391.507	-1.131	-0.304
898.301	0.000	-4.776	0.531
898.501	0.181	-4.785	0.504
898.701	1.245	-4.806	0.494
898.901	2.951	-4.774	0.510
899.101	5.088	-4.790	0.489
899.301	6.949	-4.793	0.493
899.401	8.048	-4.800	0.472
899.601	10.063	-4.811	0.487
899.801	12.056	-4.794	0.519
900.001	14.137	-4.789	0.506
900.201	16.217	-4.756	0.529
900.401	18.147	-4.781	0.500
900.601	20.171	-4.780	0.510
900.800	22.336	-4.799	0.482
901.000	24.251	-4.793	0.512
901.200	26.317	-4.799	0.496
901.400	28.354	-4.781	0.528
901.601	30.392	-4.782	0.503
901.800	32.358	-4.765	0.510
901.901	33.438	-4.807	0.444
902.101	35.483	-3.814	0.303
902.301	37.557	-2.765	0.070
902.501	39.662	-2.773	0.018
902.700	41.513	-2.747	0.015
902.801	42.670	-2.730	0.000
903.001	44.586	-2.704	-0.019
903.201	46.731	-2.680	-0.055
903.401	48.756	-2.661	-0.060
903.601	50.788	-2.636	-0.073
903.801	52.714	-2.636	-0.090
904.001	54.942	-2.617	-0.101
904.200	56.930	-2.578	-0.086
904.401	58.888	-2.564	-0.117
904.601	60.969	-2.565	-0.148
904.801	62.943	-2.542	-0.170
905.000	65.032	-2.525	-0.175
905.200	66.952	-2.513	-0.196
905.301	68.063	-2.501	-0.191
905.501	70.128	-2.491	-0.187
905.701	72.093	-2.488	-0.212
905.901	74.190	-2.459	-0.211
906.101	76.222	-2.450	-0.233
906.301	78.206	-2.431	-0.236
906.501	80.373	-2.428	-0.259
906.701	82.316	-2.425	-0.230
906.901	84.428	-2.420	-0.209
907.101	86.290	-2.393	-0.201
907.300	88.453	-2.380	-0.210
907.501	90.504	-2.379	-0.228
907.701	92.528	-2.393	-0.231
907.901	94.514	-2.386	-0.224
908.101	96.455	-2.371	-0.233
908.301	98.499	-2.351	-0.208
908.401	99.610	-2.328	-0.210
908.601	101.693	-2.340	-0.250
908.801	103.689	-2.335	-0.241
909.001	105.660	-2.342	-0.253
909.201	107.740	-2.324	-0.238
909.401	109.717	-2.338	-0.243
909.501	110.865	-2.308	-0.218
909.701	112.863	-2.301	-0.224
909.900	114.839	-2.291	-0.221
910.101	116.870	-2.282	-0.236
910.301	118.925	-2.268	-0.241
910.501	121.049	-2.271	-0.243
910.701	122.972	-2.277	-0.245
910.901	125.000	-2.270	-0.230
911.101	127.001	-2.265	-0.233
911.301	129.106	-2.236	-0.224
911.501	131.131	-2.239	-0.253
911.701	133.127	-2.222	-0.252
911.901	135.232	-2.228	-0.242
912.101	137.147	-2.234	-0.248
912.301	139.280	-2.227	-0.255
912.501	141.387	-2.197	-0.224
912.701	143.389	-2.191	-0.238
912.901	145.357	-2.150	-0.232
913.101	147.451	-2.172	-0.277
913.301	149.426	-2.164	-0.254
913.501	151.383	-2.165	-0.258
913.701	153.472	-2.152	-0.241
913.901	155.465	-2.153	-0.248
914.001	156.635	-2.123	-0.224
914.201	158.518	-2.106	-0.252
914.401	160.643	-2.105	-0.270
914.601	162.603	-2.100	-0.274
914.701	163.702	-2.099	-0.282
914.901	165.627	-2.106	-0.274
915.101	167.702	-2.093	-0.268
915.301	169.829	-2.071	-0.246
915.501	171.923	-2.067	-0.266
915.701	173.901	-2.036	-0.252
915.901	175.842	-2.034	-0.278
916.101	177.935	-2.037	-0.289
916.301	179.927	-2.041	-0.286
916.501	182.114	-2.033	-0.262
916.701	184.077	-2.002	-0.252
916.900	186.153	-2.002	-0.258
917.101	188.140	-1.971	-0.260
917.301	190.160	-1.956	-0.265
917.501	192.216	-1.940	-0.276
917.701	194.204	-1.988	-0.293
917.901	196.184	-1.964	-0.274
918.101	198.219	-1.953	-0.264
918.301	200.263	-1.919	-0.250
918.501	202.259	-1.913	-0.270
918.701	204.297	-1.881	-0.278
918.901	206.327	-1.902	-0.287
919.101	208.439	-1.889	-0.284
919.301	210.417	-1.902	-0.292
919.400	211.507	-1.863	-0.263
919.601	213.512	-1.866	-0.265
919.801	215.554	-1.851	-0.254
920.001	217.640	-1.842	-0.282
920.201	219.705	-1.849	-0.294
920.401	221.677	-1.819	-0.290
920.601	223.732	-1.819	-0.270
920.801	225.709	-1.820	-0.279
921.001	227.707	-1.820	-0.277
921.201	229.926	-1.775	-0.256
921.401	231.757	-1.787	-0.282
921.601	233.867	-1.747	-0.266
921.800	235.888	-1.765	-0.299
922.001	237.881	-1.749	-0.285
922.201	240.092	-1.755	-0.285
922.401	241.994	-1.737	-0.274
922.601	243.975	-1.739	-0.278
922.701	245.144	-1.688	-0.242
922.901	247.028	-1.682	-0.275
923.101	249.175	-1.698	-0.298
923.300	251.198	-1.695	-0.300
923.501	253.224	-1.701	-0.289
923.701	255.228	-1.664	-0.270
923.901	257.227	-1.665	-0.263
924.101	259.309	-1.657	-0.268
924.301	261.255	-1.638	-0.272
924.501	263.369	-1.621	-0.280
924.701	265.314	-1.641	-0.307
924.901	267.542	-1.621	-0.284
925.101	269.530	-1.619	-0.285
925.301	271.414	-1.585	-0.263
925.501	273.483	-1.584	-0.284
925.701	275.488	-1.558	-0.271
925.801	276.654	-1.595	-0.317
926.001	278.607	-1.536	-0.287
926.201	280.614	-1.554	-0.306
926.400	282.766	-1.568	-0.312
926.601	284.756	-1.532	-0.298
926.801	286.788	-1.546	-0.290
927.001	288.825	-1.506	-0.272
927.201	290.743	-1.506	-0.283
927.301	291.859	-1.484	-0.306
927.501	293.900	-1.489	-0.307
927.701	295.927	-1.498	-0.301
927.901	297.905	-1.490	-0.312
928.100	299.940	-1.471	-0.284
928.301	301.956	-1.460	-0.284
928.501	304.068	-1.453	-0.284
928.701	306.131	-1.453	-0.306
928.901	308.138	-1.426	-0.291
929.101	310.122	-1.415	-0.324
929.301	312.229	-1.438	-0.289
929.501	314.194	-1.431	-0.301
929.701	316.218	-1.419	-0.287
929.901	318.285	-1.394	-0.295
930.101	320.264	-1.393	-0.288
930.301	322.380	-1.377	-0.298
930.501	324.356	-1.389	-0.308
930.701	326.463	-1.369	-0.298
930.901	328.430	-1.384	-0.306
931.101	330.604	-1.356	-0.296
931.301	332.523	-1.385	-0.291
931.501	334.528	-1.324	-0.276
931.701	336.705	-1.348	-0.313
931.901	338.719	-1.321	-0.294
932.101	340.679	-1.335	-0.320
932.301	342.756	-1.316	-0.292
932.501	344.722	-1.323	-0.309
932.701	346.865	-1.303	-0.282
932.901	348.728	-1.304	-0.296
933.001	349.831	-1.272	-0.268
933.201	351.841	-1.264	-0.299
933.401	353.829	-1.294	-0.320
933.600	355.868	-1.283	-0.301
933.801	357.999	-1.289	-0.317
934.001	359.983	-1.270	-0.287
934.201	361.965	-1.269	-0.290
934.401	364.131	-1.237	-0.284
934.601	366.033	-1.247	-0.303
934.801	368.134	-1.226	-0.309
935.001	370.092	-1.257	-0.316
935.101	371.255	-1.235	-0.285
935.301	373.246	-1.231	-0.297
935.501	375.349	-1.240	-0.297
935.701	377.252	-1.218	-0.286
935.901	379.378	-1.211	-0.281
936.101	381.362	-1.172	-0.282
936.301	383.313	-1.184	-0.307
936.401	384.437	-1.192	-0.342
936.601	386.546	-1.200	-0.324
936.801	388.566	-1.160	-0.280
937.001	390.283	-1.135	-0.294
937.201	391.291	-1.114	-0.286
937.401	391.507	-1.109	-0.299
937.501	391.507	-1.100	-0.297
1198.301	0.000	-4.797	0.425
1198.501	0.096	-4.814	0.418
1198.701	0.937	-4.806	0.430
1198.901	2.505	-4.810	0.423
1199.101	4.674	-4.790	0.463
1199.301	6.616	-4.807	0.428
1199.501	8.601	-4.782	0.448
1199.601	9.710	-4.798	0.441
1199.801	11.759	-4.808	0.427
1200.001	13.800	-4.785	0.435
1200.201	15.720	-4.823	0.412
1200.401	17.886	-4.803	0.443
1200.601	19.811	-4.831	0.413
1200.801	21.871	-4.799	0.444
1201.001	23.868	-4.805	0.436
1201.101	25.001	-4.775	0.462
1201.301	26.896	-4.782	0.442
1201.501	28.959	-4.815	0.413
1201.701	31.141	-4.791	0.404
1201.902	33.091	-4.794	0.396
1202.101	35.064	-4.447	0.352
1202.302	37.167	-2.760	0.050
1202.502	39.131	-2.760	0.027
1202.601	40.268	-2.786	0.011
1202.802	42.273	-2.744	0.006
1203.001	44.267	-2.739	-0.019
1203.201	46.248	-2.698	-0.021
1203.401	48.415	-2.682	-0.051
1203.601	50.380	-2.671	-0.064
1203.801	52.440	-2.655	-0.090
1204.001	54.430	-2.620	-0.085
1204.201	56.412	-2.617	-0.113
1204.401	58.546	-2.594	-0.105
1204.601	60.612	-2.564	-0.149
1204.801	62.546	-2.538	-0.148
1205.001	64.602	-2.528	-0.185
1205.201	66.608	-2.520	-0.195
1205.401	68.721	-2.513	-0.213
1205.601	70.727	-2.495	-0.204
1205.801	72.713	-2.473	-0.207
1206.001	74.816	-2.469	-0.223
1206.201	76.942	-2.458	-0.249
1206.401	78.805	-2.457	-0.243
1206.601	80.812	-2.417	-0.245
1206.801	82.950	-2.438	-0.218
1207.001	84.977	-2.428	-0.192
1207.201	86.935	-2.422	-0.180
1207.401	89.047	-2.394	-0.173
1207.601	91.039	-2.399	-0.193
1207.801	93.208	-2.387	-0.187
1208.001	95.094	-2.357	-0.190
1208.201	97.096	-2.352	-0.195
1208.301	98.231	-2.355	-0.230
1208.501	100.247	-2.355	-0.219
1208.701	102.289	-2.357	-0.219
1208.901	104.299	-2.330	-0.226
1209.101	106.234	-2.352	-0.228
1209.201	107.382	-2.337	-0.226
1209.401	109.291	-2.298	-0.204
1209.601	111.433	-2.301	-0.219
1209.801	113.400	-2.283	-0.227
1210.001	115.466	-2.297	-0.238
1210.201	117.546	-2.274	-0.248
1210.401	119.529	-2.288	-0.243
1210.601	121.493	-2.277	-0.238
1210.701	122.660	-2.294	-0.238
1210.901	124.585	-2.273	-0.220
1211.101	126.652	-2.243	-0.223
1211.301	128.629	-2.253	-0.217
1211.501	130.793	-2.222	-0.232
1211.701	132.785	-2.232	-0.248
1211.901	134.908	-2.210	-0.249
1212.101	136.893	-2.238	-0.250
1212.301	138.872	-2.214	-0.249
1212.501	140.985	-2.212	-0.236
1212.701	142.993	-2.192	-0.246
1212.901	144.965	-2.191	-0.232
1213.101	147.059	-2.174	-0.243
1213.301	149.067	-2.164	-0.250
1213.501	151.189	-2.136	-0.249
1213.703	153.133	-2.147	-0.269
1213.903	155.169	-2.143	-0.274
1214.101	157.190	-2.142	-0.272
1214.303	159.233	-2.130	-0.249
1214.503	161.240	-2.130	-0.261
1214.703	163.364	-2.100	-0.235
1214.901	165.354	-2.087	-0.252
1215.101	167.313	-2.073	-0.258
1215.301	169.321	-2.070	-0.288
1215.501	171.421	-2.060	-0.263
1215.701	173.467	-2.071	-0.286
1215.901	175.415	-2.053	-0.268
1216.101	177.566	-2.050	-0.284
1216.301	179.508	-2.045	-0.252
1216.501	181.585	-1.992	-0.259
1216.701	183.606	-1.981	-0.242
1216.901	185.646	-1.988	-0.297
1217.101	187.688	-1.983	-0.269
1217.301	189.692	-1.995	-0.306
1217.501	191.715	-1.975	-0.284
1217.701	193.729	-1.970	-0.280
1217.801	194.847	-1.947	-0.272
1218.001	196.924	-1.931	-0.249
1218.201	198.897	-1.953	-0.272
1218.401	200.975	-1.898	-0.256
1218.602	203.035	-1.937	-0.288
1218.802	205.041	-1.874	-0.277
1219.001	207.064	-1.903	-0.299
1219.201	208.995	-1.883	-0.284
1219.301	210.127	-1.915	-0.297
1219.502	212.145	-1.886	-0.273
1219.701	214.137	-1.854	-0.267
1219.901	216.296	-1.865	-0.280
1220.101	218.239	-1.843	-0.269
1220.301	220.165	-1.830	-0.278
1220.501	222.224	-1.803	-0.273
1220.701	224.286	-1.815	-0.300
1220.901	226.282	-1.803	-0.283
1221.102	228.316	-1.826	-0.291
1221.302	230.477	-1.785	-0.275
1221.501	232.368	-1.806	-0.286
1221.701	234.418	-1.755	-0.263
1221.902	236.561	-1.756	-0.264
1222.101	238.637	-1.724	-0.275
1222.301	240.626	-1.727	-0.276
1222.501	242.590	-1.725	-0.299
1222.701	244.676	-1.725	-0.281
1222.901	246.657	-1.730	-0.295
1223.001	247.794	-1.722	-0.288
1223.201	249.698	-1.718	-0.285
1223.301	250.784	-1.689	-0.269
1223.501	252.815	-1.687	-0.263
1223.701	254.807	-1.651	-0.245
1223.901	256.897	-1.657	-0.289
1224.101	258.953	-1.652	-0.287
1224.301	260.894	-1.646	-0.300
1224.501	262.902	-1.663	-0.285
1224.701	265.070	-1.633	-0.294
1224.901	266.988	-1.621	-0.259
1225.101	269.052	-1.596	-0.271
1225.301	271.151	-1.600	-0.261
1225.501	273.151	-1.579	-0.285
1225.702	275.101	-1.560	-0.278
1225.903	277.242	-1.557	-0.298
1226.101	279.164	-1.567	-0.289
1226.303	281.372	-1.567	-0.308
1226.501	283.339	-1.544	-0.283
1226.701	285.409	-1.542	-0.293
1226.901	287.375	-1.525	-0.282
1227.101	289.541	-1.506	-0.277
1227.301	291.406	-1.504	-0.291
1227.501	293.509	-1.481	-0.294
1227.701	295.513	-1.485	-0.317
1227.901	297.603	-1.468	-0.291
1228.101	299.691	-1.479	-0.295
1228.301	301.554	-1.473	-0.289
1228.501	303.673	-1.470	-0.295
1228.701	305.633	-1.453	-0.282
1228.901	307.820	-1.439	-0.283
1229.101	309.734	-1.427	-0.281
1229.301	311.801	-1.423	-0.317
1229.501	313.782	-1.403	-0.288
1229.701	315.900	-1.426	-0.316
1229.901	317.915	-1.399	-0.294
1230.101	319.917	-1.449	-0.322
1230.301	321.930	-1.382	-0.280
1230.401	323.059	-1.371	-0.266
1230.603	325.054	-1.384	-0.287
1230.801	326.980	-1.357	-0.291
1231.002	329.045	-1.365	-0.300
1231.201	331.110	-1.344	-0.286
1231.402	333.201	-1.362	-0.317
1231.601	335.186	-1.350	-0.305
1231.801	337.150	-1.363	-0.306
1232.001	339.236	-1.333	-0.284
1232.201	341.226	-1.340	-0.294
1232.301	342.392	-1.333	-0.281
1232.501	344.277	-1.314	-0.294
1232.701	346.313	-1.293	-0.277
1232.901	348.491	-1.276	-0.294
1233.101	350.474	-1.297	-0.323
1233.301	352.526	-1.293	-0.310
1233.501	354.517	-1.300	-0.303
1233.701	356.596	-1.269	-0.289
1233.901	358.623	-1.303	-0.301
1234.101	360.609	-1.265	-0.295
1234.301	362.664	-1.269	-0.290
1234.501	364.650	-1.230	-0.301
1234.701	366.652	-1.255	-0.301
1234.901	368.696	-1.238	-0.311
1235.101	370.768	-1.236	-0.302
1235.301	372.758	-1.236	-0.301
1235.501	374.903	-1.237	-0.299
1235.701	376.901	-1.222	-0.283
1235.901	378.887	-1.228	-0.293
1236.101	380.961	-1.193	-0.279
1236.301	382.962	-1.189	-0.302
1236.501	385.143	-1.166	-0.281
1236.701	387.038	-1.170	-0.312
1236.901	389.042	-1.145	-0.306
1237.001	390.054	-1.178	-0.356
1237.201	391.123	-1.150	-0.305
1237.401	391.508	-1.116	-0.290
1498.401	0.000	-4.815	0.444
1498.601	0.099	-4.834	0.437
1498.801	0.835	-4.819	0.435
1498.901	1.601	-4.804	0.460
1499.101	3.428	-4.832	0.453
1499.201	4.516	-4.812	0.505
1499.401	6.460	-4.820	0.460
1499.501	7.580	-4.829	0.438
1499.701	9.617	-4.795	0.481
1499.901	11.617	-4.814	0.439
1500.101	13.598	-4.779	0.476
1500.301	15.701	-4.816	0.427
1500.501	17.705	-4.807	0.457
1500.701	19.768	-4.832	0.425
1500.901	21.714	-4.827	0.447
1501.101	23.876	-4.841	0.442
1501.301	25.921	-4.818	0.440
1501.501	27.948	-4.824	0.445
1501.701	29.944	-4.811	0.447
1501.901	31.956	-4.804	0.439
1502.101	33.953	-4.792	0.415
1502.201	35.059	-4.217	0.315
1502.401	37.113	-2.748	0.029
1502.601	39.091	-2.749	-0.024
1502.801	41.052	-2.767	-0.052
1503.001	43.187	-2.753	-0.065
1503.201	45.219	-2.738	-0.062
1503.401	47.185	-2.687	-0.069
1503.601	49.260	-2.680	-0.085
1503.801	51.298	-2.635	-0.095
1504.001	53.369	-2.628	-0.110
1504.201	55.470	-2.596	-0.110
1504.401	57.442	-2.609	-0.134
1504.601	59.363	-2.597	-0.151
1504.801	61.430	-2.576	-0.172
1505.001	63.481	-2.542	-0.165
1505.201	65.479	-2.531	-0.188
1505.402	67.553	-2.521	-0.183
1505.601	69.598	-2.513	-0.204
1505.801	71.662	-2.494	-0.178
1506.001	73.706	-2.493	-0.216
1506.202	75.690	-2.463	-0.194
1506.401	77.743	-2.463	-0.224
1506.602	79.780	-2.447	-0.220
1506.802	81.758	-2.444	-0.232
1507.001	83.769	-2.425	-0.145
1507.202	85.803	-2.434	-0.156
1507.301	86.918	-2.445	-0.169
1507.501	88.874	-2.404	-0.165
1507.601	89.967	-2.423	-0.159
1507.801	91.976	-2.380	-0.155
1508.001	94.000	-2.372	-0.183
1508.201	96.083	-2.357	-0.174
1508.401	98.183	-2.366	-0.195
1508.601	100.127	-2.348	-0.183
1508.801	102.190	-2.375	-0.211
1509.001	104.130	-2.343	-0.194
1509.201	106.177	-2.354	-0.195
1509.401	108.285	-2.332	-0.184
1509.601	110.287	-2.311	-0.174
1509.801	112.350	-2.296	-0.187
1510.001	114.331	-2.285	-0.188
1510.201	116.349	-2.284	-0.208
1510.401	118.420	-2.269	-0.227
1510.601	120.476	-2.282	-0.231
1510.801	122.465	-2.270	-0.235
1511.001	124.507	-2.281	-0.212
1511.201	126.557	-2.263	-0.227
1511.401	128.565	-2.266	-0.210
1511.601	130.611	-2.239	-0.218
1511.801	132.658	-2.231	-0.228
1512.001	134.640	-2.206	-0.226
1512.201	136.735	-2.212	-0.222
1512.401	138.835	-2.196	-0.232
1512.601	140.776	-2.187	-0.241
1512.801	142.812	-2.183	-0.255
1513.001	144.804	-2.192	-0.253
1513.201	146.981	-2.171	-0.270
1513.401	148.962	-2.167	-0.251
1513.601	150.914	-2.177	-0.265
1513.801	152.997	-2.152	-0.241
1514.001	155.105	-2.131	-0.238
1514.201	157.100	-2.105	-0.246
1514.401	159.161	-2.099	-0.253
1514.601	161.097	-2.095	-0.279
1514.801	163.111	-2.086	-0.257
1515.002	165.155	-2.084	-0.289
1515.201	167.179	-2.086	-0.274
1515.401	169.237	-2.095	-0.296
1515.602	171.281	-2.072	-0.259
1515.801	173.285	-2.071	-0.271
1516.001	175.511	-2.038	-0.261
1516.201	177.511	-2.021	-0.269
1516.401	179.473	-2.010	-0.251
1516.601	181.574	-2.013	-0.293
1516.801	183.544	-1.987	-0.273
1517.001	185.625	-1.990	-0.288
1517.201	187.538	-1.978	-0.282
1517.401	189.669	-1.994	-0.319
1517.601	191.760	-1.966	-0.266
1517.801	193.688	-1.977	-0.286
1518.001	195.661	-1.947	-0.265
1518.201	197.836	-1.945	-0.278
1518.401	199.823	-1.919	-0.257
1518.601	201.762	-1.903	-0.258
1518.801	203.817	-1.901	-0.279
1519.001	205.832	-1.874	-0.277
1519.101	207.001	-1.925	-0.328
1519.301	209.069	-1.860	-0.272
1519.501	211.041	-1.899	-0.306
1519.701	212.969	-1.856	-0.283
1519.901	215.121	-1.876	-0.281
1520.101	217.178	-1.857	-0.269
1520.301	219.081	-1.866	-0.277
1520.501	221.204	-1.821	-0.270
1520.701	223.245	-1.825	-0.279
1520.901	225.255	-1.775	-0.261
1521.101	227.255	-1.794	-0.273
1521.301	229.252	-1.772	-0.286
1521.501	231.282	-1.790	-0.293
1521.601	232.393	-1.819	-0.305
1521.801	234.341	-1.761	-0.282
1522.001	236.442	-1.787	-0.295
1522.201	238.405	-1.759	-0.281
1522.401	240.444	-1.748	-0.270
1522.601	242.553	-1.726	-0.276
1522.801	244.510	-1.730	-0.269
1523.001	246.576	-1.711	-0.270
1523.201	248.743	-1.685	-0.272
1523.401	250.723	-1.676	-0.285
1523.601	252.693	-1.681	-0.308
1523.801	254.697	-1.680	-0.274
1524.001	256.713	-1.689	-0.297
1524.101	257.864	-1.687	-0.263
1524.301	259.765	-1.674	-0.287
1524.501	261.912	-1.666	-0.276
1524.701	264.027	-1.633	-0.270
1524.901	265.900	-1.626	-0.249
1525.101	268.001	-1.612	-0.281
1525.301	270.103	-1.599	-0.290
1525.501	272.105	-1.591	-0.291
1525.702	274.071	-1.579	-0.284
1525.901	276.154	-1.577	-0.303
1526.102	278.140	-1.567	-0.294
1526.302	280.100	-1.568	-0.291
1526.501	282.171	-1.572	-0.295
1526.701	284.289	-1.542	-0.266
1526.901	286.341	-1.565	-0.299
1527.101	288.330	-1.510	-0.240
1527.301	290.283	-1.518	-0.293
1527.501	292.339	-1.477	-0.279
1527.701	294.444	-1.500	-0.314
1527.901	296.439	-1.478	-0.308
1528.102	298.413	-1.507	-0.320
1528.201	299.517	-1.468	-0.296
1528.402	301.548	-1.482	-0.297
1528.602	303.550	-1.489	-0.302
1528.802	305.645	-1.473	-0.288
1529.002	307.575	-1.462	-0.277
1529.201	309.679	-1.434	-0.282
1529.401	311.791	-1.436	-0.283
1529.603	313.807	-1.413	-0.285
1529.802	315.770	-1.419	-0.312
1530.002	317.884	-1.395	-0.301
1530.202	319.882	-1.435	-0.330
1530.401	321.814	-1.393	-0.300
1530.602	323.899	-1.422	-0.312
1530.802	326.002	-1.374	-0.281
1531.002	328.025	-1.398	-0.286
1531.202	330.032	-1.359	-0.280
1531.401	331.994	-1.383	-0.291
1531.601	334.061	-1.343	-0.268
1531.802	336.134	-1.347	-0.289
1532.001	338.126	-1.324	-0.287
1532.201	340.125	-1.335	-0.304
1532.302	341.227	-1.322	-0.317
1532.501	343.190	-1.324	-0.312
1532.702	345.336	-1.345	-0.296
1532.901	347.283	-1.318	-0.302
1533.101	349.410	-1.323	-0.282
1533.302	351.321	-1.280	-0.278
1533.502	353.421	-1.299	-0.286
1533.701	355.412	-1.261	-0.282
1533.901	357.546	-1.289	-0.303
1534.102	359.510	-1.253	-0.301
1534.301	361.530	-1.279	-0.306
1534.501	363.589	-1.261	-0.305
1534.701	365.666	-1.266	-0.308
1534.901	367.643	-1.261	-0.303
1535.101	369.672	-1.257	-0.305
1535.302	371.707	-1.244	-0.285
1535.501	373.691	-1.242	-0.293
1535.701	375.714	-1.222	-0.270
1535.901	377.891	-1.229	-0.304
1536.101	379.820	-1.196	-0.285
1536.302	381.919	-1.186	-0.301
1536.501	383.851	-1.189	-0.292
1536.701	386.011	-1.190	-0.335
1536.901	388.010	-1.178	-0.298
1537.101	389.936	-1.168	-0.321
1537.301	391.120	-1.128	-0.295
1537.502	391.507	-1.121	-0.298
1798.601	0.028	-4.812	0.438
1798.802	0.647	-4.798	0.446
1799.002	2.034	-4.818	0.427
1799.201	3.987	-4.813	0.421
1799.402	6.082	-4.822	0.423
1799.602	8.041	-4.836	0.422
1799.802	10.200	-4.828	0.444
1800.002	12.093	-4.830	0.432
1800.202	14.078	-4.829	0.450
1800.301	15.218	-4.791	0.465
1800.501	17.235	-4.827	0.438
1800.702	19.283	-4.808	0.460
1800.902	21.344	-4.817	0.432
1801.101	23.244	-4.802	0.459
1801.201	24.341	-4.805	0.417
1801.402	26.358	-4.806	0.433
1801.602	28.402	-4.809	0.426
1801.802	30.509	-4.813	0.423
1802.002	32.416	-4.801	0.429
1802.201	34.523	-4.824	0.411
1802.402	36.540	-3.040	0.144
1802.602	38.504	-2.705	0.086
1802.802	40.527	-2.705	0.041
1803.002	42.703	-2.751	0.020
1803.202	44.679	-2.727	0.009
1803.401	46.625	-2.704	0.008
1803.501	47.724	-2.648	0.026
1803.702	49.776	-2.673	-0.038
1803.902	51.838	-2.652	-0.040
1804.101	53.849	-2.631	-0.084
1804.302	55.857	-2.615	-0.077
1804.501	57.879	-2.604	-0.091
1804.701	59.864	-2.583	-0.108
1804.902	61.881	-2.556	-0.130
1805.102	64.060	-2.537	-0.150
1805.301	66.038	-2.525	-0.163
1805.501	68.115	-2.517	-0.171
1805.701	70.148	-2.486	-0.147
1805.901	72.123	-2.475	-0.159
1806.102	74.109	-2.460	-0.179
1806.302	76.240	-2.448	-0.201
1806.501	78.256	-2.424	-0.207
1806.702	80.309	-2.433	-0.220
1806.902	82.314	-2.428	-0.225
1807.101	84.291	-2.441	-0.181
1807.302	86.415	-2.399	-0.154
1807.501	88.448	-2.416	-0.176
1807.702	90.448	-2.381	-0.171
1807.902	92.555	-2.389	-0.175
1808.102	94.504	-2.348	-0.168
1808.301	96.504	-2.361	-0.194
1808.501	98.560	-2.336	-0.179
1808.701	100.627	-2.336	-0.184
1808.901	102.630	-2.314	-0.198
1809.102	104.774	-2.322	-0.204
1809.301	106.757	-2.315	-0.209
1809.501	108.718	-2.324	-0.215
1809.702	110.789	-2.303	-0.216
1809.902	112.748	-2.318	-0.223
1810.002	113.901	-2.307	-0.196
1810.202	115.909	-2.292	-0.221
1810.402	117.885	-2.292	-0.212
1810.601	119.978	-2.269	-0.218
1810.802	121.934	-2.277	-0.211
1811.002	123.975	-2.246	-0.230
1811.201	125.981	-2.247	-0.219
1811.401	128.025	-2.224	-0.237
1811.601	130.140	-2.227	-0.231
1811.802	132.068	-2.208	-0.248
1812.002	134.235	-2.200	-0.235
1812.202	136.200	-2.210	-0.254
1812.402	138.237	-2.229	-0.263
1812.602	140.225	-2.194	-0.247
1812.802	142.369	-2.208	-0.248
1813.001	144.342	-2.180	-0.229
1813.202	146.351	-2.184	-0.256
1813.402	148.545	-2.151	-0.226
1813.602	150.480	-2.141	-0.249
1813.801	152.480	-2.126	-0.248
1814.002	154.444	-2.133	-0.270
1814.202	156.534	-2.111	-0.255
1814.402	158.524	-2.097	-0.273
1814.501	159.694	-2.087	-0.240
1814.702	161.612	-2.110	-0.293
1814.902	163.621	-2.095	-0.284
1815.001	164.778	-2.093	-0.242
1815.202	166.783	-2.093	-0.293
1815.401	168.809	-2.084	-0.272
1815.602	170.806	-2.088	-0.291
1815.801	172.797	-2.056	-0.242
1815.901	173.934	-2.057	-0.245
1816.101	175.897	-2.053	-0.277
1816.302	177.893	-2.022	-0.251
1816.502	180.068	-2.013	-0.264
1816.702	181.992	-1.985	-0.249
1816.902	183.956	-1.998	-0.272
1817.102	186.041	-1.971	-0.263
1817.302	188.127	-1.979	-0.278
1817.502	190.088	-1.960	-0.266
1817.702	192.091	-1.980	-0.291
1817.901	194.179	-1.961	-0.289
1818.102	196.221	-1.963	-0.284
1818.301	198.318	-1.938	-0.261
1818.502	200.369	-1.950	-0.297
1818.701	202.281	-1.917	-0.254
1818.902	204.414	-1.909	-0.257
1819.102	206.431	-1.871	-0.247
1819.302	208.460	-1.880	-0.271
1819.502	210.456	-1.866	-0.273
1819.702	212.471	-1.868	-0.277
1819.902	214.483	-1.848	-0.281
1820.101	216.629	-1.853	-0.285
1820.301	218.556	-1.849	-0.283
1820.401	219.656	-1.811	-0.273
1820.602	221.631	-1.846	-0.291
1820.801	223.634	-1.828	-0.282
1820.902	224.743	-1.817	-0.278
1821.101	226.749	-1.817	-0.266
1821.302	228.824	-1.802	-0.266
1821.501	230.935	-1.800	-0.265
1821.702	232.898	-1.775	-0.258
1821.901	234.818	-1.765	-0.264
1822.102	236.961	-1.718	-0.254
1822.302	238.965	-1.738	-0.272
1822.502	240.930	-1.713	-0.268
1822.701	242.986	-1.729	-0.282
1822.902	245.169	-1.701	-0.284
1823.102	247.060	-1.730	-0.290
1823.301	249.077	-1.707	-0.282
1823.502	251.246	-1.705	-0.268
1823.702	253.250	-1.692	-0.269
1823.901	255.235	-1.682	-0.270
1824.102	257.266	-1.673	-0.263
1824.301	259.281	-1.664	-0.264
1824.502	261.273	-1.644	-0.256
1824.702	263.297	-1.634	-0.276
1824.902	265.467	-1.611	-0.258
1825.101	267.558	-1.592	-0.272
1825.302	269.453	-1.593	-0.269
1825.501	271.556	-1.602	-0.295
1825.701	273.592	-1.585	-0.288
1825.901	275.515	-1.575	-0.291
1826.001	276.615	-1.611	-0.273
1826.201	278.639	-1.573	-0.285
1826.402	280.621	-1.568	-0.283
1826.602	282.780	-1.557	-0.271
1826.802	284.786	-1.549	-0.280
1827.002	286.713	-1.547	-0.276
1827.202	288.782	-1.532	-0.273
1827.401	290.796	-1.501	-0.251
1827.602	292.801	-1.497	-0.284
1827.802	294.863	-1.488	-0.275
1828.002	296.890	-1.487	-0.302
1828.201	298.942	-1.468	-0.284
1828.401	300.954	-1.489	-0.306
1828.602	303.084	-1.477	-0.292
1828.802	305.181	-1.489	-0.299
1829.002	307.165	-1.456	-0.273
1829.202	309.128	-1.467	-0.295
1829.402	311.211	-1.449	-0.278
1829.602	313.205	-1.444	-0.286
1829.801	315.313	-1.437	-0.281
1830.001	317.223	-1.426	-0.283
1830.202	319.239	-1.410	-0.270
1830.402	321.301	-1.401	-0.283
1830.601	323.329	-1.383	-0.275
1830.801	325.415	-1.388	-0.308
1831.001	327.429	-1.370	-0.291
1831.202	329.424	-1.384	-0.306
1831.301	330.509	-1.407	-0.311
1831.502	332.537	-1.371	-0.291
1831.702	334.545	-1.380	-0.314
1831.902	336.542	-1.350	-0.282
1832.102	338.611	-1.382	-0.298
1832.301	340.626	-1.342	-0.278
1832.501	342.770	-1.371	-0.298
1832.702	344.795	-1.328	-0.278
1832.901	346.783	-1.312	-0.265
1833.101	348.842	-1.298	-0.275
1833.301	350.833	-1.288	-0.289
1833.501	352.806	-1.286	-0.290
1833.702	354.899	-1.275	-0.300
1833.902	356.878	-1.288	-0.308
1834.002	358.045	-1.288	-0.289
1834.202	359.931	-1.285	-0.308
1834.302	361.048	-1.284	-0.283
1834.502	363.074	-1.272	-0.292
1834.701	365.130	-1.274	-0.314
1834.903	367.080	-1.261	-0.293
1835.102	369.207	-1.256	-0.285
1835.302	371.199	-1.235	-0.275
1835.502	373.306	-1.248	-0.291
1835.703	375.236	-1.227	-0.275
1835.903	377.339	-1.232	-0.286
1836.102	379.325	-1.185	-0.287
1836.302	381.331	-1.215	-0.300
1836.502	383.357	-1.179	-0.304
1836.702	385.403	-1.185	-0.298
1836.902	387.408	-1.180	-0.304
1837.101	389.487	-1.173	-0.311
1837.302	390.882	-1.140	-0.303
1837.501	391.477	-1.135	-0.307
1837.701	391.507	-1.140	-0.297
2098.601	0.000	-4.807	0.448
2098.802	0.164	-4.791	0.458
2098.902	0.557	-4.770	0.439
2099.102	1.868	-4.796	0.445
2099.302	3.934	-4.791	0.444
2099.502	5.875	-4.804	0.443
2099.702	7.907	-4.795	0.443
2099.902	10.112	-4.814	0.430
2100.102	12.001	-4.799	0.423
2100.302	14.013	-4.815	0.436
2100.502	16.218	-4.823	0.434
2100.702	18.092	-4.827	0.423
2100.902	20.218	-4.815	0.462
2101.102	22.229	-4.804	0.449
2101.302	24.230	-4.792	0.458
2101.502	26.212	-4.796	0.432
2101.702	28.430	-4.779	0.460
2101.902	30.393	-4.806	0.423
2102.102	32.300	-4.796	0.431
2102.301	34.361	-4.787	0.414
2102.402	35.450	-3.711	0.265
2102.602	37.491	-2.739	0.068
2102.801	39.454	-2.785	-0.002
2102.901	40.584	-2.745	0.044
2103.101	42.497	-2.754	0.005
2103.301	44.597	-2.725	-0.001
2103.501	46.655	-2.713	-0.019
2103.702	48.620	-2.690	-0.028
2103.901	50.761	-2.658	-0.036
2104.102	52.770	-2.630	-0.040
2104.302	54.773	-2.625	-0.068
2104.502	56.798	-2.590	-0.078
2104.702	58.874	-2.591	-0.098
2104.902	60.869	-2.554	-0.122
2105.102	63.026	-2.547	-0.149
2105.302	64.852	-2.531	-0.151
2105.502	67.003	-2.513	-0.170
2105.702	69.110	-2.497	-0.162
2105.902	71.102	-2.494	-0.177
2106.102	73.067	-2.478	-0.175
2106.302	75.167	-2.467	-0.212
2106.502	77.145	-2.457	-0.201
2106.702	79.128	-2.452	-0.219
2106.902	81.196	-2.424	-0.194
2107.102	83.211	-2.396	-0.159
2107.302	85.201	-2.402	-0.159
2107.502	87.373	-2.385	-0.164
2107.702	89.330	-2.378	-0.167
2107.902	91.363	-2.376	-0.186
2108.102	93.339	-2.380	-0.183
2108.302	95.454	-2.373	-0.192
2108.502	97.492	-2.350	-0.163
2108.702	99.564	-2.353	-0.176
2108.902	101.679	-2.323	-0.172
2109.102	103.638	-2.310	-0.173
2109.302	105.615	-2.285	-0.186
2109.501	107.590	-2.296	-0.191
2109.702	109.738	-2.287	-0.221
2109.902	111.821	-2.278	-0.207
2110.102	113.745	-2.294	-0.222
2110.302	115.746	-2.263	-0.233
2110.502	117.903	-2.289	-0.236
2110.702	119.799	-2.244	-0.237
2110.902	121.940	-2.277	-0.229
2111.102	123.982	-2.260	-0.236
2111.302	125.889	-2.251	-0.232
2111.502	128.024	-2.235	-0.232
2111.702	130.007	-2.230	-0.230
2111.902	132.072	-2.200	-0.212
2112.103	134.191	-2.201	-0.230
2112.303	136.133	-2.180	-0.236
2112.502	138.128	-2.178	-0.262
2112.702	140.155	-2.172	-0.257
2112.903	142.189	-2.188	-0.273
2113.103	144.260	-2.175	-0.255
2113.302	146.236	-2.181	-0.268
2113.502	148.299	-2.171	-0.254
2113.702	150.487	-2.144	-0.240
2113.902	152.491	-2.141	-0.240
2114.102	154.455	-2.150	-0.259
2114.301	156.441	-2.125	-0.247
2114.502	158.587	-2.110	-0.250
2114.702	160.616	-2.096	-0.234
2114.902	162.560	-2.097	-0.266
2115.102	164.543	-2.063	-0.248
2115.202	165.708	-2.042	-0.251
2115.402	167.597	-2.068	-0.268
2115.602	169.725	-2.061	-0.292
2115.802	171.749	-2.059	-0.287
2116.002	173.772	-2.039	-0.262
2116.202	175.756	-2.039	-0.270
2116.402	177.765	-2.038	-0.272
2116.602	180.000	-2.036	-0.277
2116.802	182.006	-2.004	-0.260
2117.002	183.983	-2.019	-0.265
2117.202	185.927	-1.992	-0.249
2117.402	188.135	-1.969	-0.247
2117.602	190.064	-1.949	-0.247
2117.802	192.119	-1.956	-0.269
2118.002	194.145	-1.921	-0.262
2118.202	196.130	-1.945	-0.284
2118.402	198.264	-1.914	-0.270
2118.602	200.268	-1.945	-0.288
2118.802	202.199	-1.909	-0.275
2119.002	204.322	-1.928	-0.282
2119.202	206.324	-1.883	-0.252
2119.402	208.367	-1.918	-0.282
2119.602	210.378	-1.893	-0.269
2119.802	212.389	-1.875	-0.251
2120.002	214.401	-1.856	-0.253
2120.202	216.425	-1.853	-0.269
2120.302	217.540	-1.820	-0.206
2120.502	219.621	-1.816	-0.270
2120.702	221.608	-1.822	-0.274
2120.902	223.557	-1.811	-0.285
2121.102	225.639	-1.811	-0.279
2121.302	227.623	-1.792	-0.281
2121.402	228.750	-1.790	-0.286
2121.601	230.650	-1.798	-0.282
2121.702	231.751	-1.786	-0.300
2121.903	233.775	-1.783	-0.282
2122.102	235.748	-1.764	-0.271
2122.203	236.907	-1.796	-0.269
2122.404	238.899	-1.763	-0.254
2122.603	240.957	-1.723	-0.263
2122.803	242.999	-1.727	-0.232
2123.002	244.911	-1.726	-0.262
2123.102	246.055	-1.735	-0.284
2123.302	248.048	-1.689	-0.249
2123.502	250.064	-1.678	-0.266
2123.702	252.099	-1.670	-0.265
2123.902	254.185	-1.677	-0.301
2124.101	256.186	-1.658	-0.265
2124.302	258.313	-1.663	-0.303
2124.502	260.169	-1.658	-0.267
2124.702	262.206	-1.671	-0.280
2124.902	264.420	-1.638	-0.266
2125.102	266.396	-1.634	-0.263
2125.302	268.330	-1.610	-0.244
2125.502	270.408	-1.607	-0.259
2125.702	272.391	-1.592	-0.247
2125.802	273.525	-1.573	-0.243
2126.002	275.415	-1.557	-0.256
2126.102	276.521	-1.573	-0.286
2126.302	278.527	-1.555	-0.277
2126.501	280.591	-1.530	-0.263
2126.702	282.706	-1.553	-0.281
2126.903	284.716	-1.526	-0.280
2127.104	286.656	-1.552	-0.303
2127.304	288.809	-1.535	-0.280
2127.502	290.800	-1.531	-0.277
2127.703	292.884	-1.527	-0.276
2127.902	294.828	-1.508	-0.272
2128.102	296.817	-1.502	-0.261
2128.302	299.020	-1.482	-0.266
2128.502	300.853	-1.469	-0.254
2128.602	301.972	-1.496	-0.292
2128.802	304.084	-1.452	-0.254
2129.001	305.962	-1.440	-0.260
2129.202	308.157	-1.446	-0.279
2129.402	310.070	-1.434	-0.284
2129.602	312.086	-1.442	-0.306
2129.802	314.271	-1.439	-0.295
2130.002	316.156	-1.461	-0.312
2130.202	318.280	-1.432	-0.274
2130.402	320.284	-1.432	-0.289
2130.602	322.309	-1.418	-0.269
2130.802	324.286	-1.424	-0.287
2131.002	326.317	-1.403	-0.269
2131.202	328.341	-1.393	-0.281
2131.302	329.437	-1.373	-0.243
2131.501	331.380	-1.375	-0.264
2131.601	332.481	-1.392	-0.285
2131.802	334.463	-1.359	-0.265
2132.002	336.488	-1.351	-0.293
2132.202	338.568	-1.322	-0.264
2132.402	340.646	-1.345	-0.311
2132.602	342.611	-1.334	-0.292
2132.802	344.779	-1.352	-0.317
2133.002	346.740	-1.339	-0.289
2133.202	348.745	-1.336	-0.295
2133.402	350.710	-1.320	-0.276
2133.602	352.763	-1.311	-0.274
2133.802	354.797	-1.289	-0.274
2134.002	356.835	-1.294	-0.275
2134.202	358.867	-1.281	-0.276
2134.402	361.059	-1.258	-0.272
2134.603	362.969	-1.263	-0.284
2134.802	364.978	-1.249	-0.289
2134.902	366.118	-1.244	-0.282
2135.102	367.983	-1.222	-0.285
2135.202	369.104	-1.270	-0.308
2135.402	371.129	-1.245	-0.311
2135.602	373.159	-1.225	-0.291
2135.802	375.164	-1.258	-0.301
2136.002	377.208	-1.219	-0.278
2136.202	379.192	-1.258	-0.303
2136.401	381.375	-1.228	-0.293
2136.602	383.361	-1.221	-0.288
2136.802	385.284	-1.180	-0.261
2136.902	386.437	-1.205	-0.306
2137.102	388.338	-1.176	-0.277
2137.202	389.420	-1.127	-0.262
2137.402	390.819	-1.128	-0.286
2137.602	391.474	-1.114	-0.302
2137.802	391.507	-1.106	-0.291
2398.702	0.000	-4.835	0.421
2398.902	0.172	-4.821	0.420
2399.102	1.082	-4.821	0.418
2399.302	2.773	-4.817	0.431
2399.502	4.756	-4.837	0.415
2399.702	6.977	-4.822	0.424
2399.902	8.998	-4.822	0.440
2400.102	10.979	-4.826	0.437
2400.302	12.985	-4.838	0.424
2400.502	15.053	-4.826	0.449
2400.702	17.016	-4.823	0.436
2400.902	19.078	-4.809	0.439
2401.102	21.236	-4.839	0.447
2401.302	23.222	-4.811	0.449
2401.502	25.134	-4.812	0.447
2401.702	27.167	-4.810	0.445
2401.902	29.173	-4.808	0.427
2402.002	30.325	-4.809	0.433
2402.202	32.242	-4.804	0.423
2402.402	34.291	-4.808	0.404
2402.602	36.495	-3.241	0.158
2402.802	38.326	-2.744	0.045
2402.902	39.452	-2.740	0.014
2403.102	41.590	-2.748	-0.025
2403.302	43.419	-2.732	-0.030
2403.502	45.556	-2.703	-0.046
2403.702	47.642	-2.684	-0.046
2403.902	49.635	-2.668	-0.047
2404.102	51.590	-2.649	-0.076
2404.302	53.679	-2.635	-0.075
2404.502	55.661	-2.624	-0.088
2404.702	57.743	-2.592	-0.089
2404.902	59.808	-2.585	-0.104
2405.102	61.724	-2.542	-0.114
2405.302	63.812	-2.538	-0.129
2405.502	65.810	-2.503	-0.153
2405.602	66.902	-2.534	-0.183
2405.802	68.883	-2.477	-0.157
2406.002	70.967	-2.485	-0.177
2406.202	73.017	-2.475	-0.166
2406.402	74.948	-2.469	-0.193
2406.502	76.104	-2.455	-0.183
2406.702	78.098	-2.433	-0.182
2406.902	80.076	-2.452	-0.191
2407.102	82.123	-2.430	-0.176
2407.302	84.223	-2.431	-0.123
2407.502	86.200	-2.408	-0.099
2407.702	88.279	-2.429	-0.127
2407.902	90.287	-2.378	-0.120
2408.102	92.265	-2.367	-0.127
2408.302	94.333	-2.347	-0.131
2408.502	96.313	-2.356	-0.152
2408.602	97.465	-2.323	-0.141
2408.802	99.470	-2.334	-0.157
2409.002	101.448	-2.316	-0.171
2409.201	103.475	-2.323	-0.182
2409.402	105.463	-2.309	-0.196
2409.502	106.557	-2.263	-0.177
2409.702	108.516	-2.307	-0.211
2409.802	109.610	-2.266	-0.179
2410.002	111.749	-2.284	-0.201
2410.202	113.711	-2.304	-0.219
2410.402	115.633	-2.279	-0.205
2410.602	117.697	-2.281	-0.227
2410.802	119.765	-2.266	-0.213
2411.002	121.784	-2.256	-0.204
2411.202	123.770	-2.225	-0.205
2411.302	124.878	-2.259	-0.229
2411.502	126.903	-2.233	-0.208
2411.702	128.879	-2.217	-0.223
2411.802	130.036	-2.202	-0.223
2412.002	132.026	-2.193	-0.221
2412.202	134.023	-2.219	-0.231
2412.402	136.146	-2.179	-0.240
2412.602	138.078	-2.178	-0.236
2412.802	140.252	-2.158	-0.240
2413.002	142.126	-2.192	-0.263
2413.202	144.237	-2.163	-0.252
2413.402	146.264	-2.179	-0.249
2413.602	148.266	-2.166	-0.260
2413.802	150.272	-2.166	-0.250
2414.002	152.285	-2.157	-0.260
2414.202	154.310	-2.141	-0.233
2414.302	155.409	-2.130	-0.227
2414.502	157.358	-2.126	-0.263
2414.602	158.458	-2.110	-0.243
2414.802	160.442	-2.110	-0.230
2415.002	162.433	-2.107	-0.248
2415.102	163.544	-2.088	-0.229
2415.302	165.498	-2.075	-0.245
2415.502	167.625	-2.066	-0.240
2415.702	169.628	-2.048	-0.241
2415.902	171.643	-2.047	-0.258
2416.102	173.718	-2.035	-0.268
2416.302	175.816	-2.031	-0.262
2416.502	177.814	-2.013	-0.270
2416.702	179.788	-2.014	-0.270
2416.902	181.834	-2.007	-0.264
2417.102	183.852	-2.005	-0.258
2417.302	185.875	-1.989	-0.266
2417.502	187.942	-2.000	-0.271
2417.702	189.944	-2.001	-0.273
2417.902	191.955	-1.976	-0.264
2418.102	193.968	-1.946	-0.242
2418.202	195.077	-1.949	-0.254
2418.402	197.187	-1.939	-0.253
2418.602	199.174	-1.943	-0.247
2418.802	201.117	-1.923	-0.244
2419.002	203.162	-1.902	-0.253
2419.202	205.155	-1.882	-0.238
2419.402	207.323	-1.886	-0.267
2419.602	209.303	-1.859	-0.236
2419.802	211.252	-1.858	-0.260
2420.002	213.331	-1.862	-0.272
2420.202	215.401	-1.862	-0.283
2420.402	217.360	-1.843	-0.266
2420.502	218.467	-1.840	-0.238
2420.702	220.410	-1.851	-0.288
2420.902	222.554	-1.813	-0.262
2421.102	224.486	-1.831	-0.276
2421.302	226.599	-1.799	-0.259
2421.502	228.599	-1.839	-0.288
2421.702	230.740	-1.796	-0.249
2421.902	232.693	-1.780	-0.252
2422.102	234.708	-1.775	-0.252
2422.302	236.780	-1.755	-0.250
2422.502	238.840	-1.736	-0.240
2422.702	240.845	-1.741	-0.246
2422.902	242.852	-1.714	-0.256
2423.102	244.884	-1.714	-0.268
2423.302	246.878	-1.692	-0.254
2423.502	248.912	-1.670	-0.260
2423.702	250.959	-1.682	-0.276
2423.902	253.020	-1.669	-0.280
2424.102	255.046	-1.679	-0.285
2424.302	257.151	-1.652	-0.269
2424.502	259.166	-1.670	-0.279
2424.702	261.230	-1.662	-0.278
2424.902	263.169	-1.650	-0.267
2425.102	265.313	-1.619	-0.266
2425.302	267.204	-1.632	-0.266
2425.502	269.366	-1.604	-0.254
2425.702	271.348	-1.614	-0.257
2425.902	273.322	-1.590	-0.255
2426.102	275.495	-1.598	-0.271
2426.302	277.487	-1.567	-0.262
2426.502	279.457	-1.561	-0.251
2426.702	281.467	-1.548	-0.267
2426.802	282.635	-1.553	-0.279
2427.002	284.568	-1.543	-0.272
2427.202	286.581	-1.518	-0.279
2427.402	288.765	-1.516	-0.264
2427.602	290.643	-1.520	-0.289
2427.802	292.632	-1.519	-0.281
2427.902	293.790	-1.500	-0.302
2428.102	295.675	-1.510	-0.283
2428.202	296.790	-1.497	-0.261
2428.402	298.830	-1.503	-0.298
2428.602	300.855	-1.499	-0.288
2428.802	302.925	-1.487	-0.274
2429.002	304.952	-1.502	-0.293
2429.202	306.937	-1.483	-0.277
2429.402	308.902	-1.474	-0.267
2429.602	310.936	-1.446	-0.257
2429.702	312.053	-1.470	-0.299
2429.902	314.017	-1.445	-0.264
2430.102	316.164	-1.430	-0.268
2430.302	318.066	-1.419	-0.247
2430.502	320.111	-1.404	-0.270
2430.702	322.144	-1.410	-0.277
2430.802	323.261	-1.410	-0.310
2431.002	325.189	-1.401	-0.274
2431.202	327.250	-1.362	-0.268
2431.402	329.252	-1.402	-0.297
2431.602	331.317	-1.371	-0.274
2431.802	333.343	-1.384	-0.299
2432.002	335.397	-1.374	-0.296
2432.202	337.432	-1.388	-0.299
2432.402	339.427	-1.367	-0.274
2432.602	341.659	-1.359	-0.287
2432.802	343.647	-1.342	-0.260
2433.002	345.624	-1.357	-0.287
2433.202	347.737	-1.319	-0.259
2433.402	349.743	-1.322	-0.276
2433.602	351.846	-1.310	-0.262
2433.802	353.759	-1.308	-0.270
2434.002	355.735	-1.282	-0.261
2434.202	357.740	-1.285	-0.285
2434.402	359.891	-1.268	-0.267
2434.602	361.826	-1.263	-0.296
2434.802	363.973	-1.250	-0.279
2435.002	365.877	-1.255	-0.304
2435.102	367.025	-1.283	-0.317
2435.302	369.009	-1.243	-0.280
2435.502	371.131	-1.251	-0.300
2435.702	373.042	-1.235	-0.283
2435.902	375.059	-1.262	-0.323
2436.102	377.278	-1.233	-0.287
2436.302	379.104	-1.235	-0.302
2436.502	381.133	-1.218	-0.272
2436.702	383.187	-1.222	-0.288
2436.902	385.217	-1.200	-0.265
2437.102	387.278	-1.203	-0.282
2437.302	389.332	-1.152	-0.255
2437.502	390.779	-1.137	-0.286
2437.602	391.264	-1.130	-0.250
2437.802	391.507	-1.113	-0.268
2698.903	0.001	-4.809	0.459
2699.103	0.397	-4.820	0.449
2699.303	1.640	-4.815	0.464
2699.503	3.569	-4.826	0.451
2699.702	5.567	-4.806	0.479
2699.903	7.526	-4.803	0.454
2700.104	9.701	-4.806	0.485
2700.304	11.633	-4.810	0.479
2700.502	13.738	-4.799	0.485
2700.703	15.751	-4.806	0.458
2700.902	17.844	-4.793	0.485
2701.102	19.812	-4.804	0.450
2701.302	21.770	-4.801	0.470
2701.502	23.893	-4.812	0.448
2701.702	25.842	-4.788	0.487
2701.802	26.988	-4.780	0.478
2702.002	28.913	-4.797	0.449
2702.202	30.912	-4.796	0.460
2702.402	32.956	-4.796	0.438
2702.603	35.006	-4.559	0.430
2702.803	37.026	-2.732	0.089
2703.003	39.227	-2.732	0.072
2703.202	41.203	-2.748	0.026
2703.402	43.166	-2.716	0.021
2703.602	45.250	-2.722	-0.022
2703.802	47.236	-2.682	-0.015
2704.002	49.369	-2.681	-0.044
2704.202	51.266	-2.645	-0.038
2704.302	52.348	-2.620	-0.053
2704.502	54.402	-2.641	-0.075
2704.702	56.341	-2.621	-0.083
2704.802	57.502	-2.598	-0.078
2705.002	59.492	-2.578	-0.076
2705.202	61.472	-2.575	-0.110
2705.402	63.571	-2.534	-0.106
2705.602	65.632	-2.530	-0.137
2705.802	67.727	-2.494	-0.125
2706.002	69.670	-2.493	-0.152
2706.202	71.623	-2.473	-0.145
2706.402	73.656	-2.472	-0.165
2706.603	75.798	-2.442	-0.161
2706.802	77.762	-2.434	-0.168
2707.002	79.740	-2.430	-0.177
2707.203	81.873	-2.418	-0.169
2707.402	84.011	-2.415	-0.122
2707.602	85.944	-2.398	-0.134
2707.802	87.900	-2.396	-0.131
2708.002	90.001	-2.375	-0.135
2708.202	91.948	-2.369	-0.136
2708.302	93.105	-2.363	-0.164
2708.502	95.108	-2.380	-0.164
2708.702	97.103	-2.340	-0.144
2708.902	99.128	-2.359	-0.167
2709.103	101.112	-2.322	-0.148
2709.302	103.296	-2.344	-0.190
2709.502	105.282	-2.310	-0.176
2709.702	107.224	-2.315	-0.197
2709.902	109.420	-2.293	-0.182
2710.102	111.361	-2.302	-0.185
2710.302	113.314	-2.277	-0.179
2710.502	115.462	-2.279	-0.213
2710.702	117.384	-2.254	-0.196
2710.902	119.407	-2.252	-0.200
2711.102	121.449	-2.233	-0.185
2711.302	123.530	-2.227	-0.210
2711.502	125.658	-2.212	-0.210
2711.702	127.658	-2.226	-0.227
2711.902	129.721	-2.184	-0.189
2712.102	131.669	-2.212	-0.245
2712.302	133.691	-2.186	-0.232
2712.502	135.780	-2.182	-0.234
2712.702	137.803	-2.166	-0.234
2712.902	139.797	-2.173	-0.242
2713.102	141.825	-2.176	-0.257
2713.302	143.846	-2.149	-0.240
2713.502	145.983	-2.164	-0.255
2713.702	148.067	-2.153	-0.260
2713.902	150.052	-2.152	-0.271
2714.102	152.161	-2.124	-0.252
2714.302	154.080	-2.128	-0.263
2714.502	156.076	-2.138	-0.259
2714.702	158.086	-2.123	-0.256
2714.902	160.220	-2.111	-0.237
2715.102	162.315	-2.109	-0.259
2715.302	164.270	-2.112	-0.240
2715.502	166.271	-2.093	-0.262
2715.702	168.280	-2.063	-0.219
2715.902	170.286	-2.070	-0.247
2716.102	172.432	-2.048	-0.224
2716.302	174.342	-2.071	-0.250
2716.502	176.426	-2.021	-0.210
2716.702	178.435	-2.025	-0.251
2716.902	180.607	-2.012	-0.239
2717.102	182.630	-2.000	-0.241
2717.302	184.632	-1.978	-0.229
2717.502	186.732	-1.982	-0.254
2717.702	188.705	-1.972	-0.240
2717.902	190.675	-1.951	-0.252
2718.102	192.767	-1.939	-0.235
2718.302	194.757	-1.940	-0.277
2718.502	196.730	-1.931	-0.264
2718.702	198.826	-1.937	-0.271
2718.902	200.867	-1.905	-0.252
2719.102	202.851	-1.909	-0.270
2719.302	204.857	-1.891	-0.259
2719.502	206.944	-1.893	-0.273
2719.702	208.969	-1.881	-0.262
2719.902	211.045	-1.874	-0.262
2720.102	213.168	-1.879	-0.276
2720.303	215.183	-1.868	-0.271
2720.503	217.155	-1.875	-0.275
2720.703	219.202	-1.856	-0.253
2720.903	221.215	-1.856	-0.264
2721.103	223.210	-1.821	-0.244
2721.303	225.351	-1.807	-0.241
2721.502	227.230	-1.803	-0.264
2721.603	228.396	-1.837	-0.295
2721.803	230.327	-1.798	-0.242
2722.002	232.407	-1.780	-0.245
2722.202	234.478	-1.751	-0.232
2722.402	236.532	-1.761	-0.264
2722.604	238.535	-1.746	-0.232
2722.802	240.582	-1.715	-0.246
2723.002	242.602	-1.722	-0.257
2723.202	244.599	-1.707	-0.261
2723.402	246.648	-1.710	-0.252
2723.602	248.677	-1.681	-0.251
2723.802	250.742	-1.684	-0.263
2724.002	252.739	-1.652	-0.259
2724.202	254.821	-1.651	-0.258
2724.402	256.829	-1.650	-0.270
2724.602	258.853	-1.654	-0.277
2724.802	260.925	-1.662	-0.286
2725.002	262.890	-1.639	-0.274
2725.202	264.869	-1.631	-0.272
2725.302	266.026	-1.614	-0.279
2725.502	268.051	-1.635	-0.276
2725.702	269.996	-1.618	-0.286
2725.902	272.016	-1.611	-0.270
2726.102	274.060	-1.610	-0.282
2726.302	276.150	-1.589	-0.264
2726.502	278.182	-1.572	-0.265
2726.702	280.216	-1.581	-0.267
2726.902	282.197	-1.561	-0.261
2727.102	284.343	-1.567	-0.259
2727.302	286.340	-1.541	-0.257
2727.502	288.309	-1.553	-0.262
2727.702	290.405	-1.523	-0.247
2727.902	292.409	-1.522	-0.252
2728.102	294.542	-1.486	-0.238
2728.302	296.436	-1.489	-0.246
2728.502	298.549	-1.491	-0.259
2728.702	300.509	-1.480	-0.272
2728.802	301.596	-1.486	-0.271
2729.003	303.559	-1.458	-0.250
2729.203	305.625	-1.463	-0.266
2729.404	307.742	-1.450	-0.276
2729.602	309.630	-1.447	-0.279
2729.802	311.731	-1.434	-0.274
2730.002	313.884	-1.455	-0.290
2730.202	315.760	-1.441	-0.288
2730.302	316.856	-1.430	-0.287
2730.502	318.859	-1.427	-0.275
2730.702	320.897	-1.428	-0.288
2730.902	322.887	-1.449	-0.311
2731.102	324.987	-1.404	-0.283
2731.302	326.990	-1.418	-0.283
2731.502	328.957	-1.402	-0.273
2731.702	331.097	-1.418	-0.284
2731.902	333.150	-1.393	-0.282
2732.102	335.155	-1.394	-0.256
2732.302	337.199	-1.368	-0.267
2732.503	339.191	-1.381	-0.272
2732.702	341.214	-1.359	-0.262
2732.902	343.233	-1.365	-0.265
2733.102	345.358	-1.339	-0.259
2733.302	347.443	-1.347	-0.262
2733.502	349.423	-1.312	-0.247
2733.702	351.398	-1.324	-0.254
2733.902	353.505	-1.292	-0.244
2734.102	355.432	-1.303	-0.276
2734.302	357.495	-1.272	-0.261
2734.502	359.540	-1.284	-0.269
2734.702	361.714	-1.260	-0.271
2734.902	363.674	-1.273	-0.277
2735.102	365.748	-1.253	-0.283
2735.302	367.638	-1.237	-0.267
2735.502	369.652	-1.224	-0.280
2735.602	370.809	-1.246	-0.316
2735.802	372.713	-1.244	-0.291
2736.002	374.776	-1.221	-0.285
2736.202	376.770	-1.241	-0.286
2736.402	378.797	-1.221	-0.286
2736.602	380.947	-1.234	-0.304
2736.802	383.048	-1.213	-0.283
2737.002	385.036	-1.234	-0.304
2737.202	386.980	-1.199	-0.286
2737.402	389.077	-1.196	-0.292
2737.603	390.630	-1.148	-0.265
2737.802	391.403	-1.152	-0.279
2738.002	391.507	-1.131	-0.283
