TimeSec	Probe1mm	ConductivityP1V	TemperatureP1V
195.106	0.001	-4.623	0.141
195.306	0.014	-4.614	0.135
195.406	0.223	-4.613	0.148
195.506	0.627	-4.633	0.137
195.606	1.228	-4.621	0.150
195.706	2.027	-4.609	0.151
195.806	3.017	-4.616	0.148
195.906	4.036	-4.632	0.139
196.006	5.051	-4.630	0.159
196.106	6.070	-4.609	0.173
196.206	7.087	-4.625	0.163
196.306	8.101	-4.621	0.152
196.406	9.120	-4.617	0.171
196.506	10.137	-4.604	0.184
196.606	11.155	-4.635	0.151
196.706	12.170	-4.638	0.136
196.806	13.189	-4.614	0.163
196.906	14.205	-4.587	0.189
197.006	15.224	-4.618	0.168
197.106	16.241	-4.641	0.136
197.206	17.256	-4.619	0.140
197.306	18.272	-4.593	0.174
197.406	19.292	-4.622	0.150
197.506	20.309	-4.648	0.127
197.606	21.327	-4.616	0.145
197.706	22.344	-4.589	0.162
197.806	23.358	-4.602	0.159
197.906	24.380	-4.645	0.119
198.006	25.400	-4.628	0.131
198.106	26.414	-4.610	0.139
198.206	27.432	-4.608	0.133
198.306	28.447	-4.628	0.128
198.406	29.466	-4.627	0.120
198.506	30.485	-4.594	0.134
198.606	31.501	-4.607	0.107
198.706	32.516	-4.623	0.098
198.806	33.536	-4.615	0.107
198.906	34.554	-4.601	0.082
199.006	35.569	-4.388	0.055
199.106	36.587	-2.751	0.043
199.206	37.602	-2.766	0.051
199.306	38.622	-2.819	0.016
199.406	39.636	-2.852	-0.033
199.507	40.658	-2.862	-0.016
199.606	41.669	-2.826	-0.015
199.707	42.689	-2.792	-0.008
199.807	43.708	-2.793	-0.044
199.906	44.725	-2.780	-0.046
200.007	45.741	-2.729	-0.036
200.107	46.758	-2.681	-0.038
200.206	47.773	-2.682	-0.064
200.307	48.793	-2.675	-0.079
200.407	49.810	-2.642	-0.077
200.506	50.826	-2.576	-0.069
200.607	51.847	-2.569	-0.083
200.707	52.858	-2.581	-0.096
200.806	53.877	-2.564	-0.094
200.906	54.899	-2.532	-0.118
201.006	55.913	-2.520	-0.111
201.106	56.928	-2.514	-0.118
201.206	58.029	-2.488	-0.102
201.406	60.051	-2.445	-0.141
201.606	62.171	-2.435	-0.191
201.806	64.121	-2.409	-0.214
202.006	66.101	-2.350	-0.193
202.206	68.190	-2.343	-0.212
202.406	70.191	-2.356	-0.233
202.506	71.341	-2.278	-0.220
202.706	73.333	-2.298	-0.255
202.906	75.327	-2.277	-0.245
203.106	77.471	-2.255	-0.274
203.306	79.520	-2.224	-0.311
203.506	81.508	-2.222	-0.288
203.706	83.443	-2.201	-0.282
203.906	85.438	-2.170	-0.206
204.006	86.586	-2.192	-0.198
204.206	88.560	-2.150	-0.206
204.406	90.497	-2.141	-0.218
204.606	92.598	-2.123	-0.225
204.806	94.671	-2.084	-0.192
205.006	96.733	-2.098	-0.240
205.206	98.735	-2.072	-0.229
205.406	100.682	-2.060	-0.220
205.606	102.723	-2.034	-0.232
205.706	103.830	-2.068	-0.247
205.906	105.878	-2.011	-0.243
206.106	107.861	-1.993	-0.221
206.306	109.842	-2.001	-0.248
206.506	111.864	-1.955	-0.229
206.706	114.061	-1.954	-0.241
206.906	116.026	-1.936	-0.243
207.106	118.093	-1.937	-0.258
207.306	120.093	-1.860	-0.228
207.506	122.075	-1.920	-0.275
207.706	124.186	-1.874	-0.254
207.906	126.126	-1.861	-0.254
208.106	128.149	-1.823	-0.233
208.206	129.257	-1.886	-0.281
208.406	131.202	-1.824	-0.257
208.606	133.327	-1.794	-0.251
208.806	135.373	-1.794	-0.255
209.006	137.413	-1.768	-0.255
209.206	139.415	-1.746	-0.242
209.406	141.394	-1.742	-0.258
209.506	142.518	-1.721	-0.256
209.706	144.500	-1.724	-0.251
209.906	146.620	-1.695	-0.262
210.106	148.614	-1.648	-0.233
210.306	150.568	-1.686	-0.285
210.506	152.661	-1.620	-0.257
210.706	154.639	-1.636	-0.244
210.906	156.800	-1.600	-0.251
211.106	158.677	-1.599	-0.278
211.206	159.763	-1.557	-0.248
211.406	161.712	-1.579	-0.260
211.506	162.793	-1.569	-0.277
211.606	163.905	-1.543	-0.284
211.806	165.890	-1.542	-0.268
212.006	167.923	-1.511	-0.257
212.206	169.911	-1.490	-0.257
212.406	171.993	-1.513	-0.277
212.606	174.077	-1.468	-0.266
212.806	176.014	-1.447	-0.249
213.006	178.116	-1.442	-0.280
213.206	180.105	-1.422	-0.248
213.406	182.190	-1.389	-0.268
213.606	184.211	-1.399	-0.267
213.806	186.123	-1.365	-0.256
213.906	187.284	-1.382	-0.245
214.106	189.308	-1.344	-0.275
214.306	191.286	-1.371	-0.275
214.506	193.303	-1.271	-0.237
214.706	195.335	-1.338	-0.268
214.906	197.335	-1.281	-0.292
215.106	199.538	-1.287	-0.258
215.306	201.523	-1.247	-0.258
215.506	203.483	-1.271	-0.277
215.706	205.495	-1.230	-0.286
215.906	207.558	-1.218	-0.255
216.106	209.569	-1.194	-0.263
216.306	211.644	-1.216	-0.304
216.506	213.728	-1.165	-0.255
216.706	215.706	-1.176	-0.265
216.906	217.772	-1.145	-0.281
217.106	219.754	-1.139	-0.278
217.306	221.839	-1.130	-0.283
217.506	223.874	-1.087	-0.245
217.706	225.877	-1.086	-0.271
217.906	227.849	-1.105	-0.307
218.106	229.926	-1.067	-0.267
218.306	231.897	-1.045	-0.275
218.406	233.055	-1.090	-0.296
218.606	234.961	-1.026	-0.271
218.806	237.075	-1.013	-0.270
219.006	239.101	-1.013	-0.266
219.206	241.100	-1.028	-0.295
219.406	243.098	-0.956	-0.250
219.606	245.148	-0.996	-0.300
219.806	247.271	-0.948	-0.268
220.006	249.387	-0.961	-0.289
220.206	251.309	-0.900	-0.257
220.406	253.414	-0.934	-0.285
220.606	255.298	-0.890	-0.297
220.806	257.402	-0.896	-0.264
221.006	259.423	-0.851	-0.283
221.206	261.509	-0.884	-0.285
221.406	263.513	-0.839	-0.293
221.606	265.649	-0.831	-0.266
221.806	267.651	-0.792	-0.289
222.006	269.608	-0.807	-0.302
222.206	271.684	-0.764	-0.278
222.407	273.663	-0.793	-0.290
222.606	275.833	-0.710	-0.286
222.806	277.715	-0.758	-0.281
223.006	279.706	-0.730	-0.301
223.106	280.849	-0.717	-0.295
223.306	282.917	-0.682	-0.281
223.506	284.845	-0.683	-0.290
223.706	286.888	-0.663	-0.265
223.906	288.872	-0.671	-0.306
224.006	290.036	-0.629	-0.263
224.206	291.918	-0.618	-0.295
224.306	293.045	-0.658	-0.305
224.506	294.994	-0.603	-0.290
224.706	297.163	-0.595	-0.307
224.906	299.140	-0.576	-0.285
225.106	301.227	-0.568	-0.305
225.306	303.229	-0.547	-0.300
225.506	305.296	-0.530	-0.289
225.706	307.218	-0.543	-0.306
225.906	309.230	-0.490	-0.291
226.006	310.393	-0.486	-0.300
226.206	312.276	-0.466	-0.299
226.306	313.390	-0.493	-0.307
226.506	315.430	-0.462	-0.294
226.706	317.474	-0.437	-0.281
226.906	319.456	-0.426	-0.304
227.106	321.467	-0.427	-0.312
227.306	323.534	-0.393	-0.278
227.506	325.662	-0.398	-0.317
227.706	327.565	-0.370	-0.285
227.906	329.687	-0.385	-0.308
228.106	331.792	-0.349	-0.297
228.306	333.701	-0.340	-0.291
228.506	335.817	-0.326	-0.301
228.706	337.834	-0.327	-0.312
228.906	339.839	-0.314	-0.309
229.106	341.884	-0.279	-0.283
229.306	343.804	-0.314	-0.298
229.506	345.828	-0.274	-0.324
229.606	347.022	-0.279	-0.280
229.806	349.033	-0.269	-0.302
230.006	350.991	-0.272	-0.298
230.206	353.096	-0.233	-0.306
230.406	355.077	-0.236	-0.279
230.606	357.025	-0.240	-0.321
230.806	359.128	-0.226	-0.301
231.006	361.117	-0.184	-0.285
231.106	362.239	-0.243	-0.327
231.306	364.302	-0.201	-0.295
231.506	366.225	-0.159	-0.303
231.706	368.294	-0.197	-0.311
231.906	370.255	-0.156	-0.309
232.006	371.342	-0.179	-0.299
232.206	373.347	-0.162	-0.312
232.406	375.450	-0.151	-0.290
232.606	377.538	-0.140	-0.314
232.806	379.553	-0.128	-0.313
233.006	381.461	-0.122	-0.299
233.206	383.562	-0.116	-0.319
233.406	385.565	-0.102	-0.296
233.606	387.715	-0.069	-0.324
233.806	389.660	-0.041	-0.282
234.006	390.949	-0.048	-0.324
234.206	391.497	0.032	-0.270
234.406	391.507	-0.006	-0.311
494.206	0.001	-4.800	0.468
494.406	0.002	-4.800	0.456
494.606	0.529	-4.799	0.457
494.806	1.906	-4.800	0.462
495.006	3.842	-4.787	0.459
495.106	4.967	-4.837	0.437
495.306	6.832	-4.813	0.447
495.406	7.933	-4.794	0.447
495.607	9.947	-4.787	0.475
495.806	11.938	-4.793	0.429
496.006	14.054	-4.792	0.473
496.206	16.118	-4.805	0.439
496.406	18.125	-4.791	0.462
496.606	20.096	-4.795	0.456
496.807	22.092	-4.792	0.485
496.906	23.204	-4.819	0.440
497.107	25.236	-4.806	0.429
497.306	27.191	-4.787	0.481
497.406	28.279	-4.807	0.440
497.606	30.284	-4.791	0.453
497.806	32.373	-4.797	0.431
498.006	34.474	-4.800	0.435
498.206	36.458	-2.951	0.111
498.406	38.377	-2.875	0.025
498.606	40.526	-2.859	-0.001
498.806	42.467	-2.826	0.005
499.006	44.495	-2.836	-0.044
499.206	46.514	-2.780	-0.076
499.306	47.622	-2.627	-0.013
499.506	49.711	-2.629	-0.094
499.706	51.703	-2.587	-0.125
499.906	53.654	-2.548	-0.127
500.106	55.755	-2.504	-0.134
500.306	57.772	-2.446	-0.156
500.506	59.738	-2.442	-0.174
500.706	61.927	-2.409	-0.181
500.906	63.833	-2.351	-0.190
501.106	65.898	-2.345	-0.202
501.306	67.886	-2.311	-0.194
501.406	69.046	-2.308	-0.234
501.607	71.050	-2.302	-0.224
501.806	73.055	-2.262	-0.217
502.006	75.085	-2.245	-0.247
502.206	77.094	-2.219	-0.265
502.406	79.218	-2.214	-0.260
502.606	81.246	-2.188	-0.256
502.807	83.188	-2.190	-0.240
503.006	85.173	-2.158	-0.197
503.206	87.273	-2.157	-0.196
503.407	89.280	-2.125	-0.227
503.607	91.457	-2.130	-0.219
503.806	93.347	-2.103	-0.200
504.007	95.343	-2.064	-0.223
504.106	96.503	-2.068	-0.228
504.307	98.516	-2.079	-0.235
504.506	100.529	-2.048	-0.222
504.706	102.578	-2.013	-0.231
504.906	104.568	-2.015	-0.255
505.106	106.518	-1.990	-0.204
505.306	108.578	-1.971	-0.243
505.506	110.703	-1.943	-0.244
505.706	112.723	-1.969	-0.245
505.906	114.774	-1.918	-0.228
506.106	116.773	-1.921	-0.259
506.306	118.808	-1.890	-0.236
506.506	120.894	-1.893	-0.243
506.706	122.882	-1.845	-0.253
506.906	124.986	-1.857	-0.244
507.106	126.971	-1.848	-0.233
507.306	128.912	-1.799	-0.247
507.506	130.998	-1.801	-0.255
507.706	132.985	-1.824	-0.264
507.806	134.130	-1.722	-0.191
508.007	136.153	-1.755	-0.244
508.206	138.139	-1.775	-0.292
508.406	140.083	-1.744	-0.237
508.506	141.167	-1.722	-0.229
508.606	142.287	-1.707	-0.250
508.806	144.288	-1.702	-0.254
509.007	146.257	-1.711	-0.267
509.206	148.250	-1.641	-0.238
509.406	150.273	-1.662	-0.279
509.606	152.398	-1.653	-0.269
509.806	154.485	-1.629	-0.229
510.006	156.499	-1.586	-0.270
510.206	158.473	-1.614	-0.280
510.406	160.443	-1.597	-0.276
510.506	161.561	-1.575	-0.253
510.706	163.577	-1.530	-0.246
510.906	165.650	-1.575	-0.309
511.106	167.616	-1.510	-0.232
511.306	169.654	-1.514	-0.270
511.506	171.698	-1.487	-0.282
511.706	173.694	-1.497	-0.253
511.906	175.716	-1.463	-0.263
512.106	177.730	-1.443	-0.280
512.206	178.838	-1.454	-0.279
512.406	180.802	-1.425	-0.260
512.506	181.897	-1.409	-0.258
512.706	183.864	-1.384	-0.267
512.907	185.865	-1.409	-0.288
513.006	186.996	-1.394	-0.225
513.206	189.050	-1.340	-0.264
513.406	190.987	-1.350	-0.271
513.606	193.135	-1.355	-0.292
513.806	195.021	-1.315	-0.238
514.006	197.166	-1.273	-0.269
514.206	199.202	-1.312	-0.309
514.406	201.288	-1.270	-0.258
514.606	203.275	-1.267	-0.273
514.807	205.407	-1.211	-0.280
515.006	207.247	-1.262	-0.279
515.206	209.389	-1.195	-0.270
515.407	211.498	-1.172	-0.275
515.607	213.497	-1.218	-0.317
515.806	215.461	-1.162	-0.248
516.006	217.576	-1.136	-0.263
516.206	219.488	-1.135	-0.311
516.306	220.616	-1.133	-0.257
516.506	222.517	-1.131	-0.295
516.606	223.623	-1.100	-0.286
516.806	225.673	-1.070	-0.270
517.006	227.641	-1.086	-0.292
517.206	229.739	-1.069	-0.266
517.407	231.783	-1.039	-0.297
517.606	233.767	-1.059	-0.296
517.806	235.783	-1.035	-0.274
518.006	237.855	-0.981	-0.266
518.206	239.862	-0.994	-0.311
518.406	241.874	-1.017	-0.295
518.606	243.860	-0.968	-0.283
518.806	245.892	-0.957	-0.267
519.008	247.964	-0.965	-0.317
519.206	249.994	-0.906	-0.245
519.406	251.997	-0.898	-0.315
519.606	254.034	-0.923	-0.315
519.807	256.220	-0.895	-0.284
520.006	258.201	-0.857	-0.261
520.206	260.289	-0.839	-0.311
520.406	262.149	-0.860	-0.295
520.506	263.286	-0.810	-0.257
520.706	265.258	-0.807	-0.283
520.906	267.264	-0.788	-0.291
521.106	269.290	-0.819	-0.324
521.306	271.310	-0.756	-0.259
521.406	272.426	-0.728	-0.290
521.606	274.450	-0.763	-0.320
521.806	276.473	-0.757	-0.309
522.006	278.454	-0.714	-0.276
522.207	280.587	-0.679	-0.312
522.406	282.607	-0.705	-0.315
522.606	284.666	-0.683	-0.284
522.806	286.586	-0.662	-0.299
523.006	288.605	-0.662	-0.309
523.106	289.775	-0.651	-0.312
523.306	291.678	-0.635	-0.277
523.506	293.822	-0.599	-0.306
523.706	295.870	-0.594	-0.297
523.906	297.894	-0.621	-0.313
524.106	299.905	-0.538	-0.275
524.306	301.869	-0.573	-0.319
524.406	302.950	-0.529	-0.288
524.607	304.905	-0.558	-0.303
524.807	306.993	-0.528	-0.319
525.007	308.967	-0.496	-0.313
525.106	310.111	-0.501	-0.312
525.306	312.136	-0.494	-0.288
525.507	314.142	-0.466	-0.305
525.707	316.154	-0.444	-0.306
525.906	318.220	-0.469	-0.318
526.106	320.222	-0.406	-0.281
526.306	322.217	-0.430	-0.321
526.406	323.329	-0.407	-0.316
526.606	325.315	-0.384	-0.308
526.806	327.460	-0.386	-0.298
527.006	329.432	-0.362	-0.316
527.208	331.402	-0.379	-0.319
527.406	333.482	-0.324	-0.262
527.606	335.463	-0.336	-0.332
527.806	337.627	-0.325	-0.314
528.006	339.508	-0.354	-0.313
528.206	341.515	-0.258	-0.273
528.406	343.694	-0.317	-0.357
528.606	345.672	-0.284	-0.327
528.806	347.755	-0.278	-0.293
529.006	349.775	-0.244	-0.308
529.206	351.689	-0.274	-0.333
529.406	353.897	-0.226	-0.274
529.606	355.878	-0.232	-0.315
529.806	357.801	-0.206	-0.325
530.006	359.914	-0.251	-0.325
530.206	361.982	-0.184	-0.290
530.406	363.954	-0.184	-0.304
530.606	366.029	-0.184	-0.328
530.806	368.065	-0.179	-0.300
531.006	370.087	-0.150	-0.308
531.206	372.102	-0.162	-0.344
531.406	374.087	-0.148	-0.282
531.606	376.086	-0.143	-0.312
531.806	378.258	-0.093	-0.324
532.006	380.198	-0.144	-0.326
532.207	382.260	-0.107	-0.297
532.406	384.265	-0.083	-0.307
532.606	386.453	-0.058	-0.305
532.806	388.368	-0.063	-0.320
533.006	390.148	-0.027	-0.316
533.206	391.233	0.009	-0.329
533.406	391.508	-0.019	-0.320
794.406	0.001	-4.751	0.516
794.606	0.221	-4.808	0.448
794.807	1.231	-4.785	0.480
795.007	2.984	-4.782	0.475
795.207	4.956	-4.835	0.466
795.407	6.939	-4.779	0.498
795.607	9.113	-4.791	0.481
795.806	11.048	-4.779	0.452
796.007	13.157	-4.825	0.443
796.207	15.160	-4.826	0.449
796.407	17.123	-4.790	0.473
796.606	19.243	-4.787	0.470
796.807	21.253	-4.802	0.445
797.006	23.215	-4.789	0.454
797.207	25.262	-4.810	0.465
797.307	26.373	-4.773	0.497
797.507	28.466	-4.780	0.457
797.707	30.450	-4.767	0.465
797.906	32.421	-4.825	0.415
798.107	34.501	-4.797	0.446
798.307	36.484	-2.919	0.119
798.407	37.620	-2.866	0.003
798.606	39.636	-2.820	-0.004
798.807	41.585	-2.853	-0.020
799.007	43.664	-2.826	-0.035
799.207	45.647	-2.806	-0.030
799.407	47.791	-2.684	-0.058
799.607	49.659	-2.643	-0.095
799.706	50.770	-2.591	-0.040
799.906	52.765	-2.557	-0.093
800.107	54.810	-2.515	-0.093
800.307	56.795	-2.476	-0.126
800.506	58.905	-2.434	-0.130
800.707	60.925	-2.407	-0.156
800.907	62.905	-2.379	-0.177
801.107	65.027	-2.333	-0.176
801.307	67.031	-2.336	-0.205
801.507	69.197	-2.310	-0.211
801.707	71.078	-2.298	-0.204
801.907	73.068	-2.279	-0.241
802.006	74.218	-2.246	-0.244
802.207	76.235	-2.220	-0.230
802.406	78.277	-2.205	-0.264
802.607	80.270	-2.178	-0.269
802.807	82.251	-2.179	-0.250
803.007	84.388	-2.144	-0.166
803.207	86.407	-2.149	-0.209
803.407	88.374	-2.134	-0.200
803.607	90.396	-2.135	-0.213
803.807	92.418	-2.067	-0.171
804.007	94.425	-2.054	-0.210
804.207	96.446	-2.044	-0.227
804.407	98.521	-2.055	-0.223
804.606	100.517	-2.046	-0.215
804.807	102.656	-1.995	-0.189
805.007	104.658	-1.975	-0.202
805.207	106.628	-1.959	-0.247
805.407	108.722	-1.971	-0.206
805.607	110.710	-1.985	-0.238
805.707	111.859	-1.876	-0.142
805.907	113.872	-1.913	-0.200
806.106	115.865	-1.897	-0.242
806.307	117.868	-1.917	-0.228
806.506	119.936	-1.885	-0.216
806.707	122.058	-1.862	-0.198
806.907	124.012	-1.827	-0.200
807.107	125.995	-1.833	-0.238
807.307	128.032	-1.856	-0.229
807.507	130.036	-1.805	-0.193
807.607	131.155	-1.800	-0.210
807.807	133.248	-1.761	-0.206
808.007	135.250	-1.762	-0.239
808.206	137.213	-1.762	-0.228
808.406	139.193	-1.769	-0.239
808.607	141.220	-1.716	-0.201
808.707	142.386	-1.732	-0.233
808.907	144.320	-1.684	-0.231
809.107	146.334	-1.681	-0.243
809.207	147.488	-1.727	-0.271
809.407	149.370	-1.671	-0.219
809.607	151.510	-1.642	-0.220
809.807	153.546	-1.587	-0.216
810.006	155.582	-1.642	-0.279
810.207	157.565	-1.618	-0.252
810.406	159.525	-1.590	-0.218
810.506	160.624	-1.554	-0.215
810.707	162.704	-1.547	-0.238
810.907	164.725	-1.545	-0.254
811.107	166.710	-1.535	-0.246
811.307	168.714	-1.535	-0.230
811.507	170.740	-1.478	-0.223
811.707	172.860	-1.476	-0.247
811.907	174.965	-1.461	-0.272
812.107	176.925	-1.484	-0.254
812.306	178.863	-1.435	-0.241
812.507	180.920	-1.430	-0.245
812.707	182.937	-1.355	-0.231
812.907	185.143	-1.425	-0.286
813.107	187.028	-1.388	-0.279
813.307	189.028	-1.380	-0.221
813.407	190.195	-1.336	-0.218
813.607	192.095	-1.296	-0.253
813.807	194.102	-1.329	-0.274
813.907	195.268	-1.339	-0.299
814.107	197.287	-1.312	-0.232
814.307	199.189	-1.303	-0.253
814.506	201.386	-1.260	-0.236
814.707	203.377	-1.234	-0.251
814.907	205.333	-1.262	-0.274
815.107	207.415	-1.226	-0.240
815.307	209.413	-1.214	-0.237
815.507	211.581	-1.169	-0.262
815.707	213.490	-1.181	-0.272
815.907	215.514	-1.199	-0.281
816.107	217.695	-1.155	-0.233
816.307	219.618	-1.125	-0.225
816.506	221.620	-1.101	-0.272
816.707	223.673	-1.090	-0.260
816.907	225.765	-1.123	-0.285
817.107	227.781	-1.064	-0.228
817.307	229.821	-1.060	-0.251
817.507	231.831	-1.029	-0.264
817.707	233.836	-1.049	-0.277
817.907	235.880	-1.041	-0.267
818.107	237.906	-1.021	-0.260
818.307	239.950	-0.979	-0.227
818.506	242.041	-0.979	-0.288
818.707	244.011	-0.964	-0.269
818.906	246.159	-0.985	-0.294
819.107	248.144	-0.929	-0.232
819.307	250.085	-0.916	-0.272
819.507	252.166	-0.895	-0.275
819.707	254.136	-0.926	-0.291
819.807	255.299	-0.905	-0.282
820.007	257.205	-0.873	-0.238
820.207	259.216	-0.850	-0.257
820.307	260.391	-0.812	-0.265
820.506	262.294	-0.857	-0.284
820.707	264.420	-0.812	-0.285
820.906	266.322	-0.803	-0.243
821.107	268.368	-0.777	-0.254
821.307	270.510	-0.762	-0.283
821.507	272.605	-0.773	-0.303
821.707	274.613	-0.791	-0.290
821.907	276.577	-0.739	-0.247
822.107	278.661	-0.715	-0.265
822.307	280.628	-0.659	-0.273
822.506	282.717	-0.716	-0.311
822.707	284.635	-0.673	-0.284
822.807	285.744	-0.650	-0.240
823.007	287.809	-0.670	-0.258
823.207	289.773	-0.618	-0.296
823.407	291.896	-0.650	-0.299
823.608	293.899	-0.623	-0.295
823.807	295.853	-0.613	-0.248
824.007	297.869	-0.563	-0.272
824.207	299.911	-0.555	-0.276
824.406	302.012	-0.575	-0.306
824.607	304.014	-0.564	-0.276
824.806	306.075	-0.558	-0.302
825.007	308.103	-0.486	-0.252
825.207	310.106	-0.481	-0.290
825.407	312.222	-0.498	-0.297
825.607	314.277	-0.502	-0.279
825.807	316.253	-0.485	-0.287
826.007	318.407	-0.419	-0.249
826.207	320.270	-0.446	-0.313
826.407	322.325	-0.421	-0.300
826.606	324.489	-0.431	-0.297
826.807	326.461	-0.406	-0.281
827.007	328.535	-0.366	-0.274
827.207	330.539	-0.378	-0.306
827.407	332.517	-0.368	-0.289
827.607	334.501	-0.375	-0.266
827.807	336.686	-0.329	-0.293
828.007	338.639	-0.300	-0.275
828.207	340.736	-0.329	-0.330
828.407	342.802	-0.314	-0.291
828.606	344.793	-0.335	-0.312
828.807	346.724	-0.259	-0.254
829.006	348.718	-0.265	-0.288
829.107	349.892	-0.297	-0.332
829.307	351.784	-0.277	-0.311
829.407	352.892	-0.266	-0.292
829.607	354.917	-0.258	-0.273
829.807	356.953	-0.210	-0.266
830.007	358.949	-0.192	-0.286
830.207	360.960	-0.238	-0.340
830.407	363.150	-0.211	-0.283
830.607	365.108	-0.208	-0.297
830.807	367.114	-0.158	-0.273
831.007	369.180	-0.166	-0.299
831.207	371.252	-0.145	-0.294
831.407	373.215	-0.185	-0.310
831.607	375.362	-0.125	-0.264
831.807	377.245	-0.133	-0.286
832.007	379.248	-0.108	-0.306
832.107	380.406	-0.086	-0.308
832.307	382.314	-0.158	-0.318
832.506	384.388	-0.080	-0.280
832.707	386.390	-0.086	-0.282
832.907	388.466	-0.055	-0.299
833.107	390.252	-0.019	-0.295
833.307	391.273	-0.037	-0.308
833.507	391.507	-0.006	-0.281
1094.407	0.001	-4.775	0.447
1094.607	0.197	-4.798	0.431
1094.707	0.639	-4.775	0.454
1094.907	1.933	-4.772	0.417
1095.107	4.037	-4.813	0.405
1095.307	6.023	-4.811	0.412
1095.507	7.987	-4.815	0.431
1095.707	10.148	-4.800	0.449
1095.907	12.065	-4.808	0.438
1096.107	14.089	-4.771	0.452
1096.207	15.200	-4.818	0.388
1096.407	17.278	-4.836	0.406
1096.607	19.264	-4.808	0.441
1096.807	21.216	-4.839	0.423
1097.007	23.315	-4.790	0.447
1097.207	25.325	-4.811	0.423
1097.407	27.297	-4.775	0.430
1097.607	29.487	-4.817	0.409
1097.807	31.451	-4.800	0.412
1098.007	33.495	-4.808	0.423
1098.207	35.459	-3.817	0.253
1098.307	36.586	-2.842	0.004
1098.507	38.591	-2.816	0.045
1098.707	40.576	-2.833	-0.051
1098.907	42.585	-2.813	0.005
1099.107	44.759	-2.847	-0.059
1099.307	46.676	-2.766	-0.020
1099.507	48.690	-2.694	-0.072
1099.707	50.765	-2.597	-0.065
1099.907	52.816	-2.573	-0.097
1100.107	54.834	-2.515	-0.113
1100.307	56.813	-2.514	-0.121
1100.507	59.020	-2.450	-0.108
1100.707	60.998	-2.429	-0.137
1100.907	62.955	-2.367	-0.158
1101.107	65.027	-2.364	-0.181
1101.307	67.052	-2.334	-0.192
1101.507	69.013	-2.328	-0.214
1101.707	71.185	-2.300	-0.193
1101.907	73.083	-2.266	-0.208
1102.107	75.160	-2.235	-0.227
1102.307	77.262	-2.222	-0.235
1102.507	79.266	-2.204	-0.265
1102.707	81.279	-2.191	-0.235
1102.907	83.357	-2.170	-0.163
1103.107	85.461	-2.138	-0.183
1103.307	87.362	-2.130	-0.174
1103.507	89.366	-2.093	-0.186
1103.707	91.501	-2.091	-0.191
1103.907	93.446	-2.074	-0.196
1104.007	94.614	-2.075	-0.181
1104.207	96.488	-2.011	-0.173
1104.307	97.599	-2.008	-0.204
1104.507	99.603	-2.015	-0.215
1104.707	101.628	-2.013	-0.227
1104.907	103.631	-2.001	-0.194
1105.107	105.642	-1.962	-0.198
1105.307	107.838	-1.942	-0.185
1105.507	109.824	-1.931	-0.208
1105.707	111.805	-1.909	-0.194
1105.907	113.782	-1.925	-0.227
1106.107	115.979	-1.921	-0.206
1106.307	117.951	-1.896	-0.190
1106.507	119.880	-1.864	-0.175
1106.707	121.960	-1.846	-0.202
1106.907	123.974	-1.828	-0.218
1107.107	126.091	-1.845	-0.232
1107.307	128.028	-1.824	-0.203
1107.506	130.148	-1.834	-0.217
1107.707	132.258	-1.787	-0.177
1107.907	134.250	-1.762	-0.200
1108.107	136.202	-1.732	-0.225
1108.307	138.278	-1.767	-0.236
1108.507	140.285	-1.747	-0.242
1108.707	142.249	-1.734	-0.199
1108.907	144.328	-1.716	-0.210
1109.107	146.442	-1.655	-0.198
1109.307	148.421	-1.666	-0.241
1109.507	150.446	-1.649	-0.247
1109.607	151.574	-1.642	-0.208
1109.807	153.579	-1.623	-0.233
1110.007	155.562	-1.646	-0.237
1110.207	157.565	-1.584	-0.215
1110.407	159.700	-1.603	-0.243
1110.607	161.670	-1.532	-0.244
1110.807	163.727	-1.556	-0.253
1111.007	165.728	-1.559	-0.263
1111.207	167.705	-1.536	-0.227
1111.407	169.815	-1.503	-0.238
1111.607	171.808	-1.474	-0.219
1111.807	173.801	-1.490	-0.251
1112.007	175.857	-1.458	-0.269
1112.207	177.979	-1.457	-0.241
1112.407	180.076	-1.462	-0.254
1112.607	182.062	-1.407	-0.205
1112.807	184.026	-1.398	-0.261
1113.007	186.129	-1.347	-0.223
1113.207	188.100	-1.377	-0.275
1113.407	190.204	-1.370	-0.260
1113.607	192.120	-1.346	-0.253
1113.807	194.241	-1.339	-0.238
1114.007	196.262	-1.300	-0.248
1114.207	198.244	-1.292	-0.245
1114.407	200.390	-1.280	-0.289
1114.607	202.271	-1.279	-0.252
1114.707	203.390	-1.300	-0.294
1114.907	205.435	-1.255	-0.239
1115.107	207.472	-1.231	-0.232
1115.307	209.412	-1.178	-0.228
1115.507	211.627	-1.194	-0.266
1115.707	213.474	-1.167	-0.266
1115.907	215.631	-1.184	-0.268
1116.107	217.714	-1.174	-0.248
1116.307	219.707	-1.144	-0.229
1116.507	221.672	-1.104	-0.233
1116.707	223.779	-1.072	-0.248
1116.907	225.779	-1.103	-0.297
1117.107	227.744	-1.085	-0.274
1117.307	229.801	-1.112	-0.267
1117.507	231.811	-1.048	-0.245
1117.707	233.805	-1.052	-0.246
1117.907	235.989	-1.006	-0.261
1118.107	237.956	-0.998	-0.263
1118.307	240.047	-1.004	-0.287
1118.507	242.037	-1.025	-0.271
1118.707	244.010	-0.980	-0.254
1118.907	246.126	-0.950	-0.243
1119.107	248.141	-0.915	-0.264
1119.307	250.121	-0.916	-0.265
1119.507	252.118	-0.905	-0.279
1119.707	254.285	-0.910	-0.262
1119.907	256.287	-0.888	-0.269
1120.107	258.211	-0.881	-0.237
1120.207	259.341	-0.819	-0.230
1120.407	261.383	-0.816	-0.295
1120.607	263.428	-0.842	-0.284
1120.807	265.431	-0.843	-0.296
1121.007	267.474	-0.806	-0.234
1121.207	269.488	-0.791	-0.264
1121.407	271.533	-0.758	-0.248
1121.607	273.539	-0.755	-0.283
1121.807	275.524	-0.740	-0.276
1121.907	276.678	-0.727	-0.282
1122.107	278.698	-0.735	-0.288
1122.307	280.682	-0.718	-0.267
1122.507	282.717	-0.676	-0.254
1122.707	284.754	-0.670	-0.280
1122.907	286.774	-0.655	-0.296
1123.107	288.817	-0.649	-0.281
1123.307	290.883	-0.664	-0.301
1123.507	292.878	-0.621	-0.270
1123.707	295.024	-0.627	-0.295
1123.907	297.035	-0.551	-0.248
1124.107	299.012	-0.612	-0.313
1124.307	301.119	-0.547	-0.287
1124.507	303.118	-0.605	-0.290
1124.707	305.084	-0.543	-0.266
1124.907	307.172	-0.537	-0.251
1125.107	309.153	-0.508	-0.295
1125.307	311.219	-0.492	-0.267
1125.506	313.253	-0.488	-0.294
1125.707	315.188	-0.495	-0.298
1125.907	317.345	-0.469	-0.274
1126.107	319.327	-0.462	-0.268
1126.307	321.442	-0.412	-0.282
1126.507	323.422	-0.430	-0.301
1126.707	325.365	-0.421	-0.304
1126.907	327.469	-0.417	-0.281
1127.107	329.457	-0.402	-0.265
1127.307	331.644	-0.374	-0.262
1127.506	333.543	-0.363	-0.277
1127.707	335.550	-0.353	-0.303
1127.907	337.745	-0.351	-0.305
1128.107	339.662	-0.348	-0.290
1128.307	341.671	-0.322	-0.260
1128.507	343.842	-0.301	-0.267
1128.707	345.729	-0.272	-0.271
1128.907	347.871	-0.286	-0.317
1129.107	349.917	-0.269	-0.304
1129.307	351.941	-0.291	-0.298
1129.507	353.987	-0.241	-0.277
1129.707	355.990	-0.259	-0.282
1129.907	357.958	-0.207	-0.268
1130.107	360.118	-0.225	-0.308
1130.307	361.980	-0.218	-0.318
1130.407	363.087	-0.208	-0.280
1130.607	365.071	-0.208	-0.280
1130.807	367.096	-0.173	-0.270
1131.007	369.102	-0.167	-0.271
1131.207	371.343	-0.148	-0.302
1131.407	373.190	-0.146	-0.288
1131.607	375.204	-0.153	-0.305
1131.807	377.348	-0.167	-0.308
1132.007	379.350	-0.119	-0.279
1132.207	381.335	-0.127	-0.283
1132.407	383.424	-0.070	-0.313
1132.607	385.408	-0.092	-0.297
1132.707	386.560	-0.080	-0.330
1132.907	388.439	-0.080	-0.298
1133.007	389.511	-0.055	-0.251
1133.207	390.903	-0.030	-0.304
1133.407	391.478	0.029	-0.265
1133.607	391.507	-0.001	-0.293
1394.507	0.001	-4.810	0.519
1394.707	0.189	-4.837	0.482
1394.807	0.604	-4.812	0.524
1395.007	2.017	-4.778	0.540
1395.207	3.950	-4.792	0.492
1395.307	5.055	-4.800	0.518
1395.507	7.105	-4.795	0.477
1395.707	9.042	-4.800	0.490
1395.907	11.044	-4.796	0.507
1396.107	13.154	-4.846	0.485
1396.307	15.156	-4.785	0.510
1396.507	17.179	-4.797	0.503
1396.707	19.286	-4.784	0.494
1396.907	21.351	-4.794	0.479
1397.107	23.334	-4.801	0.469
1397.307	25.324	-4.814	0.472
1397.507	27.303	-4.791	0.493
1397.707	29.457	-4.812	0.490
1397.907	31.493	-4.789	0.484
1398.107	33.526	-4.779	0.470
1398.307	35.503	-3.907	0.288
1398.507	37.506	-2.856	0.043
1398.707	39.522	-2.860	0.037
1398.907	41.656	-2.853	-0.002
1399.107	43.741	-2.802	0.020
1399.307	45.727	-2.772	-0.002
1399.507	47.819	-2.694	-0.053
1399.707	49.740	-2.655	-0.044
1399.907	51.795	-2.598	-0.083
1400.107	53.873	-2.548	-0.062
1400.307	55.859	-2.517	-0.091
1400.507	57.803	-2.469	-0.087
1400.707	59.847	-2.414	-0.103
1400.807	60.974	-2.389	-0.152
1401.007	62.999	-2.371	-0.127
1401.207	65.048	-2.370	-0.181
1401.407	66.968	-2.323	-0.138
1401.607	69.195	-2.309	-0.156
1401.808	71.228	-2.279	-0.153
1402.008	73.081	-2.258	-0.201
1402.208	75.131	-2.214	-0.202
1402.408	77.144	-2.226	-0.237
1402.507	78.260	-2.158	-0.222
1402.707	80.317	-2.176	-0.227
1402.907	82.291	-2.175	-0.198
1403.107	84.444	-2.135	-0.130
1403.307	86.414	-2.108	-0.146
1403.507	88.408	-2.088	-0.159
1403.708	90.476	-2.087	-0.175
1403.909	92.536	-2.058	-0.167
1404.109	94.487	-2.074	-0.152
1404.308	96.525	-2.026	-0.145
1404.509	98.646	-2.012	-0.138
1404.707	100.715	-1.988	-0.175
1404.907	102.731	-1.969	-0.150
1405.107	104.695	-1.977	-0.202
1405.307	106.826	-1.961	-0.173
1405.507	108.683	-1.950	-0.186
1405.608	109.851	-1.953	-0.143
1405.808	111.759	-1.927	-0.159
1406.008	113.799	-1.880	-0.157
1406.208	115.987	-1.881	-0.180
1406.408	117.865	-1.879	-0.198
1406.607	119.989	-1.871	-0.192
1406.807	122.022	-1.881	-0.204
1407.007	124.035	-1.841	-0.156
1407.207	126.034	-1.834	-0.169
1407.407	128.016	-1.795	-0.169
1407.507	129.108	-1.829	-0.206
1407.707	131.231	-1.776	-0.183
1407.907	133.127	-1.771	-0.192
1408.107	135.255	-1.794	-0.217
1408.307	137.246	-1.773	-0.195
1408.507	139.252	-1.747	-0.174
1408.707	141.256	-1.729	-0.182
1408.907	143.296	-1.699	-0.184
1409.107	145.328	-1.672	-0.213
1409.307	147.433	-1.671	-0.206
1409.509	149.468	-1.682	-0.230
1409.709	151.408	-1.647	-0.198
1409.909	153.635	-1.669	-0.219
1410.109	155.538	-1.602	-0.175
1410.308	157.539	-1.597	-0.205
1410.509	159.709	-1.553	-0.212
1410.707	161.608	-1.554	-0.231
1410.907	163.731	-1.571	-0.252
1411.107	165.761	-1.566	-0.233
1411.307	167.756	-1.520	-0.195
1411.507	169.774	-1.538	-0.217
1411.707	171.821	-1.474	-0.209
1411.907	173.823	-1.476	-0.230
1412.107	175.979	-1.442	-0.237
1412.307	177.841	-1.471	-0.263
1412.507	179.976	-1.456	-0.250
1412.707	181.995	-1.437	-0.218
1412.907	183.988	-1.391	-0.209
1413.107	185.978	-1.392	-0.228
1413.307	188.025	-1.333	-0.222
1413.507	190.109	-1.342	-0.247
1413.707	192.106	-1.359	-0.256
1413.907	194.258	-1.338	-0.242
1414.107	196.272	-1.330	-0.225
1414.307	198.249	-1.301	-0.226
1414.507	200.347	-1.261	-0.195
1414.707	202.332	-1.250	-0.256
1414.907	204.311	-1.220	-0.252
1415.107	206.415	-1.253	-0.296
1415.307	208.367	-1.237	-0.260
1415.407	209.488	-1.205	-0.243
1415.607	211.558	-1.211	-0.237
1415.809	213.482	-1.201	-0.249
1416.009	215.543	-1.170	-0.245
1416.207	217.649	-1.144	-0.256
1416.409	219.658	-1.132	-0.271
1416.609	221.663	-1.146	-0.270
1416.807	223.689	-1.116	-0.241
1417.007	225.713	-1.100	-0.235
1417.207	227.758	-1.080	-0.232
1417.407	229.742	-1.053	-0.240
1417.607	231.871	-1.030	-0.236
1417.807	233.881	-1.030	-0.255
1418.007	235.876	-1.039	-0.279
1418.207	237.966	-1.017	-0.257
1418.407	239.976	-1.028	-0.247
1418.607	241.930	-0.976	-0.237
1418.807	244.044	-0.965	-0.230
1419.007	246.049	-0.937	-0.270
1419.207	248.225	-0.919	-0.243
1419.407	250.099	-0.925	-0.289
1419.607	252.097	-0.932	-0.267
1419.807	254.266	-0.910	-0.264
1420.007	256.242	-0.887	-0.235
1420.207	258.343	-0.875	-0.267
1420.407	260.368	-0.831	-0.242
1420.607	262.353	-0.831	-0.284
1420.807	264.347	-0.809	-0.264
1421.007	266.380	-0.847	-0.306
1421.207	268.385	-0.803	-0.236
1421.407	270.424	-0.803	-0.259
1421.607	272.507	-0.747	-0.228
1421.808	274.528	-0.774	-0.281
1422.008	276.668	-0.701	-0.246
1422.208	278.699	-0.722	-0.278
1422.408	280.663	-0.717	-0.280
1422.609	282.746	-0.720	-0.260
1422.809	284.726	-0.689	-0.257
1423.007	286.696	-0.653	-0.236
1423.207	288.795	-0.651	-0.259
1423.407	290.798	-0.609	-0.276
1423.507	291.943	-0.643	-0.286
1423.707	293.829	-0.615	-0.286
1423.807	294.926	-0.621	-0.286
1424.007	296.954	-0.616	-0.270
1424.207	298.958	-0.612	-0.284
1424.407	301.060	-0.559	-0.239
1424.607	302.967	-0.557	-0.276
1424.707	304.083	-0.540	-0.280
1424.907	306.117	-0.532	-0.284
1425.107	308.163	-0.554	-0.298
1425.307	310.165	-0.533	-0.272
1425.507	312.222	-0.523	-0.273
1425.707	314.153	-0.516	-0.279
1425.907	316.317	-0.467	-0.252
1426.107	318.245	-0.475	-0.282
1426.307	320.336	-0.454	-0.306
1426.507	322.367	-0.439	-0.282
1426.707	324.402	-0.468	-0.308
1426.907	326.445	-0.424	-0.255
1427.107	328.447	-0.442	-0.277
1427.307	330.484	-0.357	-0.245
1427.507	332.500	-0.392	-0.282
1427.707	334.516	-0.351	-0.297
1427.907	336.600	-0.356	-0.289
1428.107	338.677	-0.338	-0.289
1428.307	340.714	-0.358	-0.275
1428.507	342.729	-0.310	-0.264
1428.707	344.735	-0.308	-0.259
1428.907	346.759	-0.277	-0.291
1429.107	348.830	-0.278	-0.289
1429.307	350.856	-0.268	-0.302
1429.507	352.904	-0.263	-0.284
1429.707	355.005	-0.268	-0.297
1429.907	356.992	-0.249	-0.262
1430.107	358.925	-0.232	-0.273
1430.307	361.000	-0.205	-0.261
1430.507	363.004	-0.192	-0.292
1430.707	365.061	-0.187	-0.303
1430.907	367.088	-0.187	-0.295
1431.107	369.087	-0.201	-0.304
1431.307	371.129	-0.175	-0.262
1431.507	373.327	-0.185	-0.284
1431.707	375.321	-0.137	-0.269
1431.907	377.345	-0.152	-0.302
1432.107	379.350	-0.093	-0.277
1432.307	381.371	-0.142	-0.311
1432.507	383.417	-0.113	-0.286
1432.707	385.422	-0.133	-0.294
1432.907	387.448	-0.071	-0.275
1433.107	389.493	-0.054	-0.260
1433.307	390.884	-0.001	-0.296
1433.507	391.476	0.019	-0.277
1433.607	391.508	-0.012	-0.325
1694.607	0.001	-4.803	0.452
1694.807	0.415	-4.813	0.443
1695.007	1.747	-4.824	0.440
1695.207	3.612	-4.831	0.469
1695.407	5.673	-4.824	0.455
1695.608	7.653	-4.789	0.502
1695.708	8.788	-4.826	0.463
1695.907	10.839	-4.788	0.476
1696.108	12.774	-4.786	0.501
1696.308	14.848	-4.805	0.473
1696.507	16.852	-4.775	0.476
1696.707	18.999	-4.806	0.453
1696.907	20.909	-4.807	0.446
1697.107	23.008	-4.836	0.448
1697.307	24.983	-4.827	0.459
1697.507	27.025	-4.809	0.491
1697.707	29.038	-4.804	0.484
1697.907	31.032	-4.811	0.453
1698.007	32.133	-4.805	0.453
1698.207	34.099	-4.789	0.450
1698.407	36.234	-3.278	0.162
1698.607	38.239	-2.839	0.040
1698.807	40.205	-2.824	0.033
1699.007	42.295	-2.816	-0.013
1699.207	44.285	-2.791	-0.022
1699.408	46.436	-2.734	-0.039
1699.607	48.318	-2.671	-0.027
1699.707	49.408	-2.582	-0.026
1699.907	51.363	-2.605	-0.092
1700.007	52.443	-2.540	-0.056
1700.207	54.527	-2.518	-0.082
1700.408	56.511	-2.471	-0.092
1700.607	58.610	-2.448	-0.121
1700.807	60.677	-2.424	-0.138
1701.007	62.641	-2.388	-0.137
1701.207	64.585	-2.352	-0.137
1701.408	66.685	-2.338	-0.130
1701.607	68.685	-2.293	-0.139
1701.807	70.804	-2.274	-0.185
1702.007	72.768	-2.245	-0.156
1702.207	74.772	-2.245	-0.222
1702.408	76.817	-2.183	-0.193
1702.607	78.989	-2.201	-0.224
1702.807	80.946	-2.157	-0.204
1703.007	83.064	-2.162	-0.159
1703.207	85.069	-2.129	-0.107
1703.407	87.033	-2.108	-0.130
1703.608	89.114	-2.071	-0.123
1703.807	91.115	-2.065	-0.162
1704.007	93.110	-2.024	-0.118
1704.207	95.127	-2.042	-0.160
1704.407	97.210	-2.008	-0.155
1704.607	99.280	-2.026	-0.152
1704.807	101.249	-1.995	-0.135
1705.007	103.419	-1.996	-0.142
1705.207	105.310	-1.955	-0.142
1705.408	107.325	-1.923	-0.133
1705.507	108.473	-1.880	-0.101
1705.707	110.464	-1.916	-0.166
1705.907	112.545	-1.919	-0.169
1706.107	114.590	-1.877	-0.165
1706.307	116.571	-1.900	-0.189
1706.507	118.551	-1.877	-0.167
1706.707	120.652	-1.887	-0.189
1706.907	122.636	-1.827	-0.139
1707.107	124.624	-1.850	-0.170
1707.307	126.723	-1.789	-0.145
1707.507	128.709	-1.809	-0.178
1707.607	129.844	-1.731	-0.150
1707.807	131.837	-1.758	-0.189
1708.007	133.826	-1.759	-0.191
1708.207	135.867	-1.758	-0.194
1708.409	137.910	-1.748	-0.193
1708.607	140.083	-1.748	-0.204
1708.807	142.044	-1.728	-0.189
1709.007	143.968	-1.699	-0.174
1709.207	146.031	-1.683	-0.169
1709.407	148.020	-1.664	-0.201
1709.507	149.180	-1.639	-0.169
1709.707	151.075	-1.611	-0.195
1709.907	153.153	-1.624	-0.220
1710.107	155.335	-1.623	-0.231
1710.307	157.180	-1.601	-0.212
1710.507	159.219	-1.613	-0.246
1710.707	161.276	-1.580	-0.190
1710.907	163.312	-1.583	-0.219
1711.107	165.305	-1.520	-0.179
1711.308	167.535	-1.523	-0.189
1711.507	169.379	-1.480	-0.206
1711.607	170.487	-1.487	-0.212
1711.807	172.540	-1.490	-0.236
1712.010	174.515	-1.439	-0.222
1712.209	176.712	-1.469	-0.242
1712.410	178.693	-1.441	-0.233
1712.610	180.646	-1.445	-0.245
1712.809	182.724	-1.427	-0.206
1713.009	184.705	-1.417	-0.230
1713.207	186.812	-1.360	-0.182
1713.407	188.715	-1.352	-0.222
1713.607	190.858	-1.312	-0.223
1713.807	192.902	-1.318	-0.256
1714.007	194.804	-1.308	-0.248
1714.207	196.828	-1.311	-0.254
1714.309	198.014	-1.274	-0.225
1714.508	200.029	-1.294	-0.243
1714.709	201.983	-1.304	-0.254
1714.907	204.080	-1.257	-0.214
1715.109	206.066	-1.257	-0.225
1715.307	208.038	-1.188	-0.210
1715.507	210.142	-1.194	-0.217
1715.707	212.122	-1.139	-0.223
1715.807	213.249	-1.207	-0.278
1716.007	215.144	-1.148	-0.254
1716.107	216.250	-1.148	-0.258
1716.307	218.318	-1.145	-0.246
1716.507	220.288	-1.149	-0.257
1716.707	222.415	-1.131	-0.234
1716.907	224.417	-1.107	-0.224
1717.107	226.379	-1.076	-0.210
1717.307	228.484	-1.054	-0.222
1717.508	230.498	-1.050	-0.237
1717.707	232.472	-1.020	-0.249
1717.907	234.601	-1.037	-0.258
1718.107	236.622	-1.001	-0.249
1718.307	238.586	-1.028	-0.253
1718.507	240.660	-0.992	-0.260
1718.708	242.700	-1.003	-0.220
1718.907	244.735	-0.991	-0.245
1719.107	246.789	-0.948	-0.219
1719.307	248.783	-0.923	-0.238
1719.507	250.792	-0.891	-0.233
1719.707	252.811	-0.889	-0.252
1719.907	254.865	-0.884	-0.272
1720.107	256.868	-0.885	-0.267
1720.307	258.993	-0.886	-0.279
1720.507	260.967	-0.858	-0.248
1720.707	263.000	-0.864	-0.271
1720.907	264.985	-0.815	-0.223
1721.107	267.199	-0.814	-0.236
1721.307	269.192	-0.758	-0.228
1721.507	271.191	-0.752	-0.252
1721.707	273.301	-0.726	-0.251
1721.907	275.156	-0.758	-0.276
1722.107	277.373	-0.718	-0.265
1722.307	279.311	-0.734	-0.274
1722.507	281.318	-0.706	-0.267
1722.707	283.325	-0.714	-0.250
1722.907	285.431	-0.675	-0.244
1723.107	287.439	-0.669	-0.227
1723.307	289.430	-0.644	-0.240
1723.507	291.535	-0.609	-0.242
1723.707	293.529	-0.617	-0.276
1723.907	295.617	-0.609	-0.284
1724.107	297.689	-0.586	-0.271
1724.307	299.625	-0.594	-0.268
1724.507	301.657	-0.588	-0.261
1724.707	303.659	-0.591	-0.261
1724.807	304.760	-0.577	-0.253
1725.007	306.805	-0.561	-0.257
1725.207	308.799	-0.510	-0.226
1725.407	310.837	-0.505	-0.259
1725.607	312.912	-0.497	-0.271
1725.807	314.957	-0.488	-0.286
1726.007	316.948	-0.500	-0.277
1726.207	318.929	-0.485	-0.297
1726.407	320.955	-0.480	-0.260
1726.607	323.029	-0.480	-0.288
1726.809	325.067	-0.436	-0.221
1727.009	327.073	-0.440	-0.281
1727.207	329.111	-0.393	-0.235
1727.407	331.161	-0.402	-0.266
1727.607	333.166	-0.353	-0.263
1727.807	335.325	-0.377	-0.290
1728.007	337.343	-0.342	-0.266
1728.207	339.315	-0.342	-0.280
1728.407	341.302	-0.338	-0.279
1728.607	343.379	-0.346	-0.297
1728.807	345.459	-0.321	-0.248
1729.007	347.463	-0.308	-0.252
1729.207	349.429	-0.276	-0.247
1729.407	351.519	-0.265	-0.268
1729.607	353.516	-0.225	-0.258
1729.707	354.667	-0.229	-0.267
1729.908	356.676	-0.261	-0.309
1730.107	358.594	-0.222	-0.280
1730.307	360.795	-0.250	-0.298
1730.507	362.774	-0.203	-0.267
1730.707	364.763	-0.240	-0.286
1730.907	366.838	-0.183	-0.245
1731.107	368.824	-0.203	-0.274
1731.307	370.971	-0.141	-0.240
1731.507	372.849	-0.165	-0.277
1731.707	374.979	-0.111	-0.277
1731.907	376.968	-0.131	-0.287
1732.107	378.933	-0.127	-0.305
1732.307	381.122	-0.127	-0.285
1732.507	383.096	-0.092	-0.260
1732.707	385.058	-0.118	-0.299
1732.907	387.218	-0.091	-0.261
1733.109	389.189	-0.061	-0.267
1733.310	390.772	0.004	-0.240
1733.507	391.429	0.014	-0.263
1733.708	391.508	0.018	-0.298
1994.607	0.001	-4.839	0.497
1994.808	0.080	-4.842	0.464
1995.008	0.826	-4.796	0.505
1995.208	2.309	-4.816	0.491
1995.308	3.423	-4.817	0.479
1995.508	5.407	-4.776	0.517
1995.607	6.510	-4.808	0.463
1995.808	8.582	-4.790	0.494
1996.008	10.574	-4.793	0.500
1996.208	12.527	-4.804	0.476
1996.407	14.504	-4.802	0.486
1996.507	15.618	-4.825	0.485
1996.708	17.640	-4.814	0.470
1996.908	19.708	-4.809	0.484
1997.107	21.699	-4.832	0.463
1997.308	23.730	-4.805	0.515
1997.508	25.743	-4.825	0.505
1997.707	27.735	-4.798	0.513
1997.908	29.969	-4.806	0.514
1998.108	31.961	-4.793	0.510
1998.307	34.058	-4.791	0.465
1998.508	35.976	-3.530	0.239
1998.708	37.962	-2.802	0.062
1998.908	39.953	-2.827	0.043
1999.108	42.137	-2.808	0.001
1999.308	44.101	-2.795	0.025
1999.508	46.113	-2.748	-0.029
1999.708	48.088	-2.676	-0.003
1999.807	49.235	-2.623	-0.003
2000.008	51.128	-2.601	-0.050
2000.108	52.248	-2.560	-0.027
2000.307	54.210	-2.515	-0.047
2000.407	55.313	-2.515	-0.075
2000.608	57.304	-2.479	-0.059
2000.808	59.429	-2.440	-0.105
2001.008	61.428	-2.378	-0.091
2001.208	63.386	-2.385	-0.147
2001.407	65.471	-2.330	-0.139
2001.608	67.455	-2.345	-0.166
2001.808	69.635	-2.284	-0.146
2002.008	71.498	-2.309	-0.182
2002.107	72.603	-2.213	-0.126
2002.307	74.546	-2.247	-0.204
2002.407	75.632	-2.220	-0.163
2002.607	77.588	-2.187	-0.183
2002.808	79.653	-2.174	-0.201
2003.008	81.772	-2.131	-0.186
2003.208	83.773	-2.144	-0.149
2003.407	85.735	-2.119	-0.139
2003.608	87.864	-2.112	-0.146
2003.808	89.968	-2.080	-0.135
2004.007	91.982	-2.062	-0.131
2004.207	93.897	-2.032	-0.121
2004.408	95.931	-2.010	-0.146
2004.608	97.931	-1.990	-0.118
2004.707	99.103	-1.994	-0.158
2004.907	101.016	-1.959	-0.136
2005.107	103.138	-1.922	-0.155
2005.307	105.178	-1.933	-0.168
2005.508	107.078	-1.914	-0.183
2005.608	108.185	-1.933	-0.191
2005.808	110.233	-1.913	-0.194
2006.008	112.256	-1.906	-0.183
2006.207	114.279	-1.916	-0.181
2006.408	116.273	-1.897	-0.191
2006.608	118.376	-1.863	-0.156
2006.807	120.333	-1.851	-0.176
2007.008	122.345	-1.813	-0.147
2007.108	123.463	-1.825	-0.194
2007.308	125.531	-1.786	-0.167
2007.507	127.454	-1.799	-0.180
2007.608	128.605	-1.769	-0.188
2007.808	130.530	-1.758	-0.186
2008.008	132.533	-1.791	-0.237
2008.108	133.701	-1.716	-0.181
2008.307	135.603	-1.752	-0.198
2008.508	137.606	-1.753	-0.197
2008.608	138.784	-1.744	-0.204
2008.808	140.799	-1.735	-0.204
2009.008	142.772	-1.706	-0.179
2009.208	144.867	-1.721	-0.196
2009.408	146.853	-1.666	-0.161
2009.608	148.805	-1.676	-0.188
2009.808	150.902	-1.611	-0.168
2010.008	152.897	-1.629	-0.207
2010.108	154.036	-1.571	-0.182
2010.307	155.926	-1.598	-0.226
2010.408	157.025	-1.625	-0.222
2010.608	159.018	-1.564	-0.208
2010.808	161.011	-1.577	-0.236
2010.907	162.112	-1.590	-0.232
2011.107	164.115	-1.556	-0.224
2011.307	166.096	-1.557	-0.211
2011.507	168.114	-1.534	-0.219
2011.708	170.149	-1.520	-0.189
2011.807	171.276	-1.513	-0.185
2012.008	173.381	-1.489	-0.206
2012.208	175.445	-1.452	-0.205
2012.408	177.443	-1.453	-0.225
2012.607	179.355	-1.440	-0.214
2012.807	181.411	-1.404	-0.235
2013.008	183.415	-1.405	-0.228
2013.208	185.520	-1.403	-0.260
2013.408	187.505	-1.374	-0.230
2013.608	189.674	-1.384	-0.273
2013.808	191.578	-1.362	-0.222
2014.008	193.585	-1.365	-0.251
2014.108	194.733	-1.335	-0.197
2014.308	196.630	-1.316	-0.231
2014.508	198.744	-1.310	-0.220
2014.707	200.782	-1.279	-0.218
2014.907	202.747	-1.250	-0.206
2015.108	204.918	-1.232	-0.235
2015.307	206.783	-1.223	-0.247
2015.507	208.910	-1.192	-0.229
2015.708	210.962	-1.202	-0.260
2015.908	212.882	-1.181	-0.251
2016.108	215.039	-1.199	-0.265
2016.307	217.053	-1.163	-0.235
2016.507	219.036	-1.173	-0.253
2016.708	221.062	-1.148	-0.242
2016.908	223.121	-1.127	-0.216
2017.108	225.148	-1.102	-0.209
2017.308	227.154	-1.076	-0.208
2017.507	229.189	-1.049	-0.211
2017.708	231.222	-1.039	-0.236
2017.908	233.233	-1.008	-0.226
2018.108	235.262	-1.029	-0.268
2018.307	237.350	-1.011	-0.254
2018.507	239.491	-0.994	-0.246
2018.707	241.383	-0.979	-0.238
2018.908	243.496	-1.021	-0.272
2019.108	245.515	-0.956	-0.225
2019.308	247.546	-0.981	-0.242
2019.508	249.543	-0.915	-0.230
2019.708	251.750	-0.938	-0.243
2019.908	253.606	-0.876	-0.213
2020.108	255.615	-0.875	-0.223
2020.307	257.743	-0.847	-0.249
2020.507	259.761	-0.856	-0.251
2020.708	261.726	-0.821	-0.253
2020.908	263.841	-0.817	-0.254
2021.108	265.881	-0.833	-0.290
2021.308	267.838	-0.820	-0.278
2021.508	269.938	-0.805	-0.259
2021.708	271.918	-0.810	-0.268
2021.808	273.066	-0.758	-0.214
2022.008	274.928	-0.778	-0.255
2022.108	276.035	-0.747	-0.211
2022.307	278.000	-0.732	-0.248
2022.407	279.101	-0.731	-0.269
2022.607	281.048	-0.709	-0.231
2022.808	283.131	-0.677	-0.244
2023.008	285.104	-0.657	-0.242
2023.107	286.263	-0.672	-0.291
2023.308	288.265	-0.664	-0.286
2023.507	290.234	-0.649	-0.264
2023.708	292.245	-0.643	-0.285
2023.908	294.295	-0.635	-0.268
2024.108	296.305	-0.649	-0.295
2024.307	298.426	-0.602	-0.244
2024.508	300.446	-0.627	-0.285
2024.707	302.408	-0.572	-0.228
2024.908	304.515	-0.604	-0.265
2025.108	306.498	-0.515	-0.223
2025.208	307.647	-0.529	-0.247
2025.408	309.528	-0.533	-0.267
2025.508	310.636	-0.480	-0.224
2025.708	312.662	-0.517	-0.270
2025.908	314.693	-0.492	-0.276
2026.107	316.648	-0.522	-0.297
2026.307	318.742	-0.468	-0.265
2026.508	320.697	-0.494	-0.276
2026.607	321.787	-0.432	-0.251
2026.807	323.791	-0.481	-0.278
2027.008	325.898	-0.470	-0.264
2027.208	327.962	-0.437	-0.230
2027.408	329.914	-0.424	-0.242
2027.608	332.060	-0.382	-0.228
2027.808	333.969	-0.397	-0.259
2028.008	336.088	-0.336	-0.245
2028.207	338.004	-0.372	-0.278
2028.307	339.113	-0.344	-0.247
2028.508	341.069	-0.325	-0.279
2028.708	343.209	-0.335	-0.278
2028.907	345.196	-0.333	-0.301
2029.107	347.344	-0.334	-0.277
2029.308	349.203	-0.341	-0.298
2029.507	351.327	-0.298	-0.242
2029.708	353.344	-0.297	-0.269
2029.907	355.358	-0.255	-0.230
2030.107	357.389	-0.258	-0.247
2030.307	359.393	-0.243	-0.242
2030.507	361.488	-0.229	-0.267
2030.708	363.433	-0.206	-0.273
2030.907	365.596	-0.198	-0.286
2031.108	367.519	-0.182	-0.271
2031.308	369.600	-0.186	-0.308
2031.508	371.582	-0.180	-0.281
2031.608	372.730	-0.188	-0.306
2031.807	374.617	-0.180	-0.281
2031.908	375.742	-0.141	-0.235
2032.107	377.721	-0.186	-0.303
2032.308	379.870	-0.134	-0.256
2032.508	381.843	-0.136	-0.266
2032.708	383.944	-0.108	-0.233
2032.908	385.925	-0.083	-0.252
2033.107	387.888	-0.059	-0.262
2033.308	389.865	-0.018	-0.256
2033.508	391.065	-0.003	-0.276
2033.708	391.508	0.015	-0.292
2294.608	0.001	-4.812	0.454
2294.808	0.002	-4.804	0.462
2295.008	0.498	-4.817	0.460
2295.208	1.917	-4.804	0.457
2295.408	3.862	-4.800	0.468
2295.608	5.845	-4.801	0.445
2295.808	7.926	-4.810	0.470
2296.008	9.925	-4.803	0.467
2296.208	11.887	-4.786	0.488
2296.408	13.975	-4.798	0.479
2296.608	15.956	-4.773	0.489
2296.708	17.106	-4.789	0.482
2296.908	19.074	-4.796	0.456
2297.107	21.072	-4.772	0.472
2297.308	23.109	-4.813	0.442
2297.508	25.085	-4.783	0.463
2297.608	26.231	-4.813	0.415
2297.808	28.235	-4.806	0.436
2298.008	30.223	-4.802	0.459
2298.208	32.211	-4.812	0.424
2298.408	34.256	-4.805	0.429
2298.608	36.393	-3.189	0.153
2298.808	38.493	-2.815	0.061
2299.008	40.346	-2.821	0.014
2299.208	42.520	-2.783	0.027
2299.408	44.441	-2.742	-0.003
2299.608	46.523	-2.699	0.004
2299.808	48.551	-2.647	-0.042
2300.008	50.573	-2.573	-0.014
2300.208	52.557	-2.569	-0.081
2300.408	54.579	-2.491	-0.045
2300.608	56.777	-2.519	-0.127
2300.808	58.727	-2.442	-0.082
2301.008	60.808	-2.423	-0.135
2301.207	62.789	-2.360	-0.128
2301.408	64.773	-2.356	-0.160
2301.608	66.951	-2.317	-0.150
2301.808	68.887	-2.308	-0.166
2302.008	70.981	-2.296	-0.158
2302.208	72.966	-2.267	-0.164
2302.408	75.108	-2.240	-0.154
2302.608	77.011	-2.201	-0.161
2302.808	79.016	-2.168	-0.169
2303.008	81.215	-2.149	-0.171
2303.208	83.134	-2.116	-0.121
2303.408	85.150	-2.105	-0.116
2303.608	87.203	-2.090	-0.144
2303.808	89.257	-2.050	-0.135
2304.008	91.254	-2.066	-0.153
2304.208	93.298	-2.022	-0.152
2304.408	95.323	-2.044	-0.159
2304.608	97.325	-1.991	-0.141
2304.808	99.338	-2.000	-0.130
2305.008	101.528	-1.973	-0.156
2305.208	103.409	-1.949	-0.132
2305.408	105.556	-1.924	-0.163
2305.608	107.498	-1.901	-0.129
2305.808	109.515	-1.903	-0.168
2306.008	111.709	-1.855	-0.147
2306.208	113.653	-1.859	-0.165
2306.408	115.716	-1.844	-0.177
2306.608	117.709	-1.842	-0.195
2306.808	119.684	-1.834	-0.203
2307.008	121.785	-1.827	-0.206
2307.208	123.886	-1.835	-0.192
2307.408	125.889	-1.811	-0.195
2307.608	127.955	-1.785	-0.178
2307.808	129.978	-1.802	-0.190
2308.008	132.018	-1.787	-0.182
2308.208	134.043	-1.772	-0.164
2308.408	136.021	-1.751	-0.184
2308.608	138.069	-1.720	-0.143
2308.808	140.070	-1.732	-0.186
2309.008	142.199	-1.681	-0.150
2309.208	144.264	-1.687	-0.189
2309.407	146.120	-1.640	-0.173
2309.508	147.242	-1.689	-0.218
2309.708	149.203	-1.647	-0.210
2309.908	151.309	-1.636	-0.208
2310.108	153.368	-1.621	-0.213
2310.308	155.333	-1.605	-0.229
2310.508	157.473	-1.609	-0.222
2310.708	159.356	-1.596	-0.230
2310.808	160.482	-1.614	-0.231
2311.008	162.485	-1.576	-0.211
2311.208	164.542	-1.575	-0.232
2311.407	166.539	-1.538	-0.197
2311.608	168.673	-1.544	-0.219
2311.808	170.682	-1.503	-0.188
2312.008	172.648	-1.522	-0.216
2312.208	174.732	-1.455	-0.176
2312.408	176.713	-1.449	-0.199
2312.608	178.863	-1.406	-0.186
2312.808	180.741	-1.418	-0.212
2313.008	182.864	-1.375	-0.202
2313.208	184.840	-1.388	-0.241
2313.408	186.903	-1.375	-0.221
2313.608	189.028	-1.360	-0.233
2313.808	191.012	-1.364	-0.237
2314.008	192.996	-1.341	-0.241
2314.208	195.154	-1.335	-0.239
2314.408	197.131	-1.326	-0.243
2314.608	199.083	-1.312	-0.209
2314.808	201.135	-1.291	-0.225
2315.008	203.141	-1.287	-0.219
2315.208	205.336	-1.263	-0.230
2315.408	207.258	-1.234	-0.196
2315.608	209.262	-1.187	-0.209
2315.808	211.248	-1.219	-0.224
2316.008	213.302	-1.143	-0.217
2316.208	215.299	-1.143	-0.203
2316.408	217.338	-1.124	-0.252
2316.608	219.535	-1.123	-0.230
2316.808	221.500	-1.113	-0.279
2317.008	223.604	-1.086	-0.240
2317.208	225.558	-1.104	-0.276
2317.408	227.656	-1.100	-0.250
2317.608	229.594	-1.079	-0.253
2317.808	231.678	-1.071	-0.251
2318.008	233.684	-1.047	-0.237
2318.208	235.661	-1.052	-0.240
2318.408	237.820	-1.010	-0.215
2318.608	239.828	-1.019	-0.233
2318.808	241.833	-0.971	-0.214
2319.008	243.855	-0.983	-0.222
2319.208	245.889	-0.934	-0.216
2319.408	248.017	-0.923	-0.227
2319.608	250.061	-0.914	-0.240
2319.808	252.025	-0.893	-0.233
2320.008	254.016	-0.871	-0.258
2320.208	256.113	-0.876	-0.270
2320.408	258.103	-0.873	-0.262
2320.608	260.078	-0.865	-0.272
2320.808	262.170	-0.850	-0.260
2321.008	264.182	-0.842	-0.269
2321.208	266.363	-0.827	-0.256
2321.408	268.187	-0.812	-0.263
2321.608	270.302	-0.785	-0.239
2321.808	272.343	-0.806	-0.259
2322.008	274.400	-0.773	-0.233
2322.208	276.407	-0.745	-0.230
2322.408	278.431	-0.714	-0.224
2322.608	280.414	-0.690	-0.234
2322.808	282.614	-0.674	-0.230
2323.008	284.559	-0.664	-0.256
2323.208	286.521	-0.639	-0.238
2323.408	288.574	-0.688	-0.298
2323.608	290.567	-0.616	-0.229
2323.808	292.612	-0.650	-0.283
2324.008	294.656	-0.601	-0.253
2324.208	296.797	-0.650	-0.293
2324.408	298.892	-0.599	-0.254
2324.608	300.885	-0.626	-0.271
2324.808	302.832	-0.601	-0.266
2325.008	304.932	-0.609	-0.249
2325.208	306.916	-0.581	-0.257
2325.408	309.062	-0.558	-0.233
2325.608	310.945	-0.541	-0.248
2325.708	312.035	-0.530	-0.224
2325.908	314.103	-0.536	-0.253
2326.108	316.070	-0.494	-0.242
2326.308	318.187	-0.497	-0.254
2326.508	320.189	-0.459	-0.256
2326.708	322.182	-0.472	-0.270
2326.908	324.354	-0.436	-0.261
2327.108	326.195	-0.461	-0.293
2327.308	328.340	-0.451	-0.292
2327.507	330.245	-0.446	-0.281
2327.607	331.369	-0.427	-0.266
2327.808	333.416	-0.403	-0.274
2328.008	335.338	-0.429	-0.285
2328.208	337.483	-0.393	-0.263
2328.408	339.496	-0.400	-0.264
2328.608	341.532	-0.379	-0.245
2328.808	343.517	-0.369	-0.247
2329.008	345.544	-0.325	-0.224
2329.208	347.566	-0.321	-0.237
2329.407	349.599	-0.274	-0.243
2329.607	351.607	-0.292	-0.255
2329.708	352.721	-0.304	-0.268
2329.908	354.750	-0.253	-0.266
2330.108	356.767	-0.231	-0.249
2330.312	358.944	-0.234	-0.284
2330.508	360.790	-0.226	-0.266
2330.708	362.815	-0.222	-0.294
2330.908	364.959	-0.245	-0.281
2331.108	367.062	-0.217	-0.306
2331.308	368.920	-0.209	-0.258
2331.509	371.145	-0.181	-0.269
2331.708	373.070	-0.183	-0.263
2331.908	375.094	-0.178	-0.277
2332.108	377.076	-0.154	-0.257
2332.308	379.180	-0.150	-0.248
2332.508	381.152	-0.142	-0.260
2332.708	383.343	-0.109	-0.234
2332.908	385.243	-0.094	-0.246
2333.108	387.251	-0.055	-0.233
2333.208	388.394	-0.073	-0.292
2333.408	390.130	-0.029	-0.254
2333.609	391.248	-0.038	-0.283
2333.808	391.507	0.006	-0.274
2594.808	0.001	-4.781	0.513
2595.008	0.210	-4.796	0.469
2595.208	1.080	-4.793	0.486
2595.308	1.885	-4.792	0.485
2595.508	3.912	-4.804	0.495
2595.708	5.834	-4.799	0.524
2595.808	6.949	-4.845	0.494
2596.008	8.969	-4.793	0.552
2596.208	11.014	-4.834	0.532
2596.408	13.057	-4.762	0.567
2596.608	15.026	-4.820	0.537
2596.708	16.105	-4.795	0.523
2596.908	18.111	-4.762	0.567
2597.108	20.094	-4.778	0.544
2597.308	22.131	-4.768	0.547
2597.508	24.229	-4.797	0.527
2597.709	26.205	-4.777	0.518
2597.909	28.313	-4.803	0.517
2598.109	30.291	-4.799	0.499
2598.208	31.441	-4.814	0.483
2598.408	33.331	-4.788	0.501
2598.609	35.453	-3.970	0.292
2598.808	37.467	-2.824	0.054
2599.008	39.475	-2.835	-0.004
2599.208	41.440	-2.765	0.019
2599.308	42.608	-2.782	-0.031
2599.408	43.603	-2.717	-0.028
2599.608	45.570	-2.712	-0.045
2599.808	47.577	-2.642	-0.052
2600.008	49.637	-2.602	-0.065
2600.208	51.646	-2.568	-0.080
2600.408	53.675	-2.524	-0.083
2600.608	55.849	-2.510	-0.108
2600.808	57.826	-2.446	-0.094
2601.008	59.787	-2.447	-0.157
2601.208	61.832	-2.365	-0.124
2601.408	63.880	-2.376	-0.160
2601.608	65.855	-2.322	-0.141
2601.808	67.893	-2.315	-0.166
2602.008	70.054	-2.287	-0.152
2602.208	72.165	-2.262	-0.153
2602.408	74.138	-2.225	-0.153
2602.608	76.102	-2.187	-0.182
2602.808	78.201	-2.148	-0.171
2603.008	80.177	-2.146	-0.206
2603.208	82.130	-2.112	-0.183
2603.408	84.165	-2.116	-0.147
2603.608	86.292	-2.064	-0.128
2603.808	88.334	-2.061	-0.134
2604.008	90.293	-2.042	-0.134
2604.108	91.422	-2.047	-0.175
2604.308	93.435	-2.008	-0.119
2604.508	95.413	-2.003	-0.144
2604.708	97.403	-1.971	-0.117
2604.908	99.443	-1.956	-0.143
2605.108	101.584	-1.909	-0.125
2605.308	103.691	-1.925	-0.165
2605.508	105.715	-1.892	-0.155
2605.708	107.710	-1.881	-0.158
2605.908	109.644	-1.877	-0.170
2606.108	111.679	-1.876	-0.185
2606.308	113.849	-1.852	-0.171
2606.508	115.729	-1.864	-0.191
2606.708	117.731	-1.863	-0.181
2606.808	118.881	-1.874	-0.214
2607.008	120.905	-1.854	-0.177
2607.208	122.885	-1.825	-0.165
2607.408	124.873	-1.814	-0.174
2607.608	126.940	-1.785	-0.164
2607.708	128.072	-1.831	-0.188
2607.908	130.049	-1.777	-0.148
2608.108	132.060	-1.746	-0.183
2608.308	134.081	-1.723	-0.168
2608.508	136.086	-1.712	-0.211
2608.708	138.207	-1.707	-0.194
2608.908	140.313	-1.703	-0.226
2609.108	142.155	-1.712	-0.211
2609.308	144.294	-1.688	-0.243
2609.508	146.265	-1.674	-0.192
2609.608	147.244	-1.685	-0.222
2609.709	148.413	-1.670	-0.230
2609.910	150.353	-1.640	-0.182
2610.110	152.379	-1.653	-0.223
2610.309	154.567	-1.624	-0.175
2610.509	156.467	-1.638	-0.214
2610.710	158.471	-1.577	-0.168
2610.908	160.660	-1.584	-0.194
2611.108	162.539	-1.526	-0.170
2611.308	164.653	-1.537	-0.203
2611.508	166.618	-1.507	-0.212
2611.608	167.718	-1.503	-0.217
2611.808	169.665	-1.491	-0.206
2612.009	171.739	-1.483	-0.221
2612.209	173.716	-1.478	-0.242
2612.308	174.871	-1.465	-0.220
2612.509	176.779	-1.479	-0.241
2612.708	178.776	-1.450	-0.220
2612.908	180.967	-1.448	-0.232
2613.108	182.887	-1.421	-0.213
2613.308	184.902	-1.418	-0.215
2613.508	187.038	-1.403	-0.225
2613.708	189.018	-1.358	-0.200
2613.908	191.061	-1.374	-0.217
2614.108	193.124	-1.309	-0.199
2614.308	195.186	-1.327	-0.210
2614.508	197.218	-1.246	-0.213
2614.708	199.254	-1.280	-0.213
2614.908	201.152	-1.253	-0.257
2615.108	203.298	-1.239	-0.220
2615.308	205.254	-1.250	-0.280
2615.508	207.315	-1.239	-0.245
2615.709	209.456	-1.208	-0.254
2615.909	211.442	-1.202	-0.223
2616.110	213.462	-1.219	-0.252
2616.308	215.579	-1.177	-0.209
2616.508	217.564	-1.175	-0.227
2616.709	219.526	-1.134	-0.203
2616.908	221.645	-1.137	-0.230
2617.108	223.657	-1.095	-0.200
2617.308	225.630	-1.090	-0.213
2617.508	227.599	-1.067	-0.224
2617.709	229.765	-1.061	-0.242
2617.908	231.748	-1.030	-0.217
2618.108	233.807	-1.031	-0.260
2618.308	235.799	-1.008	-0.255
2618.509	237.855	-1.034	-0.282
2618.709	239.897	-1.008	-0.248
2618.908	241.888	-1.009	-0.255
2619.108	243.895	-0.998	-0.232
2619.308	245.919	-0.975	-0.250
2619.408	247.023	-1.015	-0.261
2619.608	248.968	-0.923	-0.224
2619.708	250.059	-0.924	-0.238
2619.908	252.058	-0.923	-0.236
2620.108	254.052	-0.899	-0.232
2620.208	255.169	-0.885	-0.201
2620.408	257.237	-0.847	-0.221
2620.608	259.176	-0.854	-0.246
2620.808	261.167	-0.824	-0.241
2621.008	263.248	-0.818	-0.264
2621.208	265.249	-0.805	-0.257
2621.408	267.444	-0.812	-0.264
2621.608	269.343	-0.779	-0.248
2621.808	271.396	-0.787	-0.267
2622.008	273.428	-0.770	-0.247
2622.208	275.470	-0.778	-0.267
2622.408	277.490	-0.761	-0.241
2622.608	279.542	-0.747	-0.247
2622.808	281.561	-0.735	-0.234
2623.008	283.562	-0.713	-0.243
2623.208	285.574	-0.671	-0.214
2623.408	287.744	-0.665	-0.232
2623.608	289.851	-0.626	-0.224
2623.808	291.757	-0.657	-0.253
2624.009	293.845	-0.608	-0.231
2624.209	295.857	-0.620	-0.271
2624.409	297.823	-0.608	-0.266
2624.609	300.015	-0.611	-0.274
2624.809	301.898	-0.594	-0.274
2625.008	303.917	-0.603	-0.266
2625.108	305.065	-0.586	-0.271
2625.308	306.954	-0.600	-0.279
2625.508	309.014	-0.574	-0.248
2625.708	311.214	-0.546	-0.248
2625.908	313.064	-0.556	-0.251
2626.108	315.088	-0.518	-0.229
2626.308	317.120	-0.526	-0.228
2626.508	319.306	-0.488	-0.252
2626.708	321.262	-0.493	-0.232
2626.908	323.355	-0.450	-0.257
2627.108	325.344	-0.456	-0.238
2627.308	327.288	-0.433	-0.281
2627.508	329.353	-0.418	-0.245
2627.708	331.467	-0.423	-0.281
2627.909	333.487	-0.422	-0.262
2628.108	335.450	-0.409	-0.287
2628.308	337.516	-0.408	-0.278
2628.509	339.519	-0.388	-0.259
2628.710	341.644	-0.391	-0.267
2628.908	343.732	-0.356	-0.236
2629.108	345.684	-0.357	-0.254
2629.308	347.659	-0.319	-0.226
2629.508	349.777	-0.320	-0.247
2629.708	351.762	-0.304	-0.271
2629.908	353.806	-0.258	-0.224
2630.108	355.871	-0.278	-0.263
2630.308	357.871	-0.232	-0.259
2630.508	359.901	-0.245	-0.274
2630.708	361.919	-0.198	-0.264
2630.908	363.899	-0.219	-0.281
2631.108	366.119	-0.208	-0.296
2631.308	368.093	-0.194	-0.280
2631.508	370.014	-0.229	-0.309
2631.708	372.116	-0.178	-0.267
2631.909	374.209	-0.202	-0.274
2632.109	376.206	-0.154	-0.256
2632.309	378.165	-0.173	-0.243
2632.409	379.255	-0.132	-0.271
2632.608	381.255	-0.119	-0.241
2632.809	383.241	-0.120	-0.238
2633.008	385.468	-0.080	-0.254
2633.208	387.313	-0.072	-0.243
2633.408	389.430	-0.044	-0.278
2633.608	390.819	-0.009	-0.254
2633.808	391.464	-0.016	-0.284
2633.908	391.507	0.005	-0.265
2894.908	0.001	-4.800	0.489
2895.108	0.340	-4.815	0.463
2895.308	1.458	-4.781	0.482
2895.508	3.348	-4.807	0.443
2895.708	5.344	-4.809	0.479
2895.908	7.445	-4.799	0.485
2896.108	9.448	-4.840	0.467
2896.308	11.623	-4.801	0.487
2896.508	13.502	-4.847	0.470
2896.708	15.615	-4.827	0.476
2896.908	17.608	-4.847	0.481
2897.109	19.641	-4.819	0.494
2897.308	21.646	-4.843	0.498
2897.508	23.833	-4.823	0.489
2897.708	25.693	-4.799	0.494
2897.809	26.812	-4.792	0.489
2898.008	28.808	-4.828	0.468
2898.208	30.894	-4.790	0.502
2898.408	32.957	-4.811	0.455
2898.608	34.928	-4.517	0.447
2898.808	37.058	-2.832	0.085
2899.008	38.930	-2.812	0.053
2899.208	41.071	-2.803	0.004
2899.408	43.090	-2.762	0.018
2899.609	45.018	-2.741	-0.014
2899.808	47.145	-2.676	-0.026
2900.008	49.260	-2.639	-0.053
2900.208	51.263	-2.582	-0.031
2900.408	53.229	-2.569	-0.069
2900.608	55.324	-2.522	-0.050
2900.808	57.288	-2.488	-0.076
2901.008	59.454	-2.425	-0.055
2901.208	61.318	-2.396	-0.110
2901.408	63.463	-2.352	-0.128
2901.609	65.439	-2.327	-0.123
2901.808	67.512	-2.282	-0.136
2902.008	69.455	-2.264	-0.133
2902.208	71.604	-2.260	-0.155
2902.408	73.576	-2.200	-0.156
2902.608	75.590	-2.187	-0.167
2902.808	77.592	-2.150	-0.173
2903.008	79.727	-2.146	-0.184
2903.209	81.854	-2.107	-0.183
2903.408	83.687	-2.117	-0.119
2903.608	85.842	-2.098	-0.119
2903.808	87.834	-2.072	-0.112
2904.008	89.855	-2.021	-0.117
2904.208	91.964	-2.030	-0.124
2904.408	93.877	-1.985	-0.127
2904.609	96.003	-1.991	-0.127
2904.808	98.041	-1.943	-0.122
2905.008	99.965	-1.954	-0.129
2905.208	102.110	-1.906	-0.135
2905.408	104.136	-1.898	-0.134
2905.608	106.162	-1.852	-0.143
2905.808	108.233	-1.884	-0.185
2906.008	110.266	-1.856	-0.175
2906.208	112.241	-1.849	-0.185
2906.408	114.186	-1.841	-0.190
2906.608	116.271	-1.850	-0.209
2906.808	118.259	-1.841	-0.201
2906.908	119.419	-1.806	-0.210
2907.108	121.443	-1.818	-0.192
2907.308	123.458	-1.829	-0.226
2907.508	125.503	-1.810	-0.194
2907.708	127.443	-1.803	-0.193
2907.908	129.461	-1.761	-0.178
2908.108	131.513	-1.771	-0.202
2908.308	133.594	-1.756	-0.192
2908.508	135.592	-1.727	-0.167
2908.708	137.632	-1.728	-0.190
2908.908	139.657	-1.698	-0.166
2909.108	141.782	-1.701	-0.193
2909.308	143.897	-1.664	-0.165
2909.509	145.877	-1.669	-0.193
2909.709	147.812	-1.619	-0.169
2909.908	149.926	-1.634	-0.197
2910.108	151.882	-1.598	-0.160
2910.309	153.895	-1.601	-0.211
2910.508	155.920	-1.582	-0.208
2910.708	158.044	-1.599	-0.237
2910.908	160.113	-1.565	-0.211
2911.108	162.020	-1.578	-0.246
2911.208	163.181	-1.529	-0.207
2911.408	165.090	-1.543	-0.226
2911.608	167.112	-1.540	-0.230
2911.808	169.265	-1.527	-0.211
2912.008	171.217	-1.518	-0.233
2912.208	173.234	-1.491	-0.207
2912.408	175.300	-1.492	-0.222
2912.608	177.329	-1.458	-0.189
2912.808	179.328	-1.462	-0.221
2913.008	181.362	-1.413	-0.180
2913.208	183.375	-1.419	-0.205
2913.308	184.483	-1.376	-0.173
2913.508	186.593	-1.393	-0.198
2913.708	188.611	-1.355	-0.194
2913.908	190.577	-1.352	-0.239
2914.108	192.581	-1.320	-0.206
2914.308	194.560	-1.328	-0.226
2914.508	196.723	-1.289	-0.224
2914.710	198.700	-1.267	-0.239
2914.908	200.848	-1.267	-0.244
2915.108	202.712	-1.256	-0.239
2915.308	204.858	-1.252	-0.252
2915.508	206.879	-1.224	-0.237
2915.709	208.936	-1.229	-0.263
2915.908	210.933	-1.207	-0.248
2916.108	213.067	-1.199	-0.246
2916.309	214.899	-1.174	-0.234
2916.408	216.026	-1.171	-0.233
2916.608	218.122	-1.182	-0.242
2916.808	220.123	-1.166	-0.229
2917.008	222.109	-1.138	-0.213
2917.208	224.215	-1.129	-0.219
2917.408	226.198	-1.103	-0.216
2917.608	228.162	-1.086	-0.218
2917.808	230.193	-1.049	-0.204
2918.008	232.289	-1.061	-0.238
2918.208	234.359	-1.034	-0.226
2918.408	236.317	-1.009	-0.219
2918.608	238.454	-0.982	-0.230
2918.808	240.448	-0.987	-0.238
2919.008	242.426	-0.960	-0.232
2919.208	244.428	-0.952	-0.248
2919.408	246.578	-0.927	-0.235
2919.608	248.560	-0.927	-0.261
2919.808	250.527	-0.912	-0.244
2920.008	252.658	-0.920	-0.266
2920.208	254.630	-0.894	-0.255
2920.408	256.684	-0.899	-0.270
2920.608	258.669	-0.884	-0.271
2920.808	260.701	-0.875	-0.247
2921.008	262.713	-0.863	-0.268
2921.108	263.824	-0.826	-0.236
2921.308	265.930	-0.868	-0.269
2921.508	267.913	-0.804	-0.223
2921.708	270.006	-0.810	-0.233
2921.908	271.910	-0.796	-0.240
2922.108	274.024	-0.797	-0.245
2922.308	276.072	-0.751	-0.222
2922.508	278.058	-0.738	-0.243
2922.709	280.193	-0.715	-0.231
2922.908	282.055	-0.712	-0.250
2923.108	284.202	-0.661	-0.210
2923.308	286.227	-0.681	-0.249
2923.509	288.269	-0.644	-0.228
2923.708	290.197	-0.655	-0.261
2923.908	292.398	-0.649	-0.252
2924.108	294.394	-0.608	-0.230
2924.310	296.383	-0.626	-0.284
2924.508	298.484	-0.596	-0.264
2924.708	300.471	-0.621	-0.289
2924.908	302.416	-0.580	-0.265
2925.108	304.517	-0.612	-0.298
2925.308	306.485	-0.569	-0.265
2925.508	308.678	-0.586	-0.283
2925.708	310.662	-0.570	-0.268
2925.908	312.649	-0.570	-0.272
2926.108	314.681	-0.554	-0.272
2926.308	316.757	-0.561	-0.264
2926.508	318.850	-0.540	-0.247
2926.708	320.835	-0.528	-0.249
2926.908	322.810	-0.477	-0.211
2927.108	324.878	-0.496	-0.262
2927.308	326.886	-0.450	-0.215
2927.508	328.863	-0.480	-0.251
2927.708	330.991	-0.425	-0.221
2927.908	332.980	-0.462	-0.271
2928.108	335.032	-0.388	-0.222
2928.308	337.090	-0.415	-0.253
2928.508	339.093	-0.355	-0.240
2928.708	341.130	-0.362	-0.262
2928.908	343.162	-0.339	-0.263
2929.108	345.158	-0.337	-0.269
2929.308	347.192	-0.312	-0.273
2929.508	349.205	-0.317	-0.280
2929.709	351.312	-0.317	-0.287
2929.908	353.256	-0.299	-0.290
2930.008	354.361	-0.288	-0.275
2930.208	356.329	-0.275	-0.275
2930.408	358.354	-0.292	-0.289
2930.608	360.438	-0.261	-0.267
2930.808	362.510	-0.260	-0.275
2931.008	364.495	-0.243	-0.254
2931.208	366.599	-0.248	-0.273
2931.409	368.510	-0.218	-0.252
2931.508	369.640	-0.221	-0.267
2931.709	371.706	-0.198	-0.254
2931.908	373.628	-0.175	-0.236
2932.109	375.651	-0.196	-0.262
2932.309	377.851	-0.136	-0.242
2932.508	379.711	-0.155	-0.239
2932.708	381.859	-0.113	-0.245
2932.908	383.960	-0.108	-0.247
2933.108	385.961	-0.091	-0.252
2933.308	387.944	-0.077	-0.243
2933.508	389.930	-0.042	-0.252
2933.708	391.098	-0.009	-0.246
2933.908	391.508	0.008	-0.260
