TimeSec	Probe1mm	ConductivityP1V	TemperatureP1V
12.282	0.000	-4.712	0.054
12.482	0.014	-4.690	0.050
12.682	0.653	-4.715	0.048
12.882	2.054	-4.682	0.048
13.082	3.985	-4.688	0.051
13.282	6.070	-4.689	0.057
13.482	8.053	-4.732	0.017
13.682	10.068	-4.679	0.057
13.782	11.228	-4.717	0.007
13.982	13.151	-4.702	0.056
14.182	15.153	-4.697	0.025
14.382	17.199	-4.688	0.050
14.582	19.254	-4.715	0.021
14.782	21.249	-4.685	0.059
14.982	23.487	-4.707	0.023
15.182	25.479	-4.675	0.056
15.382	27.434	-4.714	0.006
15.582	29.464	-4.665	0.042
15.782	31.464	-4.692	0.023
15.882	32.551	-4.692	-0.004
16.082	34.565	-4.671	-0.003
16.282	36.607	-4.675	-0.026
16.482	38.604	-3.697	0.042
16.682	40.574	-3.686	0.085
16.782	41.717	-3.693	0.015
16.982	43.740	-3.716	0.031
17.182	45.661	-3.704	0.034
17.382	47.895	-3.683	0.016
17.582	49.822	-3.680	-0.008
17.782	51.788	-3.659	-0.007
17.982	53.856	-3.638	-0.011
18.182	55.932	-3.620	-0.039
18.382	58.058	-3.611	-0.056
18.582	60.049	-3.611	-0.060
18.782	61.946	-3.579	-0.079
18.982	63.994	-3.559	-0.074
19.182	66.018	-3.573	-0.107
19.282	67.129	-3.535	-0.094
19.482	69.072	-3.557	-0.118
19.682	71.216	-3.545	-0.105
19.882	73.178	-3.523	-0.128
20.082	75.220	-3.516	-0.126
20.282	77.216	-3.507	-0.150
20.482	79.385	-3.504	-0.155
20.682	81.397	-3.500	-0.166
20.882	83.371	-3.460	-0.149
21.082	85.457	-3.500	-0.182
21.282	87.468	-3.450	-0.110
21.482	89.480	-3.476	-0.113
21.682	91.442	-3.442	-0.119
21.882	93.593	-3.446	-0.126
22.082	95.571	-3.450	-0.142
22.282	97.552	-3.421	-0.108
22.382	98.705	-3.431	-0.145
22.582	100.682	-3.425	-0.143
22.782	102.753	-3.397	-0.130
22.982	104.766	-3.418	-0.159
23.182	106.720	-3.383	-0.137
23.382	108.801	-3.398	-0.160
23.582	110.871	-3.353	-0.154
23.782	112.882	-3.390	-0.156
23.982	115.037	-3.369	-0.176
24.182	116.894	-3.360	-0.156
24.382	118.903	-3.329	-0.178
24.582	121.134	-3.364	-0.180
24.782	123.101	-3.320	-0.190
24.982	125.064	-3.320	-0.171
25.182	127.185	-3.307	-0.193
25.382	129.120	-3.350	-0.205
25.582	131.271	-3.294	-0.192
25.782	133.143	-3.288	-0.177
25.882	134.251	-3.317	-0.224
26.082	136.219	-3.268	-0.207
26.182	137.303	-3.263	-0.179
26.382	139.375	-3.266	-0.207
26.582	141.335	-3.246	-0.192
26.783	143.317	-3.263	-0.232
26.883	144.467	-3.273	-0.215
27.083	146.437	-3.221	-0.191
27.283	148.535	-3.244	-0.237
27.483	150.500	-3.218	-0.201
27.682	152.579	-3.217	-0.208
27.882	154.616	-3.192	-0.207
28.082	156.562	-3.209	-0.234
28.282	158.723	-3.192	-0.210
28.482	160.649	-3.174	-0.213
28.682	162.636	-3.186	-0.230
28.882	164.704	-3.172	-0.231
29.082	166.740	-3.170	-0.214
29.282	168.764	-3.142	-0.217
29.382	169.919	-3.164	-0.252
29.582	171.882	-3.154	-0.225
29.783	173.965	-3.121	-0.221
29.982	175.925	-3.130	-0.237
30.182	178.033	-3.123	-0.243
30.382	180.108	-3.101	-0.219
30.582	182.053	-3.099	-0.234
30.782	184.157	-3.106	-0.237
30.982	186.062	-3.075	-0.231
31.182	188.186	-3.086	-0.233
31.382	190.251	-3.062	-0.240
31.582	192.150	-3.084	-0.253
31.682	193.238	-3.033	-0.222
31.882	195.350	-3.057	-0.240
32.082	197.254	-3.056	-0.253
32.282	199.272	-3.046	-0.241
32.382	200.381	-3.026	-0.226
32.582	202.353	-3.036	-0.262
32.782	204.509	-3.018	-0.223
32.982	206.496	-3.008	-0.264
33.182	208.408	-3.014	-0.239
33.282	209.544	-2.980	-0.245
33.482	211.615	-2.997	-0.262
33.682	213.610	-2.997	-0.254
33.882	215.641	-2.988	-0.255
34.082	217.584	-2.964	-0.229
34.282	219.608	-2.964	-0.260
34.482	221.730	-2.977	-0.264
34.682	223.812	-2.942	-0.253
34.882	225.792	-2.943	-0.260
35.082	227.753	-2.920	-0.267
35.282	229.819	-2.928	-0.254
35.482	231.821	-2.914	-0.258
35.682	234.000	-2.913	-0.262
35.882	236.023	-2.894	-0.267
36.082	237.993	-2.905	-0.284
36.282	240.010	-2.894	-0.243
36.482	242.078	-2.874	-0.276
36.682	244.172	-2.869	-0.255
36.882	246.152	-2.890	-0.294
37.082	248.108	-2.848	-0.231
37.282	250.218	-2.851	-0.278
37.482	252.171	-2.830	-0.268
37.682	254.224	-2.861	-0.293
37.882	256.311	-2.808	-0.231
38.082	258.310	-2.834	-0.282
38.282	260.433	-2.808	-0.256
38.482	262.454	-2.821	-0.284
38.682	264.412	-2.786	-0.260
38.882	266.497	-2.787	-0.271
39.082	268.470	-2.774	-0.275
39.282	270.617	-2.780	-0.287
39.482	272.635	-2.774	-0.277
39.682	274.568	-2.757	-0.271
39.883	276.601	-2.748	-0.283
40.082	278.746	-2.747	-0.276
40.282	280.682	-2.732	-0.290
40.482	282.796	-2.719	-0.254
40.682	284.707	-2.732	-0.300
40.882	286.884	-2.716	-0.258
41.082	288.872	-2.719	-0.305
41.282	290.901	-2.685	-0.258
41.482	292.857	-2.691	-0.300
41.682	294.942	-2.699	-0.294
41.882	296.968	-2.681	-0.290
42.082	299.029	-2.661	-0.267
42.282	301.068	-2.673	-0.294
42.482	303.077	-2.678	-0.287
42.682	305.082	-2.652	-0.299
42.882	307.209	-2.656	-0.293
43.082	309.226	-2.641	-0.301
43.282	311.232	-2.640	-0.289
43.482	313.366	-2.636	-0.299
43.682	315.371	-2.627	-0.282
43.882	317.323	-2.626	-0.297
44.082	319.420	-2.623	-0.294
44.282	321.362	-2.622	-0.276
44.482	323.529	-2.612	-0.298
44.682	325.535	-2.600	-0.295
44.882	327.476	-2.608	-0.303
45.082	329.480	-2.614	-0.302
45.282	331.536	-2.573	-0.274
45.382	332.672	-2.632	-0.340
45.582	334.553	-2.568	-0.275
45.682	335.660	-2.584	-0.316
45.882	337.626	-2.592	-0.312
46.082	339.756	-2.538	-0.271
46.282	341.717	-2.587	-0.321
46.482	343.720	-2.560	-0.295
46.682	345.764	-2.575	-0.309
46.782	346.914	-2.538	-0.299
46.982	348.918	-2.557	-0.309
47.182	350.904	-2.551	-0.300
47.382	352.962	-2.533	-0.306
47.582	355.020	-2.547	-0.314
47.782	357.016	-2.557	-0.313
47.982	359.013	-2.529	-0.297
48.182	361.025	-2.525	-0.303
48.382	363.060	-2.517	-0.315
48.582	365.231	-2.535	-0.311
48.782	367.209	-2.514	-0.314
48.983	369.325	-2.501	-0.294
49.183	371.310	-2.513	-0.321
49.382	373.283	-2.520	-0.312
49.582	375.382	-2.477	-0.296
49.782	377.383	-2.505	-0.319
49.982	379.489	-2.481	-0.316
50.182	381.400	-2.502	-0.321
50.382	383.516	-2.456	-0.288
50.582	385.531	-2.497	-0.320
50.782	387.473	-2.438	-0.311
50.882	388.571	-2.475	-0.303
51.082	390.276	-2.452	-0.316
51.282	391.305	-2.433	-0.310
51.482	391.506	-2.448	-0.319
313.582	6.070	-4.876	0.495
313.782	6.089	-4.853	0.500
313.982	6.625	-4.853	0.483
314.182	7.918	-4.860	0.476
314.282	8.983	-4.885	0.503
314.483	10.979	-4.822	0.509
314.682	12.924	-4.861	0.460
314.883	15.041	-4.854	0.480
315.082	17.029	-4.856	0.498
315.283	19.004	-4.851	0.481
315.483	21.111	-4.870	0.474
315.682	23.239	-4.849	0.490
315.882	25.242	-4.863	0.474
316.082	27.166	-4.857	0.467
316.283	29.383	-4.861	0.486
316.482	31.348	-4.845	0.470
316.682	33.297	-4.864	0.437
316.883	35.356	-4.798	0.433
317.083	37.370	-3.709	0.166
317.283	39.524	-3.720	0.067
317.482	41.450	-3.728	0.060
317.683	43.453	-3.723	0.049
317.883	45.464	-3.707	0.028
318.082	47.508	-3.702	0.010
318.282	49.654	-3.672	0.008
318.483	51.724	-3.660	-0.007
318.682	53.700	-3.634	-0.039
318.882	55.647	-3.632	-0.039
319.082	57.734	-3.624	-0.033
319.283	59.724	-3.598	-0.076
319.382	60.865	-3.593	-0.069
319.582	62.880	-3.587	-0.086
319.782	64.915	-3.554	-0.080
319.982	66.936	-3.561	-0.108
320.183	68.912	-3.550	-0.102
320.383	70.885	-3.549	-0.116
320.582	73.046	-3.522	-0.122
320.782	74.986	-3.523	-0.107
320.982	77.152	-3.505	-0.126
321.183	79.075	-3.516	-0.162
321.382	81.220	-3.505	-0.156
321.583	83.124	-3.498	-0.166
321.782	85.136	-3.463	-0.094
321.883	86.296	-3.487	-0.131
322.083	88.219	-3.480	-0.086
322.282	90.219	-3.446	-0.102
322.483	92.288	-3.452	-0.120
322.682	94.373	-3.453	-0.131
322.882	96.390	-3.441	-0.116
323.083	98.436	-3.440	-0.135
323.282	100.468	-3.412	-0.122
323.482	102.484	-3.417	-0.132
323.683	104.528	-3.387	-0.144
323.883	106.553	-3.424	-0.167
324.083	108.557	-3.377	-0.135
324.283	110.559	-3.383	-0.150
324.482	112.738	-3.377	-0.174
324.682	114.717	-3.379	-0.159
324.883	116.662	-3.354	-0.164
324.982	117.788	-3.347	-0.174
325.183	119.875	-3.356	-0.182
325.382	121.798	-3.348	-0.187
325.583	123.905	-3.320	-0.148
325.782	125.890	-3.337	-0.206
325.983	127.890	-3.316	-0.165
326.182	130.074	-3.313	-0.192
326.383	132.081	-3.302	-0.203
326.583	134.059	-3.315	-0.210
326.783	136.172	-3.264	-0.165
326.983	138.045	-3.263	-0.199
327.183	140.263	-3.271	-0.215
327.382	142.179	-3.295	-0.216
327.583	144.199	-3.236	-0.189
327.783	146.184	-3.259	-0.224
327.982	148.260	-3.232	-0.201
328.182	150.258	-3.236	-0.216
328.282	151.406	-3.232	-0.215
328.483	153.302	-3.220	-0.230
328.682	155.448	-3.218	-0.215
328.883	157.506	-3.194	-0.224
329.083	159.404	-3.209	-0.234
329.283	161.542	-3.201	-0.238
329.482	163.540	-3.169	-0.203
329.683	165.640	-3.169	-0.244
329.882	167.605	-3.163	-0.233
330.083	169.684	-3.179	-0.234
330.283	171.621	-3.121	-0.210
330.483	173.734	-3.156	-0.250
330.683	175.715	-3.130	-0.235
330.883	177.797	-3.129	-0.241
331.083	179.864	-3.113	-0.251
331.282	181.872	-3.138	-0.242
331.483	183.812	-3.090	-0.222
331.683	185.866	-3.081	-0.244
331.882	187.951	-3.104	-0.268
332.083	189.965	-3.088	-0.232
332.283	192.046	-3.047	-0.242
332.482	194.001	-3.062	-0.250
332.683	196.028	-3.055	-0.241
332.882	198.092	-3.035	-0.232
333.083	200.097	-3.050	-0.265
333.283	202.130	-3.056	-0.251
333.483	204.172	-3.033	-0.247
333.683	206.322	-2.988	-0.249
333.883	208.216	-3.039	-0.287
334.083	210.272	-3.003	-0.241
334.282	212.313	-2.980	-0.242
334.483	214.440	-2.986	-0.277
334.682	216.424	-2.993	-0.264
334.882	218.426	-2.961	-0.260
335.082	220.561	-2.962	-0.271
335.283	222.475	-2.967	-0.271
335.482	224.545	-2.944	-0.244
335.683	226.531	-2.929	-0.257
335.782	227.622	-2.962	-0.327
335.983	229.657	-2.945	-0.251
336.183	231.659	-2.907	-0.243
336.383	233.864	-2.908	-0.269
336.583	235.720	-2.927	-0.300
336.782	237.731	-2.906	-0.266
336.982	239.808	-2.854	-0.244
337.182	241.832	-2.883	-0.276
337.382	243.815	-2.899	-0.287
337.582	245.912	-2.859	-0.258
337.783	247.916	-2.873	-0.292
337.983	250.103	-2.854	-0.266
338.183	252.005	-2.854	-0.263
338.383	253.999	-2.813	-0.273
338.482	255.164	-2.853	-0.294
338.683	257.060	-2.850	-0.288
338.883	259.186	-2.799	-0.266
339.082	261.167	-2.828	-0.275
339.182	262.252	-2.791	-0.288
339.383	264.203	-2.814	-0.304
339.582	266.280	-2.797	-0.270
339.783	268.269	-2.784	-0.280
339.982	270.373	-2.784	-0.275
340.183	272.359	-2.777	-0.277
340.382	274.360	-2.750	-0.271
340.583	276.540	-2.774	-0.323
340.782	278.542	-2.766	-0.286
340.983	280.530	-2.742	-0.288
341.183	282.638	-2.722	-0.283
341.382	284.719	-2.753	-0.306
341.582	286.709	-2.732	-0.270
341.783	288.626	-2.714	-0.300
341.983	290.639	-2.715	-0.292
342.183	292.829	-2.715	-0.287
342.383	294.717	-2.669	-0.275
342.583	296.836	-2.692	-0.306
342.782	298.879	-2.694	-0.305
342.982	300.781	-2.691	-0.290
343.183	302.927	-2.650	-0.290
343.383	304.951	-2.691	-0.309
343.583	306.988	-2.664	-0.310
343.782	308.986	-2.651	-0.284
343.983	311.007	-2.628	-0.307
344.182	313.000	-2.648	-0.292
344.282	314.160	-2.634	-0.309
344.483	316.043	-2.629	-0.304
344.682	318.190	-2.616	-0.290
344.882	320.147	-2.640	-0.320
345.082	322.172	-2.598	-0.276
345.283	324.252	-2.614	-0.321
345.483	326.303	-2.617	-0.313
345.683	328.268	-2.622	-0.301
345.883	330.344	-2.567	-0.287
346.083	332.417	-2.611	-0.334
346.282	334.427	-2.600	-0.301
346.482	336.546	-2.586	-0.304
346.682	338.554	-2.564	-0.295
346.883	340.556	-2.601	-0.323
347.083	342.647	-2.558	-0.291
347.282	344.651	-2.569	-0.322
347.483	346.609	-2.569	-0.320
347.683	348.705	-2.589	-0.314
347.883	350.687	-2.525	-0.301
348.083	352.832	-2.541	-0.313
348.283	354.727	-2.559	-0.330
348.483	356.784	-2.551	-0.294
348.682	358.764	-2.511	-0.316
348.782	359.873	-2.535	-0.301
348.983	361.945	-2.543	-0.321
349.183	363.961	-2.529	-0.324
349.383	365.967	-2.497	-0.307
349.583	367.930	-2.527	-0.330
349.783	369.975	-2.517	-0.311
349.983	372.098	-2.510	-0.322
350.183	374.056	-2.496	-0.311
350.383	376.139	-2.515	-0.324
350.583	378.168	-2.496	-0.300
350.783	380.233	-2.488	-0.334
350.982	382.277	-2.493	-0.333
351.183	384.335	-2.498	-0.314
351.382	386.346	-2.447	-0.303
351.583	388.348	-2.479	-0.339
351.783	390.242	-2.452	-0.330
351.983	391.248	-2.439	-0.316
352.183	391.507	-2.428	-0.346
613.782	6.070	-4.864	0.515
613.983	6.289	-4.862	0.496
614.183	7.294	-4.853	0.498
614.383	9.125	-4.859	0.474
614.583	11.159	-4.855	0.497
614.783	13.182	-4.866	0.493
614.983	15.216	-4.841	0.512
615.183	17.221	-4.854	0.498
615.383	19.222	-4.874	0.471
615.583	21.411	-4.867	0.507
615.783	23.360	-4.855	0.492
615.983	25.442	-4.849	0.500
616.183	27.444	-4.863	0.469
616.382	29.410	-4.847	0.481
616.583	31.564	-4.865	0.473
616.782	33.524	-4.828	0.472
616.983	35.576	-4.703	0.411
617.183	37.619	-3.734	0.146
617.383	39.566	-3.730	0.083
617.583	41.693	-3.715	0.075
617.783	43.782	-3.728	0.028
617.983	45.791	-3.724	0.012
618.183	47.798	-3.703	0.009
618.383	49.773	-3.666	0.020
618.583	51.777	-3.665	-0.017
618.782	53.991	-3.637	-0.017
618.983	55.907	-3.654	-0.051
619.183	57.912	-3.628	-0.059
619.383	60.108	-3.601	-0.058
619.583	61.996	-3.574	-0.098
619.783	64.117	-3.578	-0.104
619.983	66.184	-3.570	-0.110
620.183	68.086	-3.554	-0.123
620.383	70.091	-3.537	-0.127
620.483	71.258	-3.526	-0.134
620.683	73.160	-3.523	-0.132
620.883	75.295	-3.551	-0.165
621.082	77.247	-3.490	-0.152
621.182	78.353	-3.494	-0.143
621.383	80.308	-3.500	-0.170
621.583	82.386	-3.487	-0.166
621.783	84.330	-3.492	-0.129
621.883	85.476	-3.463	-0.132
622.083	87.501	-3.476	-0.122
622.283	89.447	-3.454	-0.122
622.483	91.449	-3.471	-0.122
622.683	93.638	-3.439	-0.101
622.883	95.620	-3.418	-0.128
623.083	97.727	-3.428	-0.156
623.283	99.750	-3.453	-0.151
623.482	101.681	-3.427	-0.128
623.683	103.744	-3.392	-0.130
623.883	105.750	-3.399	-0.160
624.083	107.745	-3.398	-0.164
624.282	109.882	-3.401	-0.155
624.483	111.893	-3.380	-0.152
624.683	113.869	-3.357	-0.173
624.883	115.975	-3.346	-0.176
625.083	117.966	-3.355	-0.178
625.283	119.942	-3.361	-0.179
625.483	122.051	-3.331	-0.190
625.683	124.045	-3.313	-0.180
625.882	126.174	-3.324	-0.212
626.083	128.102	-3.325	-0.193
626.283	130.196	-3.311	-0.194
626.483	132.303	-3.275	-0.194
626.683	134.293	-3.313	-0.240
626.883	136.249	-3.280	-0.200
627.083	138.286	-3.278	-0.205
627.283	140.290	-3.244	-0.195
627.383	141.387	-3.306	-0.261
627.583	143.362	-3.235	-0.220
627.783	145.377	-3.266	-0.219
627.883	146.560	-3.286	-0.235
628.083	148.568	-3.228	-0.214
628.283	150.516	-3.218	-0.206
628.483	152.564	-3.198	-0.245
628.683	154.597	-3.228	-0.249
628.883	156.585	-3.208	-0.230
629.083	158.718	-3.206	-0.232
629.283	160.729	-3.185	-0.245
629.483	162.727	-3.188	-0.247
629.683	164.864	-3.179	-0.244
629.883	166.869	-3.161	-0.228
630.083	168.854	-3.163	-0.251
630.283	170.980	-3.136	-0.233
630.483	172.984	-3.166	-0.264
630.682	174.883	-3.135	-0.245
630.883	176.912	-3.141	-0.245
631.083	178.931	-3.098	-0.234
631.183	180.104	-3.127	-0.278
631.383	182.003	-3.132	-0.268
631.583	184.089	-3.096	-0.251
631.783	186.193	-3.097	-0.232
631.983	188.186	-3.078	-0.276
632.183	190.294	-3.083	-0.262
632.383	192.206	-3.069	-0.255
632.583	194.311	-3.056	-0.236
632.783	196.309	-3.048	-0.258
632.983	198.331	-3.051	-0.279
633.182	200.332	-3.047	-0.280
633.383	202.478	-3.057	-0.273
633.583	204.517	-3.020	-0.250
633.783	206.488	-2.994	-0.248
633.983	208.585	-3.008	-0.277
634.183	210.580	-3.006	-0.272
634.383	212.565	-3.016	-0.275
634.583	214.659	-2.966	-0.239
634.783	216.654	-2.982	-0.286
634.983	218.624	-2.954	-0.276
635.183	220.714	-2.989	-0.291
635.383	222.692	-2.951	-0.259
635.582	224.871	-2.947	-0.264
635.783	226.872	-2.923	-0.274
635.983	228.891	-2.935	-0.276
636.183	230.913	-2.927	-0.283
636.383	232.963	-2.919	-0.282
636.583	234.913	-2.889	-0.276
636.783	236.930	-2.907	-0.304
636.983	239.044	-2.890	-0.274
637.183	241.138	-2.898	-0.275
637.383	243.139	-2.859	-0.266
637.583	245.103	-2.877	-0.309
637.783	247.223	-2.875	-0.289
637.982	249.233	-2.865	-0.279
638.184	251.259	-2.851	-0.283
638.383	253.199	-2.819	-0.275
638.583	255.333	-2.819	-0.288
638.783	257.314	-2.850	-0.309
638.985	259.349	-2.836	-0.281
639.183	261.334	-2.816	-0.287
639.383	263.372	-2.774	-0.278
639.583	265.555	-2.814	-0.310
639.783	267.518	-2.784	-0.289
639.983	269.612	-2.791	-0.282
640.183	271.570	-2.773	-0.293
640.383	273.684	-2.755	-0.288
640.583	275.586	-2.767	-0.312
640.783	277.715	-2.766	-0.292
640.983	279.792	-2.747	-0.308
641.183	281.711	-2.737	-0.293
641.383	283.867	-2.735	-0.310
641.583	285.799	-2.740	-0.292
641.783	287.851	-2.730	-0.293
641.983	289.876	-2.708	-0.289
642.183	291.955	-2.694	-0.313
642.383	293.939	-2.710	-0.318
642.583	295.990	-2.703	-0.307
642.783	298.097	-2.685	-0.280
642.982	300.135	-2.671	-0.296
643.183	302.149	-2.661	-0.305
643.383	304.125	-2.695	-0.321
643.583	306.240	-2.670	-0.298
643.783	308.241	-2.658	-0.301
643.983	310.194	-2.633	-0.310
644.183	312.294	-2.648	-0.321
644.383	314.278	-2.647	-0.308
644.583	316.433	-2.648	-0.302
644.783	318.328	-2.622	-0.310
644.983	320.440	-2.628	-0.321
645.183	322.401	-2.619	-0.318
645.282	323.494	-2.636	-0.346
645.483	325.446	-2.634	-0.306
645.683	327.643	-2.609	-0.313
645.883	329.568	-2.584	-0.311
646.083	331.567	-2.625	-0.332
646.283	333.692	-2.595	-0.315
646.483	335.617	-2.597	-0.315
646.683	337.640	-2.575	-0.323
646.782	338.746	-2.533	-0.300
646.983	340.776	-2.589	-0.340
647.183	342.765	-2.577	-0.313
647.383	344.763	-2.586	-0.299
647.582	346.874	-2.541	-0.305
647.783	348.882	-2.568	-0.332
647.983	350.856	-2.562	-0.327
648.183	352.997	-2.574	-0.320
648.383	354.997	-2.523	-0.296
648.583	356.971	-2.556	-0.322
648.783	359.065	-2.520	-0.322
648.983	361.038	-2.555	-0.316
649.083	362.200	-2.546	-0.327
649.283	364.097	-2.531	-0.310
649.483	366.105	-2.506	-0.310
649.583	367.269	-2.523	-0.372
649.783	369.157	-2.529	-0.319
649.883	370.276	-2.511	-0.326
650.082	372.244	-2.531	-0.334
650.182	373.345	-2.499	-0.293
650.383	375.274	-2.491	-0.328
650.583	377.353	-2.496	-0.333
650.783	379.327	-2.511	-0.338
650.883	380.424	-2.519	-0.315
651.083	382.442	-2.470	-0.309
651.283	384.436	-2.481	-0.326
651.483	386.451	-2.466	-0.339
651.683	388.593	-2.475	-0.349
651.883	390.313	-2.444	-0.311
652.083	391.319	-2.422	-0.298
652.283	391.506	-2.414	-0.332
913.983	6.070	-4.857	0.521
914.183	6.476	-4.872	0.528
914.383	7.738	-4.860	0.529
914.583	9.595	-4.864	0.548
914.784	11.586	-4.848	0.555
914.983	13.678	-4.861	0.549
915.183	15.625	-4.846	0.541
915.383	17.727	-4.858	0.525
915.583	19.661	-4.865	0.538
915.783	21.797	-4.870	0.552
915.983	23.854	-4.823	0.568
916.183	25.821	-4.838	0.556
916.383	27.790	-4.847	0.520
916.583	29.942	-4.861	0.546
916.783	32.049	-4.879	0.514
916.983	33.907	-4.865	0.546
917.183	36.120	-4.606	0.440
917.383	38.022	-3.695	0.144
917.583	40.001	-3.744	0.038
917.683	41.168	-3.783	0.012
917.883	43.075	-3.725	0.032
918.083	45.189	-3.717	0.034
918.283	47.178	-3.696	-0.006
918.482	49.175	-3.674	-0.015
918.682	51.302	-3.655	-0.048
918.882	53.365	-3.657	-0.058
919.083	55.348	-3.641	-0.054
919.283	57.298	-3.608	-0.052
919.482	59.401	-3.597	-0.081
919.683	61.493	-3.583	-0.086
919.883	63.557	-3.570	-0.117
920.083	65.561	-3.570	-0.110
920.283	67.514	-3.551	-0.122
920.483	69.634	-3.546	-0.100
920.683	71.576	-3.526	-0.139
920.883	73.738	-3.510	-0.138
921.083	75.724	-3.527	-0.187
921.283	77.709	-3.494	-0.145
921.483	79.830	-3.510	-0.163
921.683	81.854	-3.472	-0.148
921.883	83.765	-3.472	-0.152
922.083	85.817	-3.461	-0.106
922.283	87.857	-3.486	-0.131
922.483	89.866	-3.467	-0.118
922.683	91.946	-3.445	-0.118
922.883	93.977	-3.419	-0.109
923.083	95.948	-3.430	-0.138
923.283	98.057	-3.425	-0.139
923.483	100.055	-3.433	-0.147
923.683	102.221	-3.420	-0.128
923.883	104.106	-3.402	-0.149
924.083	106.115	-3.374	-0.151
924.183	107.259	-3.379	-0.189
924.383	109.323	-3.378	-0.168
924.583	111.248	-3.394	-0.191
924.783	113.317	-3.364	-0.154
924.983	115.321	-3.346	-0.163
925.183	117.414	-3.328	-0.178
925.383	119.440	-3.351	-0.217
925.583	121.383	-3.331	-0.196
925.683	122.535	-3.319	-0.193
925.883	124.498	-3.343	-0.204
926.083	126.461	-3.304	-0.188
926.283	128.565	-3.313	-0.209
926.483	130.568	-3.300	-0.218
926.683	132.689	-3.293	-0.215
926.883	134.638	-3.287	-0.225
927.083	136.655	-3.286	-0.200
927.283	138.703	-3.285	-0.234
927.485	140.747	-3.240	-0.199
927.683	142.867	-3.255	-0.239
927.883	144.927	-3.248	-0.229
928.083	146.932	-3.253	-0.234
928.283	148.904	-3.227	-0.202
928.483	150.982	-3.229	-0.228
928.683	152.969	-3.217	-0.223
928.883	155.139	-3.207	-0.257
929.083	157.030	-3.203	-0.229
929.283	159.113	-3.226	-0.254
929.483	161.132	-3.199	-0.225
929.683	163.113	-3.180	-0.234
929.783	164.241	-3.175	-0.253
929.983	166.263	-3.150	-0.240
930.183	168.179	-3.175	-0.254
930.283	169.334	-3.166	-0.263
930.483	171.241	-3.174	-0.257
930.583	172.341	-3.151	-0.238
930.783	174.337	-3.140	-0.248
930.983	176.331	-3.111	-0.220
931.183	178.373	-3.109	-0.259
931.383	180.429	-3.119	-0.256
931.583	182.445	-3.111	-0.282
931.783	184.563	-3.110	-0.244
931.983	186.563	-3.105	-0.258
932.183	188.575	-3.066	-0.241
932.383	190.690	-3.062	-0.269
932.583	192.680	-3.057	-0.260
932.783	194.658	-3.075	-0.264
932.983	196.762	-3.057	-0.249
933.183	198.756	-3.054	-0.264
933.383	200.733	-3.024	-0.256
933.583	202.818	-3.026	-0.282
933.783	204.865	-3.009	-0.262
933.983	206.855	-3.033	-0.293
934.184	208.990	-2.999	-0.254
934.384	210.967	-3.010	-0.279
934.584	213.069	-2.971	-0.263
934.784	215.004	-2.990	-0.288
934.984	217.171	-2.971	-0.271
935.183	219.081	-2.978	-0.270
935.383	221.078	-2.964	-0.271
935.483	222.224	-2.968	-0.288
935.683	224.140	-2.947	-0.257
935.883	226.244	-2.918	-0.278
936.083	228.286	-2.927	-0.284
936.282	230.219	-2.947	-0.301
936.483	232.400	-2.925	-0.270
936.683	234.306	-2.924	-0.274
936.883	236.374	-2.893	-0.255
937.083	238.400	-2.890	-0.282
937.283	240.448	-2.869	-0.291
937.483	242.520	-2.889	-0.295
937.683	244.525	-2.889	-0.282
937.883	246.567	-2.893	-0.287
938.083	248.616	-2.845	-0.262
938.283	250.615	-2.851	-0.300
938.483	252.623	-2.811	-0.292
938.683	254.714	-2.852	-0.305
938.883	256.849	-2.836	-0.291
939.083	258.831	-2.857	-0.298
939.283	260.849	-2.807	-0.272
939.483	262.976	-2.795	-0.278
939.683	264.928	-2.794	-0.301
939.883	266.842	-2.799	-0.313
940.083	268.943	-2.792	-0.292
940.283	270.952	-2.789	-0.297
940.483	273.067	-2.777	-0.289
940.683	274.992	-2.755	-0.291
940.883	277.015	-2.742	-0.294
940.983	278.193	-2.766	-0.346
941.183	280.147	-2.751	-0.305
941.383	282.161	-2.754	-0.292
941.584	284.239	-2.718	-0.285
941.784	286.304	-2.715	-0.290
941.983	288.328	-2.715	-0.303
942.184	290.393	-2.722	-0.315
942.383	292.297	-2.730	-0.315
942.583	294.442	-2.714	-0.312
942.783	296.470	-2.693	-0.277
942.983	298.500	-2.682	-0.290
943.183	300.527	-2.660	-0.309
943.383	302.537	-2.689	-0.334
943.583	304.616	-2.678	-0.317
943.783	306.561	-2.682	-0.310
943.983	308.593	-2.669	-0.304
944.183	310.597	-2.638	-0.291
944.383	312.710	-2.635	-0.298
944.583	314.725	-2.648	-0.326
944.783	316.708	-2.659	-0.318
944.983	318.894	-2.654	-0.310
945.183	320.900	-2.637	-0.279
945.383	322.881	-2.631	-0.315
945.583	325.005	-2.596	-0.289
945.783	327.020	-2.618	-0.341
945.983	328.966	-2.627	-0.325
946.183	331.011	-2.619	-0.337
946.383	333.014	-2.603	-0.297
946.583	335.044	-2.593	-0.313
946.783	337.163	-2.570	-0.308
946.983	339.170	-2.582	-0.334
947.183	341.155	-2.584	-0.316
947.383	343.282	-2.605	-0.335
947.583	345.270	-2.578	-0.302
947.783	347.219	-2.578	-0.314
947.983	349.317	-2.528	-0.306
948.183	351.281	-2.564	-0.341
948.283	352.414	-2.575	-0.353
948.483	354.311	-2.549	-0.319
948.583	355.423	-2.555	-0.310
948.783	357.478	-2.557	-0.324
948.983	359.449	-2.561	-0.305
949.083	360.590	-2.500	-0.286
949.283	362.591	-2.516	-0.331
949.483	364.497	-2.541	-0.333
949.583	365.664	-2.538	-0.341
949.783	367.569	-2.531	-0.335
949.883	368.717	-2.536	-0.298
950.083	370.611	-2.519	-0.330
950.283	372.727	-2.494	-0.307
950.483	374.752	-2.497	-0.341
950.683	376.796	-2.501	-0.343
950.883	378.740	-2.518	-0.348
951.083	380.945	-2.505	-0.337
951.283	382.959	-2.493	-0.318
951.483	384.933	-2.460	-0.306
951.683	387.051	-2.458	-0.338
951.883	389.033	-2.451	-0.347
952.083	390.588	-2.473	-0.345
952.283	391.413	-2.444	-0.305
952.483	391.506	-2.451	-0.317
1213.983	6.070	-4.866	0.517
1214.183	6.122	-4.879	0.496
1214.383	6.826	-4.842	0.500
1214.583	8.322	-4.865	0.486
1214.783	10.296	-4.844	0.503
1214.983	12.327	-4.859	0.480
1215.183	14.354	-4.878	0.495
1215.383	16.371	-4.847	0.499
1215.583	18.384	-4.862	0.498
1215.783	20.582	-4.872	0.485
1215.985	22.555	-4.854	0.503
1216.183	24.480	-4.863	0.475
1216.283	25.588	-4.819	0.508
1216.483	27.641	-4.881	0.455
1216.683	29.616	-4.879	0.455
1216.883	31.722	-4.876	0.489
1217.083	33.726	-4.861	0.461
1217.283	35.787	-4.654	0.412
1217.483	37.797	-3.691	0.109
1217.683	39.799	-3.716	0.005
1217.883	41.760	-3.719	-0.016
1218.083	43.864	-3.727	-0.037
1218.283	45.940	-3.690	-0.031
1218.483	47.923	-3.704	-0.072
1218.683	49.989	-3.652	-0.050
1218.883	51.994	-3.639	-0.071
1219.083	54.026	-3.624	-0.087
1219.283	56.043	-3.634	-0.104
1219.483	58.145	-3.616	-0.105
1219.683	60.217	-3.604	-0.104
1219.883	62.187	-3.581	-0.102
1220.083	64.332	-3.562	-0.119
1220.283	66.217	-3.521	-0.103
1220.483	68.341	-3.555	-0.153
1220.683	70.312	-3.542	-0.159
1220.783	71.393	-3.550	-0.145
1220.983	73.319	-3.508	-0.162
1221.183	75.339	-3.525	-0.164
1221.283	76.447	-3.526	-0.145
1221.483	78.452	-3.482	-0.167
1221.683	80.462	-3.477	-0.129
1221.883	82.522	-3.481	-0.198
1222.083	84.565	-3.471	-0.134
1222.283	86.608	-3.474	-0.123
1222.483	88.753	-3.460	-0.110
1222.683	90.598	-3.443	-0.119
1222.883	92.741	-3.411	-0.111
1223.083	94.719	-3.426	-0.138
1223.283	96.744	-3.397	-0.140
1223.483	98.730	-3.427	-0.164
1223.683	100.873	-3.409	-0.151
1223.883	102.863	-3.406	-0.151
1224.083	105.033	-3.371	-0.134
1224.283	106.925	-3.367	-0.151
1224.483	108.920	-3.356	-0.167
1224.583	110.082	-3.373	-0.202
1224.783	111.964	-3.355	-0.180
1224.983	114.105	-3.342	-0.195
1225.183	116.142	-3.367	-0.183
1225.383	118.129	-3.363	-0.205
1225.583	120.131	-3.333	-0.169
1225.783	122.193	-3.314	-0.188
1225.983	124.177	-3.294	-0.180
1226.083	125.325	-3.286	-0.200
1226.283	127.208	-3.320	-0.227
1226.483	129.353	-3.299	-0.198
1226.683	131.451	-3.319	-0.216
1226.883	133.427	-3.280	-0.192
1227.083	135.388	-3.279	-0.205
1227.283	137.527	-3.256	-0.210
1227.483	139.531	-3.269	-0.227
1227.683	141.505	-3.249	-0.241
1227.883	143.600	-3.263	-0.221
1228.083	145.608	-3.244	-0.232
1228.283	147.741	-3.249	-0.218
1228.483	149.750	-3.226	-0.220
1228.683	151.733	-3.219	-0.226
1228.883	153.852	-3.205	-0.240
1229.083	155.855	-3.196	-0.232
1229.283	157.806	-3.208	-0.259
1229.483	159.907	-3.213	-0.239
1229.683	161.907	-3.206	-0.248
1229.883	163.871	-3.171	-0.219
1230.083	165.979	-3.182	-0.256
1230.283	167.947	-3.157	-0.228
1230.483	169.934	-3.151	-0.244
1230.683	172.059	-3.132	-0.247
1230.883	174.024	-3.164	-0.269
1231.083	176.111	-3.126	-0.247
1231.283	178.174	-3.127	-0.240
1231.483	180.289	-3.119	-0.249
1231.683	182.273	-3.107	-0.256
1231.883	184.246	-3.084	-0.255
1232.083	186.232	-3.087	-0.268
1232.283	188.252	-3.082	-0.270
1232.383	189.365	-3.089	-0.291
1232.583	191.426	-3.079	-0.261
1232.783	193.368	-3.068	-0.255
1232.983	195.361	-3.064	-0.254
1233.183	197.438	-3.046	-0.262
1233.383	199.464	-3.028	-0.252
1233.583	201.535	-3.036	-0.293
1233.783	203.584	-3.038	-0.278
1233.983	205.587	-3.034	-0.294
1234.183	207.622	-3.010	-0.254
1234.383	209.666	-3.014	-0.267
1234.583	211.693	-2.979	-0.257
1234.783	213.735	-2.987	-0.281
1234.983	215.772	-2.965	-0.281
1235.183	217.829	-2.995	-0.296
1235.383	219.851	-2.951	-0.282
1235.583	221.854	-2.969	-0.283
1235.783	224.009	-2.956	-0.264
1235.983	225.991	-2.931	-0.258
1236.183	227.996	-2.921	-0.277
1236.383	229.965	-2.932	-0.300
1236.583	231.983	-2.922	-0.293
1236.683	233.103	-2.917	-0.297
1236.883	235.138	-2.916	-0.275
1237.083	237.100	-2.911	-0.297
1237.283	239.291	-2.907	-0.280
1237.483	241.235	-2.889	-0.277
1237.683	243.257	-2.872	-0.255
1237.883	245.328	-2.862	-0.299
1238.083	247.269	-2.853	-0.293
1238.283	249.298	-2.860	-0.313
1238.383	250.469	-2.890	-0.315
1238.583	252.368	-2.859	-0.279
1238.783	254.374	-2.836	-0.286
1238.883	255.537	-2.819	-0.292
1239.083	257.437	-2.828	-0.282
1239.283	259.584	-2.803	-0.281
1239.483	261.595	-2.803	-0.303
1239.683	263.640	-2.799	-0.307
1239.883	265.651	-2.820	-0.325
1240.083	267.624	-2.801	-0.301
1240.183	268.727	-2.773	-0.289
1240.383	270.675	-2.808	-0.297
1240.583	272.775	-2.773	-0.303
1240.783	274.703	-2.756	-0.287
1240.883	275.805	-2.736	-0.273
1241.083	277.830	-2.744	-0.331
1241.283	279.815	-2.760	-0.300
1241.483	281.986	-2.762	-0.322
1241.683	283.976	-2.746	-0.286
1241.883	285.951	-2.740	-0.304
1242.083	288.083	-2.713	-0.282
1242.283	290.095	-2.706	-0.324
1242.483	292.041	-2.697	-0.310
1242.683	294.097	-2.712	-0.338
1242.883	296.103	-2.714	-0.317
1243.083	298.103	-2.715	-0.316
1243.283	300.243	-2.683	-0.289
1243.483	302.246	-2.696	-0.308
1243.683	304.412	-2.646	-0.288
1243.883	306.296	-2.680	-0.330
1244.083	308.298	-2.664	-0.322
1244.183	309.449	-2.675	-0.311
1244.383	311.347	-2.666	-0.329
1244.583	313.479	-2.663	-0.307
1244.783	315.483	-2.672	-0.311
1244.983	317.556	-2.643	-0.302
1245.183	319.488	-2.637	-0.291
1245.383	321.632	-2.618	-0.323
1245.583	323.609	-2.621	-0.306
1245.783	325.718	-2.632	-0.341
1245.983	327.719	-2.632	-0.311
1246.183	329.802	-2.653	-0.337
1246.383	331.768	-2.592	-0.288
1246.583	333.769	-2.596	-0.311
1246.783	335.813	-2.581	-0.305
1246.983	337.886	-2.593	-0.332
1247.183	339.892	-2.583	-0.335
1247.383	341.918	-2.604	-0.339
1247.583	344.042	-2.592	-0.311
1247.783	346.009	-2.602	-0.333
1247.983	348.150	-2.552	-0.300
1248.183	349.994	-2.566	-0.322
1248.383	352.134	-2.527	-0.314
1248.583	354.215	-2.564	-0.333
1248.783	356.221	-2.550	-0.343
1248.983	358.191	-2.578	-0.354
1249.183	360.269	-2.545	-0.325
1249.383	362.255	-2.535	-0.295
1249.583	364.407	-2.535	-0.322
1249.783	366.305	-2.515	-0.324
1249.983	368.387	-2.513	-0.325
1250.183	370.401	-2.510	-0.343
1250.383	372.378	-2.531	-0.337
1250.483	373.520	-2.540	-0.355
1250.683	375.487	-2.504	-0.319
1250.883	377.546	-2.513	-0.336
1251.083	379.557	-2.498	-0.313
1251.283	381.599	-2.496	-0.333
1251.483	383.615	-2.464	-0.321
1251.683	385.664	-2.486	-0.343
1251.883	387.624	-2.473	-0.339
1252.083	389.676	-2.479	-0.349
1252.283	390.982	-2.437	-0.322
1252.483	391.495	-2.449	-0.338
1252.683	391.506	-2.431	-0.328
1514.184	6.070	-4.888	0.488
1514.384	6.289	-4.849	0.522
1514.585	7.229	-4.875	0.505
1514.785	9.168	-4.844	0.518
1514.984	11.071	-4.858	0.503
1515.184	13.153	-4.854	0.512
1515.383	15.163	-4.860	0.497
1515.583	17.208	-4.861	0.498
1515.783	19.274	-4.863	0.505
1515.983	21.272	-4.850	0.511
1516.184	23.380	-4.867	0.514
1516.383	25.297	-4.846	0.540
1516.583	27.290	-4.858	0.525
1516.783	29.323	-4.853	0.503
1516.983	31.395	-4.864	0.496
1517.183	33.392	-4.862	0.494
1517.383	35.432	-4.884	0.464
1517.583	37.461	-3.735	0.163
1517.683	38.557	-3.732	0.111
1517.884	40.620	-3.709	0.077
1518.083	42.604	-3.739	0.021
1518.283	44.765	-3.714	0.020
1518.483	46.647	-3.704	-0.021
1518.683	48.749	-3.679	-0.020
1518.883	50.700	-3.685	-0.046
1518.983	51.786	-3.666	-0.068
1519.184	53.833	-3.655	-0.061
1519.383	55.830	-3.642	-0.063
1519.583	57.869	-3.616	-0.085
1519.783	59.872	-3.583	-0.068
1519.983	61.973	-3.577	-0.131
1520.183	63.976	-3.561	-0.101
1520.383	65.944	-3.583	-0.156
1520.483	67.050	-3.562	-0.101
1520.683	69.102	-3.539	-0.114
1520.884	71.102	-3.563	-0.133
1521.083	73.069	-3.519	-0.129
1521.284	75.132	-3.525	-0.129
1521.484	77.130	-3.498	-0.158
1521.683	79.166	-3.488	-0.157
1521.884	81.240	-3.468	-0.188
1522.084	83.254	-3.468	-0.181
1522.283	85.298	-3.466	-0.135
1522.484	87.308	-3.454	-0.120
1522.684	89.328	-3.448	-0.146
1522.883	91.359	-3.423	-0.136
1523.084	93.398	-3.399	-0.150
1523.183	94.514	-3.390	-0.142
1523.384	96.613	-3.400	-0.169
1523.583	98.635	-3.411	-0.176
1523.783	100.619	-3.395	-0.185
1523.983	102.602	-3.397	-0.175
1524.183	104.616	-3.376	-0.164
1524.283	105.781	-3.414	-0.210
1524.483	107.774	-3.344	-0.156
1524.683	109.747	-3.342	-0.177
1524.883	111.751	-3.327	-0.184
1525.083	113.865	-3.333	-0.196
1525.283	115.831	-3.350	-0.222
1525.483	117.879	-3.350	-0.217
1525.683	119.873	-3.344	-0.209
1525.883	122.067	-3.318	-0.202
1526.083	123.942	-3.309	-0.174
1526.283	126.142	-3.302	-0.207
1526.484	128.075	-3.284	-0.196
1526.684	130.096	-3.288	-0.222
1526.884	132.083	-3.271	-0.223
1527.084	134.199	-3.300	-0.245
1527.284	136.217	-3.280	-0.230
1527.483	138.181	-3.281	-0.218
1527.684	140.279	-3.259	-0.229
1527.883	142.278	-3.251	-0.213
1528.083	144.448	-3.234	-0.217
1528.284	146.348	-3.240	-0.231
1528.483	148.370	-3.223	-0.259
1528.683	150.547	-3.210	-0.214
1528.883	152.477	-3.210	-0.252
1529.083	154.441	-3.232	-0.242
1529.283	156.493	-3.208	-0.241
1529.483	158.627	-3.203	-0.230
1529.683	160.588	-3.201	-0.251
1529.883	162.610	-3.183	-0.227
1530.083	164.615	-3.173	-0.258
1530.284	166.638	-3.139	-0.243
1530.483	168.715	-3.171	-0.271
1530.683	170.801	-3.130	-0.249
1530.883	172.929	-3.165	-0.276
1531.083	174.813	-3.139	-0.264
1531.283	176.813	-3.150	-0.258
1531.483	178.897	-3.117	-0.248
1531.684	180.923	-3.106	-0.240
1531.884	183.120	-3.089	-0.247
1532.084	185.027	-3.082	-0.262
1532.283	187.027	-3.086	-0.277
1532.483	189.206	-3.099	-0.294
1532.683	191.089	-3.079	-0.265
1532.884	193.224	-3.087	-0.272
1533.083	195.273	-3.070	-0.257
1533.284	197.157	-3.071	-0.262
1533.483	199.324	-3.021	-0.248
1533.683	201.382	-3.022	-0.260
1533.883	203.330	-3.021	-0.271
1534.083	205.291	-3.017	-0.300
1534.283	207.451	-3.007	-0.278
1534.483	209.402	-3.023	-0.293
1534.683	211.603	-2.992	-0.251
1534.883	213.548	-3.006	-0.276
1535.083	215.660	-2.963	-0.247
1535.284	217.602	-2.999	-0.285
1535.483	219.616	-2.947	-0.258
1535.683	221.608	-2.959	-0.288
1535.883	223.691	-2.935	-0.282
1536.083	225.708	-2.965	-0.301
1536.283	227.780	-2.930	-0.290
1536.483	229.718	-2.938	-0.279
1536.683	231.883	-2.934	-0.293
1536.883	233.895	-2.918	-0.270
1537.083	235.820	-2.915	-0.277
1537.183	236.943	-2.892	-0.269
1537.384	238.988	-2.868	-0.262
1537.583	241.019	-2.878	-0.303
1537.784	243.004	-2.865	-0.289
1537.983	244.987	-2.890	-0.320
1538.183	247.203	-2.866	-0.295
1538.383	249.176	-2.885	-0.317
1538.583	251.190	-2.843	-0.290
1538.783	253.197	-2.864	-0.296
1538.983	255.198	-2.829	-0.284
1539.183	257.181	-2.839	-0.302
1539.383	259.272	-2.799	-0.285
1539.583	261.272	-2.827	-0.325
1539.783	263.376	-2.793	-0.294
1539.983	265.389	-2.815	-0.309
1540.184	267.455	-2.806	-0.301
1540.383	269.406	-2.808	-0.297
1540.583	271.447	-2.780	-0.286
1540.783	273.544	-2.780	-0.283
1540.983	275.499	-2.766	-0.297
1541.183	277.599	-2.742	-0.292
1541.383	279.643	-2.737	-0.305
1541.583	281.604	-2.753	-0.324
1541.783	283.720	-2.737	-0.304
1541.983	285.724	-2.752	-0.321
1542.183	287.879	-2.753	-0.308
1542.384	289.774	-2.747	-0.311
1542.584	291.756	-2.711	-0.283
1542.683	292.903	-2.705	-0.304
1542.884	294.916	-2.698	-0.292
1543.083	296.975	-2.712	-0.315
1543.283	298.968	-2.675	-0.291
1543.483	300.961	-2.691	-0.317
1543.683	303.046	-2.687	-0.308
1543.884	305.010	-2.708	-0.322
1544.083	307.127	-2.669	-0.304
1544.283	309.212	-2.686	-0.313
1544.483	311.177	-2.665	-0.304
1544.683	313.127	-2.667	-0.312
1544.883	315.172	-2.646	-0.301
1545.084	317.189	-2.638	-0.315
1545.183	318.336	-2.654	-0.313
1545.384	320.243	-2.639	-0.343
1545.583	322.371	-2.630	-0.309
1545.783	324.513	-2.649	-0.354
1545.983	326.356	-2.641	-0.306
1546.183	328.380	-2.621	-0.315
1546.383	330.616	-2.624	-0.311
1546.584	332.448	-2.619	-0.317
1546.683	333.557	-2.621	-0.313
1546.884	335.624	-2.573	-0.293
1547.083	337.615	-2.589	-0.334
1547.283	339.587	-2.596	-0.329
1547.483	341.685	-2.613	-0.346
1547.684	343.651	-2.589	-0.323
1547.783	344.777	-2.576	-0.333
1547.983	346.686	-2.589	-0.316
1548.083	347.792	-2.598	-0.325
1548.284	349.808	-2.593	-0.330
1548.483	351.786	-2.543	-0.302
1548.583	352.883	-2.608	-0.351
1548.783	354.844	-2.542	-0.322
1548.984	356.984	-2.537	-0.319
1549.184	359.013	-2.535	-0.330
1549.383	360.974	-2.536	-0.346
1549.583	363.128	-2.565	-0.350
1549.783	365.043	-2.526	-0.335
1549.983	367.055	-2.555	-0.322
1550.184	369.241	-2.525	-0.315
1550.383	371.145	-2.517	-0.297
1550.583	373.148	-2.519	-0.333
1550.783	375.202	-2.488	-0.302
1550.983	377.281	-2.504	-0.351
1551.183	379.304	-2.486	-0.322
1551.383	381.357	-2.503	-0.353
1551.583	383.386	-2.493	-0.337
1551.783	385.387	-2.497	-0.348
1551.983	387.404	-2.472	-0.307
1552.183	389.413	-2.475	-0.332
1552.383	390.899	-2.440	-0.310
1552.583	391.485	-2.454	-0.338
1552.783	391.506	-2.423	-0.320
1814.183	6.070	-4.869	0.461
1814.384	6.278	-4.846	0.476
1814.583	7.243	-4.860	0.442
1814.684	8.113	-4.855	0.456
1814.883	10.048	-4.850	0.462
1815.083	12.111	-4.878	0.447
1815.284	14.270	-4.867	0.457
1815.484	16.249	-4.877	0.454
1815.683	18.197	-4.876	0.462
1815.884	20.246	-4.867	0.461
1816.084	22.263	-4.889	0.474
1816.283	24.440	-4.845	0.478
1816.484	26.378	-4.859	0.489
1816.683	28.379	-4.870	0.452
1816.884	30.444	-4.847	0.492
1817.084	32.500	-4.861	0.448
1817.283	34.523	-4.840	0.449
1817.483	36.535	-4.201	0.252
1817.684	38.570	-3.698	0.067
1817.883	40.555	-3.742	-0.008
1818.083	42.563	-3.704	-0.022
1818.283	44.723	-3.727	-0.030
1818.483	46.656	-3.700	-0.049
1818.683	48.717	-3.696	-0.050
1818.783	49.794	-3.656	-0.002
1818.983	51.729	-3.659	-0.078
1819.083	52.810	-3.655	-0.053
1819.283	54.893	-3.632	-0.069
1819.484	56.930	-3.623	-0.090
1819.684	58.903	-3.586	-0.074
1819.883	61.058	-3.606	-0.113
1820.084	63.032	-3.574	-0.115
1820.283	65.119	-3.570	-0.125
1820.484	67.078	-3.545	-0.122
1820.684	69.078	-3.557	-0.124
1820.884	71.227	-3.544	-0.148
1821.084	73.235	-3.511	-0.133
1821.283	75.172	-3.512	-0.178
1821.484	77.213	-3.494	-0.159
1821.684	79.229	-3.488	-0.179
1821.884	81.415	-3.466	-0.181
1822.083	83.338	-3.459	-0.177
1822.283	85.341	-3.444	-0.134
1822.483	87.506	-3.428	-0.120
1822.684	89.395	-3.432	-0.154
1822.884	91.401	-3.429	-0.152
1822.983	92.563	-3.453	-0.164
1823.184	94.473	-3.405	-0.154
1823.384	96.482	-3.418	-0.153
1823.484	97.639	-3.405	-0.162
1823.684	99.635	-3.394	-0.150
1823.883	101.635	-3.388	-0.148
1824.084	103.680	-3.375	-0.161
1824.284	105.744	-3.365	-0.162
1824.484	107.755	-3.343	-0.172
1824.684	109.728	-3.348	-0.186
1824.783	110.835	-3.317	-0.187
1824.984	112.862	-3.347	-0.195
1825.184	114.871	-3.321	-0.194
1825.384	116.976	-3.327	-0.199
1825.584	118.992	-3.333	-0.220
1825.784	121.013	-3.331	-0.209
1825.984	123.059	-3.330	-0.219
1826.184	125.081	-3.314	-0.209
1826.383	127.117	-3.295	-0.211
1826.584	129.024	-3.303	-0.203
1826.784	131.091	-3.276	-0.204
1826.983	133.132	-3.283	-0.219
1827.183	135.162	-3.262	-0.200
1827.384	137.215	-3.254	-0.225
1827.584	139.214	-3.239	-0.219
1827.784	141.244	-3.248	-0.239
1827.984	143.276	-3.240	-0.235
1828.184	145.412	-3.228	-0.231
1828.384	147.508	-3.233	-0.250
1828.584	149.529	-3.243	-0.261
1828.783	151.514	-3.229	-0.240
1828.983	153.520	-3.221	-0.236
1829.183	155.519	-3.216	-0.233
1829.384	157.646	-3.209	-0.233
1829.584	159.631	-3.170	-0.223
1829.784	161.595	-3.191	-0.242
1829.984	163.704	-3.152	-0.232
1830.184	165.702	-3.161	-0.244
1830.384	167.725	-3.145	-0.248
1830.584	169.811	-3.168	-0.261
1830.783	171.768	-3.144	-0.265
1830.983	173.818	-3.143	-0.254
1831.183	175.917	-3.135	-0.284
1831.384	177.879	-3.139	-0.253
1831.584	179.985	-3.119	-0.267
1831.783	181.993	-3.121	-0.250
1831.984	183.970	-3.117	-0.264
1832.184	186.050	-3.107	-0.249
1832.383	188.052	-3.088	-0.245
1832.483	189.221	-3.075	-0.240
1832.684	191.124	-3.072	-0.245
1832.883	193.128	-3.052	-0.262
1832.984	194.294	-3.028	-0.218
1833.184	196.170	-3.044	-0.277
1833.283	197.278	-3.068	-0.289
1833.483	199.303	-3.023	-0.263
1833.683	201.260	-3.033	-0.282
1833.784	202.353	-3.020	-0.264
1833.983	204.379	-3.038	-0.291
1834.183	206.380	-3.027	-0.279
1834.283	207.531	-3.009	-0.266
1834.484	209.477	-3.037	-0.288
1834.683	211.561	-2.994	-0.263
1834.884	213.566	-3.020	-0.290
1835.083	215.505	-2.984	-0.251
1835.284	217.530	-2.976	-0.255
1835.484	219.579	-2.955	-0.256
1835.684	221.599	-2.971	-0.285
1835.883	223.738	-2.937	-0.260
1836.084	225.762	-2.932	-0.281
1836.283	227.751	-2.909	-0.290
1836.484	229.890	-2.946	-0.302
1836.684	231.897	-2.897	-0.288
1836.883	233.874	-2.940	-0.293
1837.083	235.952	-2.887	-0.284
1837.284	237.957	-2.929	-0.299
1837.483	239.924	-2.903	-0.295
1837.684	242.030	-2.905	-0.284
1837.884	244.029	-2.877	-0.280
1838.084	246.173	-2.876	-0.257
1838.283	248.065	-2.847	-0.279
1838.383	249.167	-2.856	-0.285
1838.584	251.230	-2.858	-0.275
1838.783	253.160	-2.840	-0.296
1838.883	254.304	-2.797	-0.247
1839.083	256.264	-2.829	-0.299
1839.284	258.271	-2.838	-0.320
1839.484	260.435	-2.809	-0.301
1839.684	262.343	-2.821	-0.314
1839.884	264.500	-2.799	-0.296
1840.084	266.426	-2.817	-0.300
1840.284	268.509	-2.791	-0.300
1840.484	270.477	-2.799	-0.299
1840.683	272.548	-2.803	-0.310
1840.884	274.521	-2.773	-0.293
1841.084	276.642	-2.770	-0.285
1841.283	278.647	-2.758	-0.305
1841.483	280.608	-2.738	-0.283
1841.684	282.721	-2.725	-0.301
1841.884	284.705	-2.709	-0.292
1842.084	286.897	-2.736	-0.335
1842.284	288.789	-2.714	-0.308
1842.484	290.782	-2.736	-0.325
1842.584	291.939	-2.692	-0.278
1842.784	293.823	-2.722	-0.330
1842.884	294.934	-2.752	-0.332
1843.083	296.895	-2.700	-0.317
1843.183	297.982	-2.711	-0.316
1843.383	299.911	-2.711	-0.310
1843.584	301.973	-2.706	-0.312
1843.784	304.077	-2.684	-0.280
1843.983	306.016	-2.688	-0.307
1844.183	308.197	-2.658	-0.284
1844.383	310.150	-2.683	-0.305
1844.584	312.226	-2.646	-0.309
1844.784	314.159	-2.660	-0.314
1844.884	315.270	-2.662	-0.312
1845.084	317.314	-2.635	-0.329
1845.284	319.316	-2.659	-0.326
1845.483	321.299	-2.652	-0.346
1845.583	322.410	-2.653	-0.310
1845.784	324.394	-2.629	-0.308
1845.983	326.535	-2.641	-0.330
1846.184	328.552	-2.634	-0.309
1846.384	330.503	-2.659	-0.340
1846.584	332.584	-2.626	-0.306
1846.783	334.593	-2.626	-0.305
1846.984	336.569	-2.595	-0.292
1847.184	338.677	-2.601	-0.306
1847.384	340.688	-2.581	-0.294
1847.584	342.664	-2.576	-0.326
1847.784	344.721	-2.580	-0.324
1847.983	346.725	-2.585	-0.336
1848.183	348.920	-2.563	-0.324
1848.384	350.912	-2.570	-0.338
1848.583	352.861	-2.576	-0.323
1848.783	354.901	-2.585	-0.344
1848.983	356.987	-2.550	-0.300
1849.184	358.948	-2.571	-0.343
1849.384	361.086	-2.541	-0.309
1849.584	363.067	-2.570	-0.332
1849.784	365.192	-2.527	-0.306
1849.984	367.206	-2.537	-0.327
1850.184	369.192	-2.505	-0.302
1850.383	371.207	-2.511	-0.327
1850.584	373.219	-2.502	-0.318
1850.784	375.216	-2.498	-0.338
1850.984	377.339	-2.483	-0.329
1851.184	379.352	-2.504	-0.351
1851.383	381.324	-2.507	-0.340
1851.584	383.451	-2.519	-0.355
1851.784	385.436	-2.475	-0.328
1851.983	387.417	-2.491	-0.342
1852.184	389.492	-2.457	-0.324
1852.384	390.877	-2.465	-0.327
1852.584	391.491	-2.433	-0.324
1852.783	391.506	-2.450	-0.317
2114.384	6.070	-4.890	0.464
2114.584	6.321	-4.865	0.463
2114.785	7.323	-4.873	0.473
2114.985	9.202	-4.874	0.483
2115.184	11.200	-4.866	0.499
2115.384	13.163	-4.874	0.502
2115.484	14.270	-4.844	0.543
2115.684	16.275	-4.849	0.490
2115.884	18.244	-4.855	0.507
2115.984	19.372	-4.875	0.490
2116.184	21.331	-4.851	0.499
2116.383	23.398	-4.850	0.497
2116.584	25.503	-4.852	0.477
2116.784	27.494	-4.872	0.471
2116.984	29.622	-4.871	0.489
2117.184	31.591	-4.861	0.449
2117.384	33.595	-4.886	0.476
2117.584	35.643	-4.798	0.435
2117.784	37.701	-3.722	0.156
2117.984	39.685	-3.736	0.035
2118.184	41.701	-3.713	0.055
2118.384	43.715	-3.729	0.008
2118.584	45.831	-3.707	0.017
2118.784	47.903	-3.696	-0.018
2118.984	49.899	-3.665	-0.013
2119.184	51.845	-3.650	-0.041
2119.383	53.871	-3.645	-0.058
2119.484	54.967	-3.636	-0.076
2119.684	56.934	-3.628	-0.048
2119.884	59.035	-3.600	-0.069
2120.084	61.044	-3.595	-0.112
2120.284	63.158	-3.569	-0.115
2120.484	65.097	-3.554	-0.110
2120.684	67.166	-3.545	-0.146
2120.884	69.220	-3.532	-0.124
2121.084	71.264	-3.522	-0.155
2121.284	73.262	-3.507	-0.142
2121.484	75.363	-3.497	-0.176
2121.684	77.293	-3.462	-0.160
2121.883	79.319	-3.472	-0.208
2122.084	81.376	-3.456	-0.181
2122.284	83.424	-3.471	-0.189
2122.484	85.425	-3.450	-0.134
2122.684	87.433	-3.456	-0.126
2122.884	89.605	-3.435	-0.123
2123.084	91.550	-3.437	-0.127
2123.284	93.654	-3.414	-0.124
2123.484	95.638	-3.393	-0.121
2123.684	97.605	-3.385	-0.131
2123.884	99.669	-3.381	-0.164
2124.084	101.766	-3.365	-0.159
2124.283	103.713	-3.355	-0.175
2124.383	104.786	-3.314	-0.149
2124.584	106.852	-3.377	-0.214
2124.783	108.851	-3.348	-0.206
2124.984	110.837	-3.360	-0.200
2125.184	113.036	-3.348	-0.182
2125.384	114.957	-3.341	-0.182
2125.584	117.101	-3.338	-0.197
2125.784	119.064	-3.326	-0.197
2125.984	121.069	-3.295	-0.184
2126.184	123.031	-3.302	-0.203
2126.384	125.082	-3.282	-0.199
2126.584	127.128	-3.280	-0.208
2126.784	129.167	-3.271	-0.209
2126.984	131.180	-3.277	-0.232
2127.184	133.372	-3.269	-0.216
2127.384	135.290	-3.272	-0.248
2127.584	137.273	-3.278	-0.226
2127.684	138.428	-3.304	-0.256
2127.884	140.451	-3.259	-0.228
2128.084	142.456	-3.271	-0.242
2128.284	144.466	-3.241	-0.215
2128.484	146.503	-3.248	-0.223
2128.684	148.507	-3.217	-0.221
2128.884	150.490	-3.239	-0.222
2128.983	151.697	-3.209	-0.227
2129.184	153.684	-3.194	-0.213
2129.384	155.670	-3.197	-0.214
2129.584	157.648	-3.183	-0.245
2129.784	159.787	-3.189	-0.244
2129.984	161.707	-3.165	-0.249
2130.184	163.814	-3.180	-0.241
2130.384	165.840	-3.183	-0.267
2130.584	167.823	-3.174	-0.249
2130.784	169.848	-3.165	-0.244
2130.984	171.895	-3.163	-0.248
2131.184	173.977	-3.147	-0.247
2131.384	176.100	-3.147	-0.243
2131.584	177.976	-3.130	-0.237
2131.784	180.163	-3.116	-0.236
2131.984	182.089	-3.097	-0.246
2132.184	184.110	-3.078	-0.248
2132.384	186.279	-3.084	-0.266
2132.584	188.165	-3.064	-0.265
2132.784	190.169	-3.077	-0.266
2132.884	191.335	-3.081	-0.279
2133.084	193.235	-3.052	-0.278
2133.284	195.347	-3.074	-0.284
2133.484	197.386	-3.055	-0.284
2133.684	199.416	-3.074	-0.278
2133.884	201.481	-3.061	-0.264
2134.084	203.508	-3.029	-0.245
2134.284	205.502	-3.030	-0.266
2134.484	207.474	-3.005	-0.251
2134.684	209.502	-2.994	-0.252
2134.884	211.629	-2.984	-0.271
2135.084	213.744	-2.989	-0.275
2135.284	215.685	-2.987	-0.295
2135.484	217.790	-2.962	-0.275
2135.684	219.724	-2.976	-0.305
2135.884	221.747	-2.957	-0.282
2136.084	223.740	-2.963	-0.283
2136.284	225.889	-2.944	-0.301
2136.483	227.919	-2.956	-0.293
2136.684	229.993	-2.945	-0.290
2136.884	231.914	-2.930	-0.277
2137.084	233.955	-2.923	-0.282
2137.284	236.118	-2.904	-0.266
2137.484	238.007	-2.880	-0.266
2137.684	240.014	-2.883	-0.279
2137.784	241.184	-2.873	-0.307
2137.984	243.094	-2.875	-0.290
2138.184	245.107	-2.870	-0.285
2138.284	246.273	-2.830	-0.316
2138.484	248.165	-2.857	-0.293
2138.684	250.306	-2.866	-0.320
2138.884	252.287	-2.836	-0.295
2139.084	254.376	-2.860	-0.319
2139.284	256.292	-2.826	-0.285
2139.484	258.376	-2.860	-0.308
2139.684	260.460	-2.825	-0.285
2139.884	262.574	-2.822	-0.296
2140.084	264.520	-2.815	-0.288
2140.284	266.624	-2.784	-0.276
2140.483	268.524	-2.780	-0.279
2140.684	270.631	-2.771	-0.296
2140.884	272.662	-2.760	-0.290
2141.084	274.599	-2.756	-0.308
2141.284	276.667	-2.749	-0.291
2141.483	278.678	-2.763	-0.342
2141.684	280.745	-2.745	-0.300
2141.886	282.770	-2.762	-0.320
2142.084	284.838	-2.749	-0.299
2142.284	286.860	-2.764	-0.321
2142.484	288.864	-2.736	-0.287
2142.684	290.930	-2.735	-0.295
2142.884	292.953	-2.722	-0.295
2143.084	294.958	-2.707	-0.293
2143.284	296.991	-2.698	-0.285
2143.484	299.054	-2.708	-0.300
2143.684	301.089	-2.673	-0.288
2143.884	303.083	-2.696	-0.321
2144.085	305.211	-2.656	-0.299
2144.284	307.215	-2.679	-0.320
2144.484	309.330	-2.667	-0.322
2144.684	311.225	-2.699	-0.322
2144.884	313.323	-2.677	-0.327
2145.084	315.304	-2.677	-0.314
2145.284	317.490	-2.659	-0.311
2145.484	319.502	-2.669	-0.299
2145.684	321.478	-2.657	-0.310
2145.884	323.599	-2.655	-0.317
2146.084	325.449	-2.636	-0.293
2146.285	327.664	-2.634	-0.324
2146.484	329.574	-2.630	-0.307
2146.684	331.608	-2.619	-0.326
2146.884	333.600	-2.587	-0.308
2147.084	335.680	-2.619	-0.337
2147.284	337.669	-2.599	-0.316
2147.384	338.827	-2.642	-0.370
2147.584	340.837	-2.603	-0.328
2147.784	342.835	-2.615	-0.338
2147.984	344.856	-2.602	-0.317
2148.184	346.865	-2.601	-0.325
2148.384	348.982	-2.592	-0.323
2148.584	350.873	-2.588	-0.323
2148.684	351.962	-2.594	-0.304
2148.884	353.966	-2.548	-0.300
2149.084	355.972	-2.566	-0.303
2149.284	358.098	-2.555	-0.334
2149.484	360.152	-2.535	-0.309
2149.684	362.121	-2.541	-0.336
2149.784	363.251	-2.531	-0.320
2149.984	365.256	-2.524	-0.321
2150.184	367.220	-2.542	-0.357
2150.384	369.256	-2.521	-0.326
2150.584	371.308	-2.555	-0.354
2150.784	373.327	-2.520	-0.329
2150.984	375.329	-2.526	-0.334
2151.083	376.442	-2.503	-0.323
2151.284	378.427	-2.521	-0.335
2151.484	380.565	-2.521	-0.333
2151.684	382.416	-2.484	-0.304
2151.784	383.526	-2.478	-0.307
2151.984	385.602	-2.466	-0.314
2152.184	387.587	-2.473	-0.326
2152.384	389.504	-2.434	-0.316
2152.584	390.909	-2.449	-0.328
2152.784	391.494	-2.415	-0.347
2152.984	391.506	-2.429	-0.333
2414.484	6.070	-4.865	0.479
2414.684	6.513	-4.867	0.481
2414.884	7.771	-4.880	0.477
2415.084	9.601	-4.891	0.469
2415.284	11.683	-4.860	0.480
2415.484	13.730	-4.899	0.454
2415.684	15.744	-4.873	0.481
2415.884	17.767	-4.882	0.479
2416.084	19.839	-4.872	0.500
2416.284	21.842	-4.876	0.484
2416.484	23.967	-4.855	0.513
2416.684	26.009	-4.841	0.491
2416.884	27.993	-4.849	0.497
2417.084	30.089	-4.870	0.477
2417.284	32.075	-4.836	0.495
2417.484	34.025	-4.868	0.457
2417.684	36.125	-4.478	0.364
2417.884	38.106	-3.730	0.122
2418.084	40.292	-3.703	0.071
2418.284	42.175	-3.723	0.057
2418.484	44.174	-3.725	0.024
2418.684	46.353	-3.723	0.035
2418.884	48.334	-3.704	-0.003
2419.084	50.287	-3.694	0.010
2419.284	52.382	-3.672	-0.000
2419.484	54.450	-3.651	0.014
2419.684	56.401	-3.639	-0.022
2419.884	58.438	-3.627	-0.016
2420.084	60.506	-3.586	-0.034
2420.284	62.586	-3.582	-0.048
2420.484	64.541	-3.568	-0.068
2420.684	66.629	-3.537	-0.067
2420.884	68.572	-3.538	-0.076
2421.084	70.737	-3.510	-0.082
2421.284	72.677	-3.520	-0.112
2421.484	74.754	-3.474	-0.105
2421.684	76.785	-3.481	-0.136
2421.884	78.831	-3.467	-0.138
2422.084	80.868	-3.459	-0.150
2422.284	82.873	-3.456	-0.140
2422.484	84.922	-3.461	-0.129
2422.684	86.963	-3.444	-0.102
2422.884	88.968	-3.432	-0.111
2423.084	91.012	-3.422	-0.109
2423.284	93.036	-3.411	-0.132
2423.484	95.052	-3.383	-0.118
2423.684	97.137	-3.408	-0.139
2423.884	99.117	-3.383	-0.134
2424.084	101.302	-3.373	-0.155
2424.284	103.288	-3.337	-0.138
2424.484	105.272	-3.356	-0.178
2424.684	107.233	-3.322	-0.167
2424.884	109.393	-3.327	-0.186
2425.084	111.384	-3.320	-0.183
2425.284	113.471	-3.336	-0.204
2425.484	115.420	-3.321	-0.202
2425.684	117.406	-3.322	-0.216
2425.884	119.554	-3.307	-0.198
2426.084	121.586	-3.327	-0.219
2426.284	123.656	-3.301	-0.197
2426.484	125.582	-3.309	-0.207
2426.684	127.565	-3.288	-0.203
2426.784	128.715	-3.335	-0.243
2426.984	130.742	-3.285	-0.192
2427.184	132.747	-3.276	-0.209
2427.384	134.765	-3.269	-0.193
2427.584	136.794	-3.264	-0.217
2427.784	138.776	-3.247	-0.205
2427.984	140.793	-3.251	-0.231
2428.184	143.031	-3.227	-0.206
2428.384	145.026	-3.226	-0.222
2428.584	146.968	-3.196	-0.203
2428.784	148.957	-3.216	-0.248
2428.984	150.976	-3.194	-0.232
2429.184	153.112	-3.205	-0.255
2429.384	155.058	-3.188	-0.242
2429.584	157.093	-3.209	-0.257
2429.784	159.142	-3.193	-0.245
2429.984	161.311	-3.204	-0.254
2430.184	163.270	-3.188	-0.257
2430.384	165.233	-3.184	-0.246
2430.584	167.367	-3.157	-0.241
2430.784	169.363	-3.165	-0.250
2430.984	171.420	-3.152	-0.243
2431.184	173.447	-3.150	-0.241
2431.384	175.448	-3.128	-0.219
2431.584	177.460	-3.144	-0.250
2431.784	179.464	-3.103	-0.240
2431.984	181.578	-3.102	-0.242
2432.184	183.680	-3.073	-0.234
2432.384	185.659	-3.091	-0.255
2432.584	187.631	-3.060	-0.238
2432.784	189.728	-3.073	-0.257
2432.984	191.674	-3.054	-0.264
2433.084	192.821	-3.052	-0.250
2433.284	194.725	-3.041	-0.275
2433.484	196.795	-3.046	-0.274
2433.684	198.814	-3.038	-0.270
2433.884	200.898	-3.054	-0.293
2434.084	202.846	-3.037	-0.264
2434.284	205.042	-3.056	-0.283
2434.484	206.991	-3.028	-0.266
2434.684	209.007	-3.012	-0.274
2434.884	210.983	-2.998	-0.251
2434.984	212.131	-3.016	-0.303
2435.184	214.036	-3.001	-0.266
2435.384	216.136	-2.978	-0.251
2435.584	218.131	-2.978	-0.245
2435.684	219.232	-2.954	-0.276
2435.884	221.193	-2.988	-0.282
2436.084	223.327	-2.947	-0.253
2436.284	225.329	-2.939	-0.272
2436.484	227.283	-2.904	-0.257
2436.684	229.383	-2.930	-0.294
2436.884	231.384	-2.904	-0.269
2437.084	233.555	-2.913	-0.302
2437.284	235.437	-2.909	-0.296
2437.484	237.555	-2.901	-0.306
2437.684	239.588	-2.897	-0.292
2437.884	241.557	-2.901	-0.305
2438.084	243.575	-2.883	-0.298
2438.284	245.610	-2.892	-0.300
2438.484	247.675	-2.873	-0.284
2438.684	249.637	-2.890	-0.302
2438.884	251.769	-2.857	-0.279
2439.084	253.727	-2.869	-0.296
2439.284	255.829	-2.840	-0.272
2439.484	257.812	-2.850	-0.281
2439.684	259.837	-2.816	-0.259
2439.884	261.900	-2.825	-0.291
2440.084	263.894	-2.796	-0.279
2440.284	266.108	-2.804	-0.284
2440.484	268.005	-2.791	-0.281
2440.684	269.995	-2.790	-0.294
2440.884	272.136	-2.774	-0.306
2441.084	274.167	-2.786	-0.315
2441.284	276.151	-2.759	-0.303
2441.484	278.267	-2.770	-0.330
2441.684	280.243	-2.746	-0.309
2441.884	282.229	-2.763	-0.321
2442.084	284.335	-2.746	-0.316
2442.284	286.327	-2.771	-0.327
2442.484	288.302	-2.750	-0.307
2442.684	290.331	-2.754	-0.317
2442.884	292.480	-2.716	-0.298
2443.084	294.544	-2.741	-0.308
2443.284	296.536	-2.696	-0.280
2443.484	298.516	-2.708	-0.292
2443.684	300.601	-2.689	-0.285
2443.884	302.593	-2.692	-0.298
2444.084	304.697	-2.687	-0.310
2444.284	306.709	-2.675	-0.312
2444.484	308.707	-2.657	-0.290
2444.684	310.876	-2.661	-0.303
2444.884	312.725	-2.647	-0.313
2445.084	314.746	-2.653	-0.329
2445.284	316.852	-2.641	-0.316
2445.484	318.861	-2.654	-0.314
2445.684	320.871	-2.650	-0.329
2445.884	323.021	-2.669	-0.340
2446.084	325.036	-2.640	-0.333
2446.284	327.004	-2.655	-0.319
2446.484	329.106	-2.643	-0.328
2446.684	331.094	-2.661	-0.324
2446.884	333.068	-2.623	-0.310
2447.084	335.188	-2.640	-0.315
2447.284	337.186	-2.613	-0.306
2447.484	339.162	-2.622	-0.308
2447.684	341.256	-2.600	-0.309
2447.884	343.224	-2.613	-0.308
2448.084	345.388	-2.593	-0.304
2448.284	347.379	-2.580	-0.307
2448.484	349.354	-2.562	-0.304
2448.684	351.466	-2.564	-0.323
2448.884	353.440	-2.551	-0.320
2449.084	355.600	-2.558	-0.319
2449.284	357.587	-2.554	-0.334
2449.484	359.582	-2.557	-0.333
2449.684	361.702	-2.531	-0.320
2449.884	363.715	-2.534	-0.321
2450.084	365.646	-2.530	-0.338
2450.284	367.697	-2.530	-0.332
2450.484	369.718	-2.525	-0.331
2450.684	371.716	-2.543	-0.332
2450.884	373.831	-2.542	-0.345
2451.084	375.816	-2.532	-0.325
2451.284	377.988	-2.529	-0.334
2451.484	379.886	-2.522	-0.324
2451.684	381.888	-2.497	-0.314
2451.784	383.048	-2.501	-0.320
2451.984	384.936	-2.487	-0.310
2452.084	386.049	-2.466	-0.299
2452.284	388.094	-2.476	-0.320
2452.484	389.944	-2.461	-0.320
2452.684	391.113	-2.438	-0.302
2452.884	391.506	-2.434	-0.319
2714.484	6.070	-4.872	0.531
2714.684	6.159	-4.867	0.528
2714.884	6.913	-4.853	0.547
2715.084	8.518	-4.845	0.533
2715.284	10.471	-4.854	0.552
2715.484	12.594	-4.876	0.526
2715.684	14.590	-4.871	0.548
2715.885	16.552	-4.866	0.543
2715.984	17.683	-4.862	0.584
2716.184	19.657	-4.862	0.533
2716.384	21.658	-4.872	0.531
2716.484	22.836	-4.853	0.586
2716.684	24.890	-4.854	0.548
2716.884	26.869	-4.853	0.544
2717.084	28.797	-4.855	0.532
2717.284	30.917	-4.832	0.550
2717.484	32.922	-4.860	0.522
2717.684	34.946	-4.821	0.525
2717.884	36.933	-3.990	0.258
2718.084	38.939	-3.702	0.116
2718.284	41.105	-3.731	0.064
2718.484	43.035	-3.708	0.068
2718.684	45.114	-3.717	0.033
2718.884	47.077	-3.706	0.023
2718.984	48.199	-3.715	0.011
2719.184	50.256	-3.679	0.004
2719.384	52.167	-3.655	-0.006
2719.584	54.333	-3.647	-0.003
2719.784	56.318	-3.658	-0.054
2719.984	58.460	-3.610	-0.019
2720.184	60.375	-3.597	-0.065
2720.384	62.473	-3.574	-0.052
2720.584	64.476	-3.555	-0.078
2720.784	66.459	-3.533	-0.084
2720.984	68.432	-3.532	-0.119
2721.184	70.480	-3.503	-0.115
2721.384	72.622	-3.517	-0.129
2721.584	74.607	-3.478	-0.102
2721.784	76.621	-3.480	-0.139
2721.984	78.605	-3.452	-0.126
2722.184	80.773	-3.461	-0.154
2722.384	82.768	-3.435	-0.130
2722.584	84.738	-3.455	-0.108
2722.784	86.835	-3.427	-0.087
2722.984	88.839	-3.442	-0.115
2723.184	90.802	-3.430	-0.113
2723.384	92.915	-3.412	-0.112
2723.584	94.921	-3.398	-0.109
2723.784	97.077	-3.400	-0.123
2723.984	98.970	-3.370	-0.124
2724.084	100.089	-3.388	-0.128
2724.286	102.117	-3.363	-0.124
2724.486	104.109	-3.363	-0.149
2724.684	106.083	-3.335	-0.148
2724.884	108.114	-3.329	-0.154
2725.086	110.205	-3.327	-0.163
2725.284	112.228	-3.323	-0.190
2725.484	114.210	-3.319	-0.178
2725.684	116.359	-3.333	-0.216
2725.884	118.415	-3.302	-0.196
2726.084	120.370	-3.310	-0.216
2726.284	122.457	-3.292	-0.187
2726.484	124.450	-3.307	-0.219
2726.684	126.465	-3.299	-0.211
2726.884	128.533	-3.310	-0.216
2727.084	130.593	-3.280	-0.198
2727.284	132.604	-3.303	-0.218
2727.484	134.644	-3.281	-0.203
2727.684	136.668	-3.287	-0.218
2727.884	138.677	-3.263	-0.210
2728.084	140.733	-3.268	-0.211
2728.284	142.779	-3.231	-0.198
2728.484	144.756	-3.244	-0.214
2728.684	146.854	-3.234	-0.218
2728.884	148.837	-3.229	-0.231
2729.084	150.889	-3.206	-0.219
2729.284	152.882	-3.214	-0.232
2729.484	154.894	-3.197	-0.237
2729.684	157.075	-3.180	-0.230
2729.884	159.018	-3.173	-0.230
2730.084	161.070	-3.176	-0.250
2730.284	163.108	-3.166	-0.247
2730.484	165.071	-3.169	-0.263
2730.684	167.315	-3.151	-0.261
2730.884	169.144	-3.184	-0.272
2731.084	171.276	-3.140	-0.245
2731.286	173.320	-3.160	-0.262
2731.486	175.371	-3.141	-0.263
2731.684	177.355	-3.147	-0.243
2731.885	179.482	-3.122	-0.257
2732.086	181.511	-3.120	-0.242
2732.286	183.488	-3.119	-0.254
2732.484	185.567	-3.101	-0.246
2732.684	187.539	-3.099	-0.252
2732.884	189.517	-3.085	-0.250
2733.084	191.611	-3.057	-0.237
2733.284	193.594	-3.052	-0.245
2733.384	194.721	-3.057	-0.277
2733.584	196.614	-3.045	-0.251
2733.684	197.722	-3.031	-0.242
2733.884	199.801	-3.028	-0.266
2734.084	201.734	-3.018	-0.266
2734.184	202.880	-3.025	-0.259
2734.384	204.781	-3.020	-0.288
2734.584	206.831	-2.990	-0.266
2734.785	208.834	-3.007	-0.283
2734.985	210.993	-2.994	-0.282
2735.184	212.964	-3.015	-0.288
2735.385	215.096	-2.985	-0.278
2735.584	217.087	-3.004	-0.278
2735.784	219.068	-2.979	-0.275
2735.984	221.037	-2.978	-0.294
2736.184	223.075	-2.957	-0.279
2736.384	225.308	-2.954	-0.274
2736.584	227.236	-2.959	-0.281
2736.784	229.233	-2.938	-0.275
2736.984	231.387	-2.924	-0.260
2737.184	233.282	-2.924	-0.281
2737.384	235.395	-2.901	-0.251
2737.584	237.444	-2.895	-0.273
2737.784	239.346	-2.874	-0.267
2737.984	241.478	-2.884	-0.283
2738.184	243.477	-2.859	-0.279
2738.384	245.546	-2.872	-0.275
2738.584	247.499	-2.853	-0.284
2738.784	249.519	-2.857	-0.292
2738.984	251.661	-2.829	-0.285
2739.184	253.623	-2.852	-0.307
2739.384	255.672	-2.831	-0.301
2739.584	257.647	-2.827	-0.294
2739.784	259.823	-2.822	-0.308
2739.984	261.827	-2.837	-0.310
2740.184	263.817	-2.819	-0.307
2740.384	265.864	-2.823	-0.299
2740.584	267.879	-2.807	-0.308
2740.784	270.018	-2.798	-0.293
2740.984	271.948	-2.803	-0.302
2741.184	273.967	-2.781	-0.277
2741.384	276.028	-2.788	-0.295
2741.584	278.061	-2.769	-0.292
2741.784	280.039	-2.766	-0.291
2741.984	282.072	-2.758	-0.293
2742.184	284.088	-2.757	-0.285
2742.284	285.196	-2.728	-0.266
2742.484	287.305	-2.720	-0.281
2742.684	289.291	-2.733	-0.300
2742.884	291.249	-2.709	-0.297
2743.084	293.286	-2.715	-0.301
2743.284	295.300	-2.685	-0.288
2743.484	297.494	-2.714	-0.311
2743.684	299.484	-2.687	-0.304
2743.884	301.428	-2.700	-0.309
2744.084	303.508	-2.684	-0.304
2744.284	305.568	-2.704	-0.322
2744.484	307.534	-2.694	-0.320
2744.684	309.560	-2.695	-0.333
2744.884	311.684	-2.681	-0.314
2745.084	313.789	-2.698	-0.315
2745.284	315.724	-2.677	-0.304
2745.484	317.705	-2.670	-0.302
2745.684	319.691	-2.678	-0.323
2745.784	320.813	-2.688	-0.321
2745.984	322.860	-2.643	-0.290
2746.184	324.778	-2.655	-0.298
2746.284	325.907	-2.663	-0.320
2746.484	327.934	-2.646	-0.290
2746.684	329.998	-2.641	-0.304
2746.884	331.999	-2.608	-0.288
2747.084	334.034	-2.644	-0.311
2747.284	336.055	-2.601	-0.306
2747.484	338.042	-2.599	-0.299
2747.684	340.078	-2.589	-0.322
2747.884	342.094	-2.593	-0.319
2748.084	344.144	-2.590	-0.316
2748.284	346.271	-2.583	-0.318
2748.484	348.265	-2.581	-0.328
2748.684	350.358	-2.590	-0.335
2748.884	352.345	-2.571	-0.327
2749.084	354.395	-2.577	-0.331
2749.284	356.375	-2.569	-0.336
2749.484	358.357	-2.588	-0.342
2749.684	360.577	-2.566	-0.318
2749.884	362.516	-2.568	-0.323
2750.084	364.493	-2.565	-0.325
2750.284	366.648	-2.548	-0.307
2750.484	368.734	-2.527	-0.310
2750.684	370.724	-2.557	-0.341
2750.884	372.589	-2.517	-0.316
2751.084	374.624	-2.534	-0.321
2751.184	375.791	-2.515	-0.301
2751.384	377.692	-2.516	-0.314
2751.584	379.828	-2.492	-0.295
2751.784	381.885	-2.483	-0.308
2751.985	383.911	-2.491	-0.320
2752.184	385.912	-2.484	-0.342
2752.384	387.945	-2.463	-0.317
2752.584	389.888	-2.453	-0.333
2752.784	391.079	-2.432	-0.319
2752.984	391.506	-2.437	-0.342
3014.584	6.070	-4.840	0.477
3014.784	6.079	-4.886	0.460
3014.985	6.621	-4.865	0.457
3015.184	7.842	-4.871	0.469
3015.284	8.946	-4.888	0.464
3015.484	10.900	-4.885	0.448
3015.685	12.897	-4.870	0.474
3015.784	14.053	-4.918	0.414
3015.985	15.937	-4.891	0.472
3016.185	17.951	-4.893	0.454
3016.284	19.106	-4.903	0.412
3016.485	20.988	-4.875	0.481
3016.585	22.107	-4.896	0.472
3016.785	24.133	-4.862	0.460
3016.985	26.150	-4.900	0.455
3017.184	28.195	-4.872	0.462
3017.384	30.178	-4.879	0.459
3017.484	31.286	-4.855	0.495
3017.684	33.299	-4.875	0.432
3017.884	35.252	-4.867	0.453
3017.984	36.353	-3.803	0.260
3018.185	38.405	-3.707	0.107
3018.384	40.437	-3.705	0.062
3018.585	42.364	-3.732	0.011
3018.785	44.458	-3.711	0.044
3018.985	46.509	-3.712	0.004
3019.185	48.548	-3.679	-0.002
3019.384	50.546	-3.672	-0.023
3019.584	52.639	-3.644	-0.020
3019.784	54.645	-3.659	-0.043
3019.984	56.772	-3.622	-0.046
3020.184	58.680	-3.621	-0.069
3020.384	60.661	-3.601	-0.071
3020.484	61.804	-3.619	-0.089
3020.684	63.802	-3.581	-0.093
3020.884	65.789	-3.559	-0.095
3021.085	67.795	-3.539	-0.106
3021.285	69.993	-3.533	-0.118
3021.484	71.939	-3.515	-0.112
3021.685	74.040	-3.500	-0.125
3021.884	76.054	-3.470	-0.123
3022.085	78.022	-3.476	-0.173
3022.285	80.011	-3.445	-0.144
3022.484	82.087	-3.454	-0.181
3022.685	84.178	-3.422	-0.149
3022.885	86.099	-3.431	-0.134
3023.085	88.257	-3.421	-0.132
3023.285	90.223	-3.431	-0.143
3023.484	92.305	-3.398	-0.144
3023.685	94.274	-3.391	-0.141
3023.885	96.278	-3.385	-0.145
3024.085	98.302	-3.387	-0.144
3024.285	100.397	-3.383	-0.147
3024.484	102.404	-3.370	-0.157
3024.684	104.525	-3.375	-0.162
3024.884	106.571	-3.369	-0.158
3025.085	108.554	-3.341	-0.142
3025.284	110.642	-3.347	-0.146
3025.484	112.620	-3.318	-0.141
3025.684	114.589	-3.322	-0.141
3025.885	116.703	-3.294	-0.160
3026.085	118.706	-3.298	-0.176
3026.284	120.875	-3.290	-0.178
3026.485	122.769	-3.293	-0.183
3026.685	124.888	-3.279	-0.196
3026.885	126.876	-3.294	-0.182
3027.084	128.875	-3.269	-0.210
3027.284	130.971	-3.268	-0.193
3027.484	133.012	-3.280	-0.227
3027.684	134.941	-3.263	-0.205
3027.784	136.100	-3.291	-0.232
3027.984	138.086	-3.259	-0.231
3028.185	140.174	-3.252	-0.215
3028.384	142.055	-3.252	-0.228
3028.585	144.141	-3.238	-0.205
3028.785	146.185	-3.268	-0.238
3028.985	148.249	-3.226	-0.218
3029.184	150.337	-3.235	-0.217
3029.385	152.371	-3.196	-0.221
3029.584	154.389	-3.225	-0.228
3029.785	156.383	-3.190	-0.229
3029.985	158.510	-3.188	-0.210
3030.185	160.511	-3.163	-0.245
3030.385	162.484	-3.170	-0.229
3030.584	164.573	-3.145	-0.231
3030.785	166.563	-3.157	-0.257
3030.985	168.545	-3.145	-0.247
3031.185	170.655	-3.132	-0.255
3031.385	172.631	-3.135	-0.254
3031.584	174.749	-3.132	-0.274
3031.784	176.678	-3.116	-0.263
3031.985	178.778	-3.107	-0.257
3032.184	180.831	-3.131	-0.274
3032.384	182.831	-3.118	-0.265
3032.584	184.793	-3.107	-0.261
3032.784	186.894	-3.093	-0.256
3032.985	188.886	-3.093	-0.255
3033.185	191.077	-3.094	-0.263
3033.385	192.933	-3.059	-0.258
3033.585	195.040	-3.070	-0.251
3033.785	197.148	-3.049	-0.264
3033.985	199.012	-3.054	-0.242
3034.184	201.247	-3.047	-0.289
3034.384	203.212	-3.021	-0.226
3034.584	205.252	-3.029	-0.276
3034.784	207.246	-2.979	-0.236
3034.984	209.344	-2.997	-0.270
3035.185	211.371	-2.970	-0.262
3035.385	213.353	-2.981	-0.283
3035.585	215.456	-2.964	-0.285
3035.785	217.453	-2.989	-0.295
3035.985	219.424	-2.966	-0.290
3036.184	221.541	-2.966	-0.293
3036.385	223.570	-2.952	-0.291
3036.585	225.566	-2.956	-0.300
3036.785	227.560	-2.940	-0.292
3036.984	229.588	-2.954	-0.289
3037.184	231.747	-2.934	-0.271
3037.384	233.721	-2.942	-0.297
3037.584	235.698	-2.918	-0.267
3037.785	237.782	-2.919	-0.289
3037.985	239.726	-2.899	-0.277
3038.085	240.868	-2.872	-0.276
3038.285	242.880	-2.898	-0.267
3038.485	244.916	-2.885	-0.283
3038.684	246.967	-2.856	-0.253
3038.884	248.912	-2.869	-0.287
3039.084	250.986	-2.835	-0.263
3039.284	253.060	-2.833	-0.275
3039.485	255.000	-2.829	-0.300
3039.684	257.013	-2.822	-0.294
3039.785	258.159	-2.847	-0.308
3039.985	260.060	-2.796	-0.289
3040.185	262.213	-2.819	-0.303
3040.385	264.259	-2.796	-0.302
3040.585	266.154	-2.800	-0.309
3040.784	268.296	-2.806	-0.318
3040.985	270.333	-2.807	-0.321
3041.185	272.324	-2.789	-0.292
3041.385	274.313	-2.789	-0.323
3041.584	276.387	-2.781	-0.301
3041.785	278.465	-2.785	-0.311
3041.984	280.496	-2.760	-0.289
3042.185	282.516	-2.784	-0.317
3042.384	284.493	-2.758	-0.293
3042.585	286.522	-2.765	-0.299
3042.784	288.652	-2.738	-0.284
3042.985	290.617	-2.745	-0.295
3043.185	292.681	-2.708	-0.272
3043.385	294.705	-2.710	-0.294
3043.585	296.683	-2.700	-0.288
3043.784	298.797	-2.719	-0.299
3043.984	300.827	-2.668	-0.291
3044.184	302.877	-2.705	-0.313
3044.384	304.807	-2.675	-0.317
3044.585	306.834	-2.698	-0.312
3044.684	308.021	-2.645	-0.291
3044.884	309.892	-2.669	-0.329
3044.985	311.018	-2.707	-0.330
3045.185	313.039	-2.672	-0.327
3045.384	315.051	-2.673	-0.311
3045.585	317.048	-2.683	-0.321
3045.784	319.094	-2.682	-0.331
3045.985	321.118	-2.672	-0.321
3046.184	323.169	-2.672	-0.318
3046.384	325.169	-2.661	-0.312
3046.584	327.299	-2.668	-0.325
3046.784	329.331	-2.634	-0.292
3046.984	331.317	-2.648	-0.303
3047.184	333.403	-2.632	-0.306
3047.384	335.419	-2.642	-0.303
3047.585	337.362	-2.608	-0.299
3047.685	338.463	-2.632	-0.288
3047.885	340.483	-2.598	-0.292
3048.085	342.441	-2.610	-0.312
3048.185	343.629	-2.608	-0.307
3048.385	345.633	-2.575	-0.312
3048.584	347.576	-2.576	-0.308
3048.784	349.618	-2.574	-0.321
3048.984	351.623	-2.563	-0.315
3049.184	353.831	-2.557	-0.338
3049.385	355.736	-2.573	-0.327
3049.584	357.710	-2.577	-0.346
3049.684	358.872	-2.544	-0.312
3049.885	360.749	-2.554	-0.328
3049.985	361.858	-2.609	-0.364
3050.185	363.898	-2.545	-0.331
3050.385	365.932	-2.551	-0.327
3050.585	367.931	-2.547	-0.331
3050.785	369.963	-2.559	-0.336
3050.985	371.989	-2.544	-0.334
3051.184	374.004	-2.539	-0.319
3051.384	376.047	-2.534	-0.320
3051.584	378.095	-2.514	-0.319
3051.784	380.247	-2.500	-0.296
3051.984	382.150	-2.492	-0.316
3052.084	383.279	-2.514	-0.335
3052.285	385.240	-2.484	-0.317
3052.485	387.230	-2.473	-0.317
3052.684	389.373	-2.448	-0.300
3052.884	390.802	-2.445	-0.321
3053.085	391.455	-2.437	-0.323
3053.284	391.506	-2.430	-0.334
3314.785	6.070	-4.868	0.470
3314.985	6.244	-4.870	0.466
3315.185	7.153	-4.890	0.454
3315.385	8.999	-4.877	0.468
3315.584	10.979	-4.871	0.468
3315.785	12.995	-4.893	0.458
3315.985	14.968	-4.876	0.459
3316.185	17.108	-4.884	0.474
3316.385	19.120	-4.869	0.471
3316.585	21.069	-4.864	0.496
3316.785	23.188	-4.885	0.459
3316.985	25.155	-4.861	0.480
3317.085	26.301	-4.876	0.496
3317.285	28.339	-4.861	0.494
3317.485	30.333	-4.863	0.472
3317.685	32.357	-4.866	0.478
3317.885	34.345	-4.875	0.453
3318.084	36.365	-4.394	0.350
3318.285	38.427	-3.712	0.089
3318.485	40.423	-3.697	0.039
3318.584	41.502	-3.688	0.013
3318.785	43.527	-3.707	0.012
3318.985	45.603	-3.686	-0.005
3319.185	47.629	-3.696	-0.022
3319.385	49.628	-3.654	-0.021
3319.585	51.773	-3.675	-0.048
3319.785	53.633	-3.626	-0.043
3319.985	55.783	-3.635	-0.068
3320.185	57.815	-3.600	-0.077
3320.385	59.742	-3.615	-0.092
3320.584	61.875	-3.568	-0.097
3320.785	64.014	-3.569	-0.101
3320.985	65.869	-3.556	-0.116
3321.185	67.909	-3.529	-0.114
3321.385	69.943	-3.518	-0.123
3321.585	71.996	-3.508	-0.135
3321.785	73.989	-3.498	-0.141
3321.985	76.028	-3.473	-0.149
3322.185	78.065	-3.462	-0.160
3322.385	80.206	-3.462	-0.185
3322.585	82.115	-3.445	-0.185
3322.785	84.293	-3.403	-0.133
3322.985	86.265	-3.409	-0.139
3323.185	88.377	-3.399	-0.126
3323.385	90.334	-3.384	-0.148
3323.585	92.403	-3.370	-0.136
3323.785	94.326	-3.380	-0.174
3323.885	95.474	-3.400	-0.170
3324.085	97.499	-3.361	-0.160
3324.285	99.482	-3.355	-0.150
3324.485	101.660	-3.372	-0.185
3324.684	103.615	-3.356	-0.175
3324.885	105.596	-3.362	-0.185
3325.085	107.696	-3.347	-0.172
3325.285	109.776	-3.348	-0.189
3325.484	111.778	-3.350	-0.190
3325.685	113.636	-3.318	-0.166
3325.785	114.768	-3.366	-0.196
3325.985	116.800	-3.316	-0.177
3326.184	118.836	-3.323	-0.168
3326.385	120.819	-3.300	-0.166
3326.585	122.864	-3.302	-0.165
3326.785	124.871	-3.291	-0.172
3326.984	126.871	-3.282	-0.176
3327.185	129.075	-3.268	-0.185
3327.385	131.056	-3.268	-0.186
3327.585	133.010	-3.261	-0.188
3327.785	135.092	-3.257	-0.200
3327.985	137.167	-3.236	-0.191
3328.185	139.114	-3.258	-0.221
3328.284	140.205	-3.211	-0.203
3328.485	142.223	-3.231	-0.233
3328.685	144.171	-3.228	-0.211
3328.784	145.299	-3.201	-0.216
3328.985	147.312	-3.218	-0.234
3329.184	149.331	-3.206	-0.235
3329.385	151.329	-3.227	-0.252
3329.585	153.320	-3.201	-0.237
3329.784	155.407	-3.209	-0.255
3329.985	157.447	-3.179	-0.243
3330.185	159.528	-3.204	-0.257
3330.384	161.493	-3.168	-0.242
3330.585	163.571	-3.195	-0.249
3330.784	165.558	-3.177	-0.271
3330.985	167.605	-3.172	-0.251
3331.185	169.640	-3.156	-0.252
3331.385	171.775	-3.162	-0.228
3331.585	173.660	-3.161	-0.259
3331.784	175.839	-3.128	-0.229
3331.985	177.795	-3.124	-0.237
3332.185	179.878	-3.108	-0.237
3332.385	181.855	-3.110	-0.238
3332.485	182.923	-3.131	-0.244
3332.684	184.987	-3.073	-0.222
3332.885	186.921	-3.096	-0.239
3333.085	188.958	-3.061	-0.239
3333.284	191.068	-3.065	-0.254
3333.485	193.042	-3.044	-0.252
3333.685	195.180	-3.058	-0.270
3333.885	197.072	-3.037	-0.255
3334.085	199.138	-3.034	-0.270
3334.284	201.241	-3.018	-0.254
3334.485	203.195	-3.039	-0.279
3334.685	205.364	-2.987	-0.266
3334.885	207.331	-3.024	-0.295
3335.084	209.300	-2.998	-0.279
3335.285	211.449	-2.996	-0.286
3335.485	213.496	-2.990	-0.287
3335.685	215.428	-2.999	-0.289
3335.885	217.431	-2.988	-0.287
3335.985	218.586	-2.956	-0.298
3336.185	220.462	-2.964	-0.265
3336.285	221.579	-2.978	-0.282
3336.485	223.614	-2.971	-0.285
3336.684	225.624	-2.960	-0.273
3336.885	227.620	-2.960	-0.292
3337.085	229.666	-2.928	-0.267
3337.285	231.690	-2.955	-0.287
3337.485	233.732	-2.911	-0.251
3337.684	235.737	-2.929	-0.284
3337.884	237.876	-2.900	-0.277
3338.085	239.909	-2.895	-0.261
3338.285	241.942	-2.869	-0.272
3338.485	243.949	-2.882	-0.278
3338.685	245.909	-2.873	-0.290
3338.885	247.938	-2.852	-0.267
3339.085	250.062	-2.850	-0.283
3339.285	252.185	-2.864	-0.287
3339.485	254.031	-2.826	-0.293
3339.685	256.177	-2.818	-0.281
3339.884	258.169	-2.818	-0.297
3340.085	260.198	-2.820	-0.282
3340.285	262.198	-2.816	-0.305
3340.485	264.361	-2.803	-0.309
3340.685	266.375	-2.810	-0.323
3340.885	268.349	-2.795	-0.306
3341.085	270.445	-2.797	-0.304
3341.285	272.431	-2.784	-0.315
3341.484	274.398	-2.779	-0.312
3341.685	276.496	-2.795	-0.307
3341.885	278.486	-2.756	-0.295
3342.085	280.642	-2.785	-0.307
3342.284	282.554	-2.773	-0.313
3342.485	284.658	-2.770	-0.305
3342.685	286.693	-2.757	-0.313
3342.885	288.697	-2.757	-0.297
3343.085	290.663	-2.738	-0.300
3343.285	292.706	-2.734	-0.275
3343.485	294.828	-2.733	-0.293
3343.685	296.942	-2.722	-0.284
3343.885	298.889	-2.719	-0.302
3344.085	300.874	-2.695	-0.289
3344.285	303.002	-2.702	-0.301
3344.485	305.005	-2.696	-0.281
3344.684	306.942	-2.681	-0.297
3344.885	309.010	-2.675	-0.281
3345.085	311.068	-2.685	-0.311
3345.285	313.049	-2.648	-0.287
3345.485	315.188	-2.666	-0.307
3345.685	317.218	-2.652	-0.317
3345.885	319.216	-2.671	-0.326
3346.085	321.336	-2.655	-0.313
3346.285	323.353	-2.642	-0.304
3346.484	325.323	-2.648	-0.324
3346.685	327.457	-2.635	-0.328
3346.885	329.449	-2.652	-0.321
3347.084	331.555	-2.636	-0.340
3347.285	333.479	-2.637	-0.321
3347.485	335.411	-2.648	-0.352
3347.685	337.452	-2.633	-0.308
3347.885	339.520	-2.654	-0.349
3348.085	341.510	-2.615	-0.291
3348.285	343.559	-2.622	-0.330
3348.485	345.701	-2.599	-0.305
3348.685	347.615	-2.614	-0.319
3348.885	349.701	-2.579	-0.306
3349.085	351.720	-2.607	-0.319
3349.285	353.881	-2.580	-0.296
3349.485	355.828	-2.593	-0.316
3349.685	357.850	-2.566	-0.307
3349.885	359.895	-2.579	-0.313
3350.085	361.981	-2.545	-0.293
3350.285	364.016	-2.548	-0.303
3350.485	366.056	-2.525	-0.289
3350.685	367.980	-2.544	-0.311
3350.885	370.130	-2.521	-0.322
3351.084	372.161	-2.513	-0.320
3351.285	374.199	-2.514	-0.321
3351.485	376.208	-2.510	-0.328
3351.685	378.162	-2.515	-0.317
3351.884	380.230	-2.489	-0.328
3352.085	382.343	-2.473	-0.306
3352.285	384.299	-2.487	-0.356
3352.485	386.295	-2.469	-0.320
3352.585	387.440	-2.500	-0.359
3352.785	389.403	-2.472	-0.332
3352.985	390.809	-2.463	-0.329
3353.185	391.465	-2.450	-0.351
3353.385	391.506	-2.447	-0.317
3614.985	6.070	-4.870	0.462
3615.185	6.489	-4.851	0.462
3615.385	7.649	-4.863	0.461
3615.585	9.598	-4.852	0.468
3615.785	11.672	-4.881	0.457
3615.985	13.605	-4.862	0.459
3616.185	15.779	-4.891	0.453
3616.385	17.746	-4.877	0.456
3616.585	19.829	-4.869	0.459
3616.785	21.835	-4.876	0.467
3616.985	23.951	-4.857	0.464
3617.185	25.902	-4.876	0.470
3617.385	27.924	-4.870	0.445
3617.585	29.945	-4.880	0.470
3617.786	31.997	-4.887	0.456
3617.985	33.981	-4.873	0.450
3618.185	36.016	-4.595	0.387
3618.385	38.020	-3.721	0.154
3618.585	40.147	-3.734	0.084
3618.785	42.229	-3.703	0.068
3618.985	44.220	-3.710	0.051
3619.185	46.157	-3.700	0.023
3619.385	48.179	-3.694	0.012
3619.485	49.271	-3.668	0.003
3619.685	51.316	-3.673	0.012
3619.885	53.302	-3.641	-0.005
3620.085	55.412	-3.635	-0.036
3620.285	57.444	-3.614	-0.026
3620.485	59.444	-3.616	-0.063
3620.685	61.445	-3.585	-0.060
3620.885	63.466	-3.560	-0.082
3621.085	65.596	-3.547	-0.080
3621.285	67.660	-3.543	-0.117
3621.485	69.667	-3.516	-0.103
3621.685	71.614	-3.512	-0.120
3621.885	73.669	-3.474	-0.102
3622.085	75.688	-3.487	-0.163
3622.285	77.700	-3.448	-0.143
3622.485	79.820	-3.464	-0.168
3622.685	81.827	-3.433	-0.166
3622.885	83.804	-3.451	-0.159
3623.085	85.916	-3.419	-0.111
3623.285	87.924	-3.417	-0.116
3623.485	89.872	-3.400	-0.132
3623.685	91.971	-3.395	-0.118
3623.885	93.965	-3.381	-0.128
3623.985	95.116	-3.393	-0.121
3624.185	97.030	-3.369	-0.133
3624.385	99.133	-3.368	-0.135
3624.585	101.121	-3.339	-0.124
3624.785	103.104	-3.345	-0.150
3624.885	104.252	-3.334	-0.127
3625.085	106.175	-3.323	-0.152
3625.285	108.318	-3.324	-0.147
3625.485	110.250	-3.317	-0.176
3625.685	112.395	-3.313	-0.154
3625.885	114.310	-3.314	-0.174
3626.085	116.374	-3.294	-0.166
3626.285	118.406	-3.290	-0.189
3626.485	120.554	-3.279	-0.185
3626.685	122.548	-3.287	-0.186
3626.885	124.564	-3.268	-0.202
3627.085	126.630	-3.271	-0.219
3627.285	128.552	-3.282	-0.213
3627.485	130.565	-3.273	-0.225
3627.685	132.759	-3.281	-0.219
3627.885	134.668	-3.268	-0.236
3628.085	136.800	-3.257	-0.212
3628.285	138.848	-3.261	-0.236
3628.485	140.755	-3.249	-0.209
3628.685	142.898	-3.258	-0.243
3628.885	144.888	-3.236	-0.218
3629.085	146.974	-3.240	-0.238
3629.285	148.909	-3.215	-0.230
3629.485	150.995	-3.224	-0.233
3629.685	152.986	-3.215	-0.223
3629.885	155.154	-3.214	-0.237
3630.085	157.139	-3.178	-0.214
3630.285	159.122	-3.192	-0.226
3630.485	161.255	-3.167	-0.214
3630.685	163.257	-3.181	-0.233
3630.885	165.251	-3.154	-0.227
3631.085	167.316	-3.170	-0.246
3631.285	169.412	-3.142	-0.228
3631.485	171.421	-3.161	-0.244
3631.685	173.343	-3.125	-0.219
3631.885	175.369	-3.123	-0.241
3632.084	177.346	-3.099	-0.234
3632.285	179.439	-3.087	-0.240
3632.485	181.438	-3.087	-0.245
3632.585	182.605	-3.125	-0.282
3632.785	184.495	-3.065	-0.225
3632.985	186.606	-3.064	-0.249
3633.185	188.646	-3.059	-0.248
3633.385	190.693	-3.063	-0.276
3633.585	192.658	-3.055	-0.268
3633.785	194.744	-3.052	-0.267
3633.985	196.687	-3.049	-0.285
3634.085	197.770	-3.013	-0.252
3634.285	199.768	-3.042	-0.277
3634.487	201.898	-3.024	-0.267
3634.685	203.926	-3.047	-0.290
3634.885	205.852	-3.013	-0.271
3634.985	206.939	-3.002	-0.272
3635.185	208.903	-3.012	-0.275
3635.385	211.011	-3.015	-0.290
3635.585	212.995	-3.002	-0.277
3635.785	214.997	-2.996	-0.267
3635.885	216.147	-2.996	-0.252
3636.085	218.073	-2.968	-0.275
3636.285	220.202	-2.986	-0.268
3636.485	222.328	-2.949	-0.279
3636.685	224.158	-2.973	-0.274
3636.785	225.267	-2.951	-0.262
3636.985	227.361	-2.940	-0.280
3637.185	229.327	-2.937	-0.254
3637.385	231.279	-2.946	-0.289
3637.585	233.386	-2.934	-0.269
3637.785	235.373	-2.915	-0.281
3637.985	237.546	-2.895	-0.250
3638.185	239.428	-2.901	-0.274
3638.385	241.536	-2.885	-0.254
3638.585	243.520	-2.870	-0.271
3638.685	244.604	-2.880	-0.264
3638.885	246.543	-2.860	-0.268
3639.085	248.618	-2.863	-0.275
3639.285	250.721	-2.841	-0.272
3639.485	252.667	-2.843	-0.276
3639.685	254.800	-2.838	-0.291
3639.885	256.753	-2.828	-0.300
3640.085	258.768	-2.827	-0.288
3640.285	260.840	-2.838	-0.292
3640.485	262.853	-2.797	-0.281
3640.685	264.901	-2.814	-0.300
3640.885	266.983	-2.779	-0.290
3641.085	268.999	-2.819	-0.300
3641.285	271.014	-2.778	-0.296
3641.485	272.999	-2.801	-0.301
3641.685	275.134	-2.784	-0.320
3641.885	277.119	-2.794	-0.310
3642.085	279.093	-2.766	-0.316
3642.285	281.174	-2.769	-0.307
3642.485	283.172	-2.766	-0.325
3642.585	284.324	-2.772	-0.319
3642.785	286.204	-2.755	-0.303
3642.985	288.349	-2.757	-0.319
3643.185	290.332	-2.758	-0.293
3643.385	292.395	-2.750	-0.321
3643.585	294.512	-2.726	-0.301
3643.785	296.467	-2.742	-0.320
3643.985	298.454	-2.727	-0.286
3644.185	300.627	-2.732	-0.312
3644.385	302.596	-2.707	-0.285
3644.585	304.674	-2.725	-0.322
3644.785	306.680	-2.698	-0.281
3644.985	308.684	-2.716	-0.308
3645.185	310.710	-2.675	-0.267
3645.385	312.703	-2.701	-0.301
3645.585	314.718	-2.672	-0.289
3645.785	316.721	-2.697	-0.307
3645.885	317.833	-2.671	-0.297
3646.085	319.816	-2.668	-0.286
3646.285	321.942	-2.673	-0.288
3646.485	323.953	-2.635	-0.285
3646.685	325.918	-2.649	-0.279
3646.886	328.029	-2.642	-0.305
3647.085	330.048	-2.642	-0.297
3647.285	332.009	-2.625	-0.307
3647.485	334.102	-2.628	-0.304
3647.685	336.106	-2.610	-0.314
3647.885	338.085	-2.612	-0.299
3648.085	340.160	-2.607	-0.311
3648.285	342.173	-2.612	-0.319
3648.485	344.371	-2.586	-0.301
3648.685	346.337	-2.597	-0.310
3648.885	348.277	-2.583	-0.325
3649.085	350.334	-2.593	-0.329
3649.285	352.322	-2.588	-0.342
3649.385	353.488	-2.578	-0.314
3649.585	355.452	-2.566	-0.309
3649.785	357.441	-2.595	-0.353
3649.985	359.467	-2.576	-0.317
3650.185	361.541	-2.582	-0.337
3650.385	363.637	-2.545	-0.318
3650.585	365.607	-2.567	-0.334
3650.785	367.644	-2.526	-0.313
3650.985	369.650	-2.562	-0.327
3651.185	371.793	-2.523	-0.334
3651.385	373.853	-2.541	-0.321
3651.585	375.835	-2.526	-0.326
3651.785	377.756	-2.553	-0.319
3651.985	379.799	-2.518	-0.315
3652.185	381.825	-2.520	-0.311
3652.385	383.855	-2.505	-0.304
3652.585	385.906	-2.512	-0.320
3652.785	388.029	-2.487	-0.317
3652.985	389.888	-2.480	-0.311
3653.185	391.126	-2.460	-0.327
3653.385	391.507	-2.453	-0.311
3915.085	6.070	-4.868	0.567
3915.285	6.313	-4.862	0.580
3915.485	7.279	-4.856	0.561
3915.685	9.127	-4.864	0.581
3915.885	11.083	-4.865	0.557
3916.085	13.085	-4.859	0.591
3916.285	15.160	-4.861	0.561
3916.485	17.270	-4.862	0.577
3916.685	19.223	-4.862	0.582
3916.885	21.307	-4.841	0.575
3917.085	23.342	-4.870	0.574
3917.285	25.348	-4.826	0.587
3917.485	27.324	-4.848	0.583
3917.685	29.411	-4.852	0.580
3917.885	31.409	-4.850	0.566
3918.085	33.515	-4.843	0.584
3918.285	35.520	-4.844	0.526
3918.485	37.503	-3.699	0.201
3918.685	39.582	-3.708	0.081
3918.885	41.571	-3.691	0.068
3918.985	42.719	-3.734	-0.003
3919.185	44.616	-3.706	0.033
3919.385	46.736	-3.688	0.027
3919.585	48.761	-3.677	0.015
3919.785	50.771	-3.669	-0.018
3919.985	52.763	-3.657	-0.005
3920.085	53.880	-3.656	-0.014
3920.285	55.884	-3.638	-0.043
3920.485	57.867	-3.625	-0.031
3920.685	60.004	-3.614	-0.056
3920.885	61.938	-3.578	-0.042
3921.085	63.963	-3.583	-0.084
3921.285	66.080	-3.551	-0.078
3921.485	68.039	-3.544	-0.085
3921.685	70.030	-3.518	-0.086
3921.785	71.138	-3.516	-0.107
3921.985	73.124	-3.501	-0.104
3922.185	75.119	-3.487	-0.129
3922.385	77.287	-3.453	-0.109
3922.585	79.213	-3.466	-0.143
3922.785	81.211	-3.421	-0.126
3922.985	83.257	-3.443	-0.144
3923.185	85.332	-3.411	-0.096
3923.385	87.326	-3.396	-0.101
3923.585	89.355	-3.381	-0.107
3923.785	91.398	-3.382	-0.117
3923.985	93.532	-3.373	-0.131
3924.185	95.626	-3.376	-0.140
3924.385	97.610	-3.349	-0.119
3924.585	99.585	-3.366	-0.151
3924.785	101.663	-3.351	-0.136
3924.985	103.689	-3.358	-0.160
3925.185	105.669	-3.330	-0.137
3925.385	107.675	-3.346	-0.164
3925.585	109.823	-3.330	-0.154
3925.785	111.838	-3.358	-0.163
3925.985	113.765	-3.324	-0.174
3926.085	114.925	-3.307	-0.148
3926.286	116.899	-3.323	-0.162
3926.485	118.839	-3.316	-0.186
3926.685	121.060	-3.303	-0.171
3926.886	123.001	-3.308	-0.181
3927.085	124.996	-3.272	-0.157
3927.285	127.096	-3.305	-0.191
3927.485	129.156	-3.263	-0.175
3927.685	131.158	-3.265	-0.191
3927.885	133.206	-3.255	-0.191
3928.085	135.248	-3.253	-0.208
3928.285	137.312	-3.231	-0.189
3928.485	139.203	-3.238	-0.199
3928.685	141.347	-3.216	-0.206
3928.885	143.381	-3.234	-0.229
3929.085	145.426	-3.200	-0.206
3929.285	147.411	-3.200	-0.221
3929.485	149.433	-3.192	-0.229
3929.685	151.477	-3.208	-0.234
3929.885	153.508	-3.195	-0.250
3930.085	155.542	-3.181	-0.219
3930.285	157.533	-3.184	-0.238
3930.485	159.707	-3.191	-0.239
3930.685	161.688	-3.172	-0.239
3930.885	163.692	-3.183	-0.249
3931.085	165.644	-3.158	-0.243
3931.285	167.826	-3.177	-0.255
3931.485	169.793	-3.161	-0.252
3931.685	171.853	-3.163	-0.262
3931.885	173.843	-3.139	-0.236
3932.085	175.958	-3.137	-0.244
3932.285	177.879	-3.123	-0.238
3932.485	179.887	-3.120	-0.252
3932.685	182.128	-3.111	-0.248
3932.885	184.000	-3.107	-0.239
3933.085	186.025	-3.096	-0.250
3933.285	188.064	-3.088	-0.236
3933.485	190.080	-3.068	-0.246
3933.685	192.080	-3.078	-0.248
3933.885	194.106	-3.047	-0.252
3934.085	196.311	-3.038	-0.229
3934.285	198.290	-3.021	-0.241
3934.485	200.374	-3.027	-0.241
3934.685	202.413	-3.019	-0.266
3934.885	204.422	-3.006	-0.261
3935.085	206.406	-3.018	-0.264
3935.285	208.411	-2.994	-0.272
3935.487	210.438	-2.989	-0.282
3935.687	212.474	-2.994	-0.274
3935.886	214.564	-2.974	-0.273
3936.085	216.520	-2.984	-0.272
3936.285	218.657	-2.963	-0.275
3936.485	220.680	-2.977	-0.289
3936.685	222.610	-2.957	-0.289
3936.885	224.766	-2.952	-0.273
3937.085	226.771	-2.964	-0.304
3937.286	228.764	-2.942	-0.269
3937.486	230.808	-2.948	-0.286
3937.686	232.879	-2.925	-0.272
3937.886	234.924	-2.934	-0.279
3938.085	236.942	-2.909	-0.267
3938.286	238.980	-2.913	-0.267
3938.485	241.003	-2.903	-0.277
3938.685	242.991	-2.910	-0.282
3938.885	245.035	-2.885	-0.261
3939.085	247.069	-2.892	-0.278
3939.285	249.047	-2.859	-0.264
3939.485	251.132	-2.863	-0.286
3939.685	253.217	-2.838	-0.255
3939.886	255.182	-2.853	-0.287
3940.085	257.197	-2.823	-0.277
3940.286	259.318	-2.838	-0.287
3940.485	261.343	-2.812	-0.282
3940.685	263.393	-2.810	-0.291
3940.885	265.350	-2.806	-0.291
3941.085	267.377	-2.787	-0.289
3941.286	269.482	-2.778	-0.278
3941.485	271.583	-2.801	-0.321
3941.685	273.607	-2.768	-0.292
3941.885	275.543	-2.790	-0.331
3942.085	277.592	-2.765	-0.298
3942.285	279.582	-2.799	-0.317
3942.485	281.790	-2.760	-0.301
3942.685	283.730	-2.774	-0.300
3942.885	285.740	-2.755	-0.304
3943.085	287.712	-2.767	-0.296
3943.285	289.841	-2.746	-0.305
3943.485	291.829	-2.755	-0.299
3943.685	293.971	-2.740	-0.304
3943.885	295.857	-2.739	-0.299
3944.085	297.987	-2.735	-0.282
3944.285	299.955	-2.733	-0.300
3944.385	301.064	-2.694	-0.270
3944.585	302.996	-2.740	-0.312
3944.785	305.069	-2.697	-0.285
3944.985	307.052	-2.711	-0.283
3945.085	308.186	-2.685	-0.281
3945.285	310.164	-2.680	-0.282
3945.485	312.166	-2.688	-0.293
3945.685	314.261	-2.673	-0.292
3945.885	316.242	-2.686	-0.311
3946.085	318.394	-2.661	-0.293
3946.285	320.306	-2.675	-0.300
3946.485	322.298	-2.646	-0.300
3946.585	323.448	-2.664	-0.320
3946.785	325.361	-2.640	-0.289
3946.985	327.501	-2.659	-0.317
3947.186	329.551	-2.643	-0.312
3947.385	331.586	-2.637	-0.329
3947.585	333.531	-2.638	-0.305
3947.786	335.636	-2.643	-0.333
3947.985	337.635	-2.625	-0.310
3948.185	339.777	-2.647	-0.338
3948.385	341.668	-2.618	-0.315
3948.585	343.783	-2.648	-0.346
3948.786	345.805	-2.605	-0.299
3948.985	347.812	-2.615	-0.306
3949.185	349.843	-2.604	-0.332
3949.386	351.831	-2.614	-0.319
3949.585	353.943	-2.587	-0.316
3949.786	355.959	-2.591	-0.307
3949.986	357.915	-2.582	-0.301
3950.186	359.998	-2.596	-0.317
3950.385	362.011	-2.556	-0.293
3950.585	363.993	-2.559	-0.301
3950.685	365.073	-2.530	-0.278
3950.885	367.100	-2.555	-0.310
3951.085	369.174	-2.522	-0.302
3951.285	371.231	-2.534	-0.305
3951.485	373.246	-2.529	-0.302
3951.685	375.368	-2.497	-0.295
3951.885	377.316	-2.497	-0.290
3952.085	379.345	-2.502	-0.322
3952.285	381.411	-2.487	-0.313
3952.485	383.336	-2.494	-0.329
3952.685	385.472	-2.482	-0.318
3952.885	387.494	-2.490	-0.350
3953.085	389.497	-2.466	-0.324
3953.285	390.866	-2.460	-0.326
3953.485	391.477	-2.455	-0.329
3953.685	391.506	-2.443	-0.317
