TimeSec	Probe1mm	ConductivityP1V	TemperatureP1V
10.927	0.001	-5.018	0.228
11.128	0.149	-5.013	0.228
11.228	0.500	-4.999	0.233
11.328	1.052	-5.001	0.223
11.428	1.798	-5.018	0.213
11.528	2.746	-5.007	0.232
11.628	3.764	-5.001	0.238
11.728	4.781	-5.005	0.224
11.828	5.798	-5.013	0.217
11.928	6.816	-5.017	0.229
12.028	7.835	-5.006	0.231
12.128	8.851	-4.999	0.223
12.228	9.868	-5.017	0.222
12.328	10.882	-5.014	0.235
12.428	11.900	-5.003	0.240
12.527	12.914	-5.004	0.230
12.628	13.937	-5.022	0.217
12.728	14.951	-5.019	0.235
12.828	15.970	-5.004	0.244
12.928	16.987	-4.999	0.237
13.028	18.006	-5.016	0.230
13.128	19.022	-5.016	0.233
13.228	20.040	-5.006	0.245
13.328	21.055	-5.006	0.233
13.428	22.072	-5.013	0.221
13.528	23.092	-5.022	0.225
13.628	24.113	-4.999	0.244
13.728	25.128	-5.003	0.229
13.828	26.146	-5.015	0.223
13.928	27.162	-5.020	0.229
14.027	28.177	-5.007	0.243
14.128	29.197	-5.003	0.229
14.228	30.215	-5.022	0.214
14.328	31.231	-5.010	0.231
14.428	32.248	-4.998	0.241
14.528	33.266	-4.991	0.243
14.627	34.281	-5.017	0.210
14.728	35.299	-5.016	0.216
14.828	36.318	-5.006	0.209
14.928	37.335	-5.004	0.185
15.028	38.353	-4.857	0.149
15.128	39.371	-4.162	0.173
15.228	40.385	-4.022	0.225
15.328	41.403	-3.942	0.205
15.428	42.418	-3.920	0.172
15.528	43.437	-3.877	0.174
15.628	44.454	-3.830	0.172
15.728	45.471	-3.812	0.175
15.828	46.488	-3.854	0.144
15.928	47.505	-3.815	0.152
16.027	48.519	-3.835	0.155
16.128	49.540	-3.827	0.162
16.228	50.558	-3.867	0.128
16.327	51.573	-3.873	0.126
16.428	52.591	-3.868	0.124
16.528	53.607	-3.853	0.124
16.628	54.625	-3.846	0.111
16.727	55.641	-3.874	0.092
16.828	56.662	-3.849	0.107
16.928	57.678	-3.854	0.097
17.028	58.695	-3.851	0.069
17.128	59.714	-3.868	0.050
17.227	60.729	-3.873	0.052
17.328	61.747	-3.865	0.045
17.428	62.763	-3.867	0.028
17.528	63.782	-3.874	0.019
17.628	64.799	-3.855	0.016
17.728	65.816	-3.837	0.018
17.828	66.836	-3.826	-0.008
17.928	67.852	-3.834	-0.018
18.028	68.871	-3.810	-0.014
18.128	69.888	-3.808	-0.017
18.228	70.904	-3.781	-0.015
18.328	71.919	-3.787	-0.039
18.428	72.938	-3.765	-0.034
18.528	73.955	-3.754	-0.040
18.628	74.973	-3.747	-0.053
18.728	75.990	-3.757	-0.083
18.827	77.003	-3.744	-0.073
18.928	78.023	-3.719	-0.065
19.028	79.040	-3.713	-0.073
19.128	80.059	-3.712	-0.083
19.228	81.076	-3.722	-0.089
19.328	82.091	-3.702	-0.083
19.428	83.111	-3.696	-0.097
19.528	84.129	-3.700	-0.104
19.628	85.146	-3.683	-0.104
19.728	86.163	-3.672	-0.092
19.828	87.178	-3.657	-0.085
19.928	88.195	-3.655	-0.106
20.028	89.212	-3.662	-0.109
20.128	90.232	-3.639	-0.101
20.228	91.247	-3.634	-0.107
20.328	92.265	-3.632	-0.123
20.428	93.282	-3.635	-0.125
20.528	94.297	-3.612	-0.105
20.628	95.317	-3.600	-0.107
20.728	96.335	-3.597	-0.126
20.828	97.352	-3.607	-0.131
20.927	98.368	-3.594	-0.122
21.028	99.388	-3.587	-0.131
21.128	100.404	-3.571	-0.140
21.228	101.422	-3.580	-0.143
21.328	102.437	-3.556	-0.122
21.428	103.458	-3.539	-0.130
21.528	104.473	-3.542	-0.150
21.628	105.489	-3.542	-0.148
21.728	106.506	-3.536	-0.145
21.828	107.524	-3.511	-0.138
21.928	108.543	-3.519	-0.159
22.027	109.558	-3.518	-0.163
22.128	110.578	-3.508	-0.140
22.228	111.591	-3.487	-0.139
22.328	112.609	-3.486	-0.151
22.428	113.626	-3.505	-0.166
22.528	114.645	-3.493	-0.159
22.628	115.661	-3.465	-0.153
22.728	116.678	-3.457	-0.158
22.828	117.695	-3.462	-0.176
22.928	118.713	-3.455	-0.154
23.027	119.727	-3.427	-0.147
23.128	120.747	-3.427	-0.162
23.228	121.762	-3.431	-0.173
23.328	122.779	-3.432	-0.172
23.428	123.798	-3.404	-0.148
23.528	124.816	-3.401	-0.173
23.628	125.834	-3.409	-0.168
23.728	126.848	-3.399	-0.166
23.828	127.869	-3.378	-0.156
23.928	128.886	-3.372	-0.162
24.028	129.904	-3.392	-0.192
24.128	130.921	-3.382	-0.179
24.228	131.939	-3.359	-0.169
24.328	132.952	-3.335	-0.158
24.428	133.972	-3.351	-0.190
24.528	134.990	-3.343	-0.182
24.628	136.007	-3.323	-0.165
24.728	137.022	-3.316	-0.169
24.828	138.043	-3.328	-0.181
24.928	139.062	-3.330	-0.191
25.028	140.075	-3.300	-0.165
25.127	141.094	-3.290	-0.164
25.228	142.115	-3.292	-0.179
25.328	143.128	-3.293	-0.184
25.428	144.144	-3.276	-0.176
25.528	145.164	-3.259	-0.168
25.628	146.181	-3.278	-0.195
25.728	147.195	-3.268	-0.196
25.828	148.212	-3.249	-0.179
25.928	149.232	-3.224	-0.161
26.028	150.249	-3.234	-0.177
26.128	151.265	-3.242	-0.200
26.228	152.283	-3.221	-0.180
26.328	153.300	-3.211	-0.173
26.428	154.315	-3.203	-0.193
26.527	155.331	-3.222	-0.202
26.628	156.351	-3.202	-0.189
26.728	157.368	-3.177	-0.177
26.828	158.385	-3.175	-0.170
26.928	159.403	-3.185	-0.194
27.028	160.420	-3.176	-0.185
27.128	161.437	-3.158	-0.179
27.227	162.447	-3.149	-0.191
27.328	163.472	-3.154	-0.191
27.428	164.485	-3.144	-0.194
27.528	165.503	-3.123	-0.173
27.628	166.524	-3.109	-0.183
27.728	167.542	-3.125	-0.204
27.828	168.558	-3.120	-0.188
27.928	169.576	-3.109	-0.187
28.027	170.591	-3.086	-0.176
28.128	171.613	-3.100	-0.206
28.228	172.627	-3.099	-0.196
28.328	173.646	-3.078	-0.182
28.428	174.662	-3.052	-0.165
28.528	175.679	-3.057	-0.201
28.628	176.696	-3.066	-0.200
28.728	177.714	-3.057	-0.190
28.828	178.730	-3.027	-0.183
28.927	179.748	-3.026	-0.194
29.028	180.766	-3.036	-0.200
29.128	181.786	-3.017	-0.186
29.228	182.798	-3.001	-0.180
29.327	183.813	-3.007	-0.197
29.428	184.833	-3.009	-0.204
29.528	185.850	-3.001	-0.189
29.628	186.866	-2.979	-0.192
29.728	187.887	-2.975	-0.197
29.828	188.901	-2.981	-0.203
29.928	189.920	-2.967	-0.193
30.028	190.935	-2.941	-0.183
30.128	191.951	-2.930	-0.197
30.228	192.967	-2.960	-0.207
30.328	193.985	-2.944	-0.206
30.427	195.003	-2.916	-0.192
30.528	196.020	-2.905	-0.196
30.628	197.037	-2.923	-0.203
30.728	198.056	-2.914	-0.203
30.828	199.073	-2.898	-0.189
30.928	200.091	-2.881	-0.188
31.028	201.109	-2.900	-0.206
31.128	202.127	-2.899	-0.204
31.228	203.142	-2.876	-0.197
31.328	204.158	-2.853	-0.186
31.427	205.177	-2.855	-0.204
31.528	206.196	-2.854	-0.202
31.628	207.211	-2.842	-0.191
31.728	208.228	-2.819	-0.195
31.828	209.247	-2.836	-0.208
31.928	210.266	-2.835	-0.213
32.028	211.285	-2.812	-0.202
32.128	212.301	-2.803	-0.182
32.228	213.316	-2.795	-0.209
32.328	214.332	-2.809	-0.209
32.428	215.351	-2.791	-0.199
32.528	216.368	-2.776	-0.191
32.628	217.384	-2.778	-0.207
32.728	218.403	-2.788	-0.215
32.828	219.419	-2.770	-0.202
32.928	220.437	-2.745	-0.189
33.028	221.454	-2.729	-0.190
33.128	222.471	-2.749	-0.221
33.228	223.486	-2.736	-0.198
33.328	224.505	-2.720	-0.199
33.428	225.521	-2.715	-0.203
33.527	226.534	-2.724	-0.212
33.628	227.554	-2.716	-0.210
33.728	228.572	-2.699	-0.199
33.828	229.591	-2.683	-0.197
33.928	230.608	-2.698	-0.216
34.027	231.624	-2.698	-0.207
34.128	232.643	-2.677	-0.197
34.228	233.657	-2.663	-0.198
34.328	234.673	-2.658	-0.218
34.428	235.692	-2.664	-0.208
34.528	236.710	-2.655	-0.195
34.628	237.727	-2.614	-0.183
34.728	238.746	-2.632	-0.208
34.828	239.762	-2.636	-0.215
34.928	240.782	-2.621	-0.210
35.028	241.801	-2.611	-0.201
35.128	242.817	-2.608	-0.214
35.228	243.832	-2.621	-0.214
35.328	244.849	-2.598	-0.191
35.428	245.866	-2.580	-0.202
35.528	246.886	-2.578	-0.198
35.627	247.900	-2.594	-0.220
35.728	248.920	-2.572	-0.210
35.828	249.938	-2.554	-0.209
35.928	250.954	-2.552	-0.208
36.028	251.973	-2.557	-0.210
36.128	252.990	-2.550	-0.213
36.228	254.005	-2.515	-0.189
36.328	255.023	-2.514	-0.201
36.427	256.039	-2.529	-0.213
36.528	257.056	-2.536	-0.216
36.628	258.073	-2.520	-0.204
36.728	259.091	-2.499	-0.198
36.828	260.109	-2.510	-0.219
36.928	261.125	-2.491	-0.201
37.027	262.140	-2.477	-0.203
37.128	263.158	-2.456	-0.191
37.228	264.173	-2.471	-0.228
37.328	265.192	-2.476	-0.217
37.428	266.209	-2.460	-0.209
37.528	267.226	-2.441	-0.205
37.628	268.245	-2.439	-0.206
37.727	269.258	-2.455	-0.219
37.828	270.280	-2.430	-0.194
37.928	271.298	-2.422	-0.204
38.028	272.316	-2.416	-0.219
38.128	273.332	-2.430	-0.223
38.228	274.348	-2.408	-0.205
38.328	275.367	-2.393	-0.202
38.428	276.384	-2.390	-0.210
38.528	277.402	-2.390	-0.225
38.628	278.419	-2.376	-0.205
38.728	279.436	-2.360	-0.194
38.827	280.451	-2.359	-0.210
38.928	281.472	-2.372	-0.229
39.028	282.490	-2.367	-0.212
39.128	283.508	-2.351	-0.210
39.228	284.524	-2.334	-0.208
39.328	285.541	-2.341	-0.218
39.428	286.559	-2.333	-0.207
39.528	287.574	-2.323	-0.207
39.628	288.592	-2.307	-0.208
39.728	289.610	-2.320	-0.230
39.827	290.625	-2.319	-0.218
39.928	291.645	-2.292	-0.198
40.027	292.659	-2.267	-0.203
40.128	293.679	-2.281	-0.221
40.228	294.693	-2.294	-0.216
40.327	295.712	-2.265	-0.209
40.428	296.730	-2.250	-0.209
40.528	297.747	-2.263	-0.227
40.628	298.765	-2.272	-0.217
40.728	299.782	-2.257	-0.210
40.828	300.798	-2.234	-0.204
40.928	301.817	-2.233	-0.219
41.028	302.834	-2.249	-0.221
41.128	303.852	-2.237	-0.214
41.228	304.869	-2.214	-0.208
41.328	305.888	-2.215	-0.216
41.428	306.906	-2.228	-0.226
41.528	307.922	-2.220	-0.214
41.628	308.940	-2.196	-0.203
41.728	309.957	-2.177	-0.215
41.828	310.974	-2.210	-0.219
41.927	311.989	-2.196	-0.209
42.028	313.009	-2.183	-0.212
42.128	314.027	-2.175	-0.217
42.228	315.041	-2.181	-0.232
42.328	316.060	-2.187	-0.221
42.427	317.077	-2.160	-0.202
42.528	318.094	-2.158	-0.212
42.628	319.109	-2.165	-0.222
42.728	320.130	-2.169	-0.229
42.828	321.146	-2.150	-0.215
42.928	322.165	-2.128	-0.209
43.028	323.179	-2.155	-0.231
43.128	324.199	-2.154	-0.217
43.228	325.212	-2.131	-0.209
43.328	326.232	-2.112	-0.204
43.428	327.250	-2.126	-0.222
43.528	328.267	-2.138	-0.226
43.628	329.281	-2.130	-0.215
43.728	330.302	-2.113	-0.215
43.828	331.320	-2.113	-0.222
43.928	332.336	-2.128	-0.235
44.027	333.348	-2.106	-0.207
44.128	334.370	-2.095	-0.210
44.228	335.382	-2.095	-0.224
44.328	336.400	-2.106	-0.238
44.428	337.420	-2.098	-0.220
44.528	338.437	-2.085	-0.212
44.628	339.452	-2.062	-0.225
44.728	340.470	-2.080	-0.225
44.828	341.492	-2.076	-0.213
44.928	342.509	-2.056	-0.202
45.028	343.524	-2.058	-0.215
45.128	344.542	-2.075	-0.229
45.228	345.558	-2.065	-0.226
45.328	346.574	-2.062	-0.211
45.428	347.591	-2.037	-0.212
45.528	348.610	-2.062	-0.232
45.628	349.626	-2.046	-0.215
45.728	350.642	-2.037	-0.211
45.828	351.661	-2.020	-0.209
45.928	352.681	-2.040	-0.240
46.027	353.694	-2.049	-0.235
46.128	354.714	-2.028	-0.213
46.228	355.733	-2.010	-0.213
46.327	356.748	-2.018	-0.224
46.428	357.766	-2.029	-0.231
46.528	358.785	-2.008	-0.209
46.627	359.798	-2.002	-0.210
46.728	360.817	-1.997	-0.219
46.828	361.834	-2.018	-0.240
46.928	362.854	-2.008	-0.220
47.028	363.869	-1.983	-0.209
47.128	364.886	-1.979	-0.213
47.228	365.903	-1.992	-0.230
47.328	366.919	-1.977	-0.215
47.428	367.937	-1.971	-0.217
47.528	368.954	-1.966	-0.224
47.628	369.974	-1.985	-0.239
47.728	370.988	-1.973	-0.227
47.828	372.007	-1.959	-0.216
47.928	373.024	-1.934	-0.213
48.028	374.044	-1.948	-0.226
48.128	375.056	-1.956	-0.225
48.228	376.075	-1.926	-0.214
48.328	377.091	-1.922	-0.219
48.428	378.108	-1.924	-0.234
48.528	379.127	-1.931	-0.227
48.628	380.142	-1.887	-0.215
48.728	381.160	-1.856	-0.203
48.828	382.178	-1.839	-0.228
48.928	383.197	-1.811	-0.234
49.028	384.214	-1.738	-0.212
49.128	385.233	-1.656	-0.210
49.228	386.247	-1.577	-0.229
49.328	387.266	-1.459	-0.248
49.428	388.283	-1.299	-0.215
49.528	389.288	-1.141	-0.200
49.628	390.135	-1.016	-0.229
49.728	390.777	-0.925	-0.231
49.828	391.217	-0.828	-0.199
49.928	391.456	-0.803	-0.230
50.028	391.508	-0.797	-0.233
310.527	0.001	-4.876	0.782
310.628	0.134	-4.875	0.779
310.728	0.473	-4.886	0.765
310.828	1.011	-4.881	0.784
310.928	1.747	-4.886	0.780
311.028	2.685	-4.864	0.806
311.128	3.703	-4.855	0.796
311.228	4.719	-4.892	0.782
311.328	5.735	-4.893	0.787
311.428	6.755	-4.872	0.797
311.528	7.772	-4.867	0.791
311.628	8.789	-4.886	0.790
311.728	9.807	-4.893	0.785
311.827	10.818	-4.876	0.787
311.928	11.840	-4.872	0.780
312.028	12.858	-4.891	0.786
312.128	13.874	-4.903	0.784
312.228	14.890	-4.877	0.782
312.328	15.908	-4.869	0.775
312.428	16.926	-4.887	0.782
312.528	17.943	-4.882	0.789
312.628	18.962	-4.877	0.773
312.728	19.973	-4.878	0.765
312.828	20.994	-4.891	0.766
312.928	22.013	-4.878	0.788
313.028	23.030	-4.869	0.783
313.128	24.051	-4.866	0.781
313.228	25.067	-4.899	0.758
313.328	26.082	-4.881	0.783
313.428	27.100	-4.871	0.771
313.528	28.118	-4.874	0.769
313.628	29.133	-4.893	0.765
313.728	30.153	-4.888	0.761
313.828	31.171	-4.867	0.778
313.927	32.183	-4.863	0.770
314.028	33.206	-4.889	0.760
314.128	34.223	-4.899	0.747
314.228	35.238	-4.869	0.746
314.328	36.255	-4.863	0.728
314.428	37.274	-4.645	0.579
314.528	38.289	-4.238	0.260
314.628	39.308	-4.230	0.232
314.728	40.325	-4.209	0.211
314.828	41.340	-4.240	0.183
314.928	42.357	-4.233	0.169
315.028	43.377	-4.194	0.150
315.128	44.392	-4.159	0.141
315.228	45.408	-4.150	0.141
315.328	46.426	-4.125	0.130
315.428	47.443	-4.090	0.128
315.528	48.458	-4.080	0.099
315.628	49.477	-4.064	0.106
315.728	50.492	-4.051	0.090
315.828	51.513	-4.015	0.111
315.928	52.530	-3.999	0.077
316.028	53.546	-3.998	0.071
316.128	54.565	-3.984	0.073
316.228	55.579	-3.965	0.089
316.328	56.598	-3.944	0.051
316.428	57.616	-3.965	0.040
316.528	58.632	-3.935	0.040
316.628	59.648	-3.905	0.043
316.728	60.669	-3.886	0.039
316.828	61.681	-3.914	0.004
316.927	62.808	-3.893	0.008
317.128	64.828	-3.851	-0.012
317.328	66.892	-3.868	-0.040
317.528	68.911	-3.817	-0.048
317.728	70.941	-3.824	-0.059
317.928	72.976	-3.795	-0.067
318.127	74.969	-3.790	-0.103
318.328	76.996	-3.745	-0.096
318.528	79.031	-3.758	-0.120
318.728	81.024	-3.723	-0.136
318.927	83.107	-3.722	-0.175
319.127	85.215	-3.691	-0.130
319.328	87.157	-3.685	-0.103
319.528	89.203	-3.660	-0.126
319.727	91.302	-3.662	-0.148
319.928	93.359	-3.617	-0.118
320.127	95.343	-3.630	-0.152
320.328	97.303	-3.599	-0.139
320.528	99.359	-3.608	-0.158
320.728	101.501	-3.564	-0.136
320.927	103.505	-3.583	-0.168
321.127	105.466	-3.525	-0.145
321.327	107.474	-3.555	-0.158
321.527	109.540	-3.506	-0.179
321.727	111.593	-3.503	-0.149
321.928	113.582	-3.498	-0.183
322.128	115.640	-3.483	-0.167
322.328	117.669	-3.453	-0.177
322.528	119.665	-3.449	-0.180
322.728	121.871	-3.444	-0.192
322.928	123.911	-3.417	-0.185
323.127	125.888	-3.391	-0.180
323.328	127.834	-3.407	-0.194
323.528	129.963	-3.372	-0.168
323.728	132.009	-3.377	-0.197
323.927	134.010	-3.338	-0.195
324.127	135.967	-3.351	-0.196
324.327	138.086	-3.319	-0.195
324.528	140.107	-3.313	-0.201
324.728	142.090	-3.280	-0.197
324.928	144.216	-3.312	-0.201
325.127	146.228	-3.237	-0.184
325.327	148.300	-3.285	-0.221
325.528	150.239	-3.228	-0.218
325.728	152.266	-3.233	-0.198
325.928	154.459	-3.192	-0.198
326.127	156.381	-3.227	-0.225
326.327	158.381	-3.172	-0.202
326.528	160.352	-3.178	-0.194
326.728	162.455	-3.153	-0.226
326.927	164.418	-3.146	-0.205
327.128	166.611	-3.109	-0.200
327.327	168.610	-3.116	-0.191
327.528	170.573	-3.102	-0.208
327.728	172.659	-3.099	-0.218
327.927	174.650	-3.082	-0.213
328.128	176.817	-3.050	-0.206
328.328	178.701	-3.047	-0.213
328.528	180.803	-3.029	-0.223
328.728	182.830	-3.011	-0.194
328.928	184.903	-3.008	-0.217
329.127	186.914	-2.990	-0.222
329.328	189.051	-2.990	-0.231
329.528	190.905	-2.950	-0.203
329.728	193.038	-2.942	-0.204
329.927	194.940	-2.952	-0.230
330.127	196.986	-2.900	-0.210
330.327	199.117	-2.919	-0.209
330.528	201.218	-2.887	-0.219
330.728	203.212	-2.878	-0.213
330.928	205.147	-2.867	-0.225
331.128	207.221	-2.843	-0.204
331.328	209.183	-2.844	-0.225
331.527	211.382	-2.813	-0.196
331.728	213.370	-2.832	-0.247
331.927	215.320	-2.778	-0.202
332.128	217.387	-2.787	-0.226
332.328	219.500	-2.766	-0.214
332.528	221.471	-2.753	-0.231
332.727	223.507	-2.736	-0.202
332.928	225.511	-2.714	-0.229
333.127	227.512	-2.722	-0.223
333.227	228.638	-2.686	-0.201
333.427	230.628	-2.717	-0.253
333.628	232.790	-2.661	-0.209
333.828	234.621	-2.677	-0.228
333.928	235.748	-2.667	-0.222
334.127	237.845	-2.638	-0.236
334.328	239.858	-2.625	-0.207
334.528	241.820	-2.616	-0.227
334.727	243.901	-2.619	-0.237
334.928	245.888	-2.591	-0.219
335.127	248.013	-2.574	-0.227
335.328	249.952	-2.552	-0.219
335.529	251.938	-2.565	-0.239
335.729	254.158	-2.526	-0.228
335.929	256.122	-2.528	-0.231
336.128	258.084	-2.494	-0.220
336.329	260.169	-2.533	-0.258
336.528	262.152	-2.469	-0.222
336.728	264.133	-2.481	-0.224
336.927	266.241	-2.454	-0.236
337.127	268.319	-2.457	-0.235
337.327	270.322	-2.436	-0.239
337.527	272.253	-2.423	-0.248
337.728	274.408	-2.407	-0.225
337.928	276.459	-2.403	-0.254
338.127	278.497	-2.395	-0.232
338.327	280.503	-2.343	-0.234
338.528	282.540	-2.376	-0.233
338.728	284.605	-2.341	-0.260
338.927	286.595	-2.327	-0.207
339.127	288.552	-2.313	-0.253
339.227	289.636	-2.318	-0.233
339.428	291.773	-2.308	-0.243
339.628	293.661	-2.274	-0.233
339.828	295.794	-2.278	-0.244
340.028	297.824	-2.272	-0.247
340.228	299.720	-2.242	-0.238
340.327	300.849	-2.230	-0.237
340.528	302.833	-2.253	-0.242
340.727	304.884	-2.206	-0.244
340.928	306.905	-2.229	-0.262
341.127	308.904	-2.206	-0.229
341.227	310.032	-2.158	-0.210
341.428	312.026	-2.225	-0.282
341.628	314.166	-2.149	-0.231
341.828	316.029	-2.187	-0.245
342.028	318.031	-2.147	-0.226
342.228	320.070	-2.166	-0.265
342.428	322.119	-2.143	-0.223
342.628	324.278	-2.154	-0.275
342.828	326.174	-2.109	-0.206
343.028	328.407	-2.136	-0.271
343.228	330.405	-2.120	-0.230
343.428	332.382	-2.113	-0.259
343.628	334.414	-2.083	-0.212
343.828	336.446	-2.102	-0.272
344.027	338.497	-2.086	-0.226
344.227	340.477	-2.074	-0.252
344.428	342.509	-2.063	-0.228
344.628	344.593	-2.070	-0.262
344.828	346.612	-2.061	-0.240
345.027	348.555	-2.031	-0.230
345.127	349.682	-2.064	-0.269
345.328	351.680	-2.036	-0.230
345.528	353.820	-2.024	-0.249
345.728	355.676	-2.024	-0.247
345.928	357.845	-2.002	-0.241
346.128	359.952	-2.036	-0.268
346.328	361.781	-1.974	-0.227
346.427	362.901	-1.985	-0.262
346.628	364.990	-2.014	-0.265
346.828	366.990	-1.957	-0.227
347.027	369.079	-1.996	-0.278
347.227	371.034	-1.943	-0.227
347.428	373.001	-1.959	-0.257
347.628	375.006	-1.937	-0.223
347.828	377.047	-1.937	-0.273
347.928	378.157	-1.932	-0.236
348.128	380.249	-1.872	-0.228
348.328	382.237	-1.884	-0.285
348.528	384.214	-1.748	-0.225
348.728	386.312	-1.607	-0.262
348.927	388.372	-1.378	-0.237
349.128	390.161	-1.076	-0.262
349.327	391.239	-0.890	-0.229
349.528	391.508	-0.791	-0.265
610.628	0.001	-4.862	0.829
610.827	0.196	-4.880	0.820
610.928	0.621	-4.834	0.843
611.128	1.946	-4.870	0.818
611.328	4.024	-4.859	0.819
611.528	6.001	-4.890	0.788
611.628	7.125	-4.856	0.841
611.828	9.032	-4.875	0.834
612.028	11.049	-4.878	0.819
612.128	12.203	-4.838	0.855
612.327	14.220	-4.867	0.808
612.528	16.209	-4.872	0.812
612.728	18.175	-4.890	0.808
612.827	19.265	-4.863	0.833
613.028	21.362	-4.859	0.843
613.228	23.367	-4.882	0.804
613.428	25.336	-4.869	0.813
613.628	27.350	-4.909	0.806
613.829	29.363	-4.861	0.840
614.029	31.488	-4.865	0.835
614.228	33.585	-4.852	0.792
614.428	35.587	-4.879	0.781
614.627	37.490	-4.680	0.644
614.828	39.662	-4.246	0.266
615.028	41.682	-4.216	0.214
615.228	43.711	-4.215	0.155
615.428	45.742	-4.174	0.129
615.628	47.719	-4.170	0.108
615.828	49.765	-4.091	0.086
616.028	51.791	-4.054	0.083
616.228	53.771	-3.988	0.043
616.428	55.980	-3.989	0.035
616.628	57.959	-3.947	0.006
616.828	59.932	-3.925	0.002
617.028	61.908	-3.874	-0.028
617.228	64.026	-3.857	-0.038
617.427	66.093	-3.860	-0.077
617.628	68.100	-3.821	-0.065
617.828	70.063	-3.800	-0.077
618.028	72.147	-3.784	-0.113
618.228	74.154	-3.757	-0.116
618.428	76.326	-3.773	-0.143
618.628	78.261	-3.726	-0.124
618.828	80.259	-3.709	-0.146
619.028	82.320	-3.685	-0.146
619.228	84.379	-3.704	-0.187
619.428	86.396	-3.671	-0.103
619.628	88.407	-3.681	-0.123
619.828	90.418	-3.618	-0.101
620.028	92.553	-3.623	-0.125
620.228	94.635	-3.631	-0.145
620.427	96.617	-3.617	-0.124
620.628	98.565	-3.606	-0.120
620.827	100.650	-3.574	-0.129
621.030	102.608	-3.567	-0.130
621.228	104.818	-3.568	-0.151
621.429	106.793	-3.529	-0.115
621.629	108.725	-3.541	-0.141
621.830	110.801	-3.480	-0.128
622.030	112.904	-3.506	-0.163
622.228	114.908	-3.493	-0.154
622.428	116.952	-3.485	-0.140
622.628	118.957	-3.444	-0.149
622.827	120.955	-3.447	-0.169
622.928	122.054	-3.402	-0.154
623.129	124.053	-3.413	-0.165
623.329	125.994	-3.421	-0.170
623.529	128.039	-3.408	-0.169
623.729	130.211	-3.372	-0.150
623.929	132.299	-3.362	-0.188
624.129	134.284	-3.335	-0.174
624.328	136.236	-3.356	-0.195
624.528	138.317	-3.328	-0.191
624.728	140.271	-3.305	-0.177
624.927	142.260	-3.270	-0.178
625.128	144.427	-3.277	-0.196
625.328	146.395	-3.295	-0.210
625.528	148.479	-3.245	-0.179
625.728	150.451	-3.226	-0.178
625.928	152.597	-3.213	-0.225
626.128	154.483	-3.215	-0.208
626.328	156.627	-3.223	-0.221
626.528	158.648	-3.187	-0.179
626.728	160.572	-3.160	-0.205
626.928	162.699	-3.154	-0.207
627.128	164.836	-3.132	-0.219
627.328	166.687	-3.145	-0.221
627.528	168.832	-3.138	-0.210
627.728	170.950	-3.084	-0.174
627.928	172.952	-3.077	-0.211
628.128	174.904	-3.066	-0.227
628.328	177.005	-3.057	-0.233
628.528	178.976	-3.060	-0.215
628.728	180.931	-3.023	-0.203
628.928	183.026	-3.004	-0.208
629.128	185.112	-2.998	-0.228
629.328	187.177	-3.004	-0.220
629.528	189.177	-2.996	-0.233
629.728	191.138	-2.963	-0.196
629.928	193.213	-2.924	-0.211
630.128	195.191	-2.929	-0.220
630.228	196.336	-2.923	-0.252
630.428	198.246	-2.945	-0.237
630.628	200.385	-2.909	-0.198
630.827	202.329	-2.873	-0.198
630.927	203.440	-2.890	-0.237
631.128	205.428	-2.875	-0.242
631.329	207.573	-2.846	-0.230
631.528	209.409	-2.848	-0.231
631.728	211.557	-2.840	-0.208
631.929	213.651	-2.797	-0.211
632.128	215.654	-2.787	-0.219
632.328	217.640	-2.773	-0.241
632.528	219.742	-2.782	-0.228
632.728	221.693	-2.745	-0.222
632.928	223.676	-2.732	-0.210
633.128	225.697	-2.705	-0.228
633.328	227.817	-2.707	-0.236
633.528	229.902	-2.717	-0.247
633.728	231.877	-2.694	-0.206
633.928	233.830	-2.667	-0.217
634.128	235.936	-2.625	-0.218
634.328	237.951	-2.638	-0.255
634.528	239.939	-2.635	-0.245
634.728	242.065	-2.641	-0.236
634.927	244.044	-2.579	-0.205
635.128	246.113	-2.595	-0.235
635.328	248.188	-2.552	-0.239
635.528	250.203	-2.565	-0.247
635.728	252.238	-2.556	-0.240
635.928	254.277	-2.543	-0.212
636.128	256.287	-2.530	-0.228
636.328	258.330	-2.489	-0.214
636.528	260.354	-2.502	-0.246
636.728	262.309	-2.488	-0.239
636.928	264.389	-2.477	-0.219
637.128	266.483	-2.449	-0.224
637.328	268.500	-2.430	-0.228
637.528	270.515	-2.425	-0.250
637.728	272.484	-2.437	-0.244
637.928	274.703	-2.423	-0.225
638.128	276.688	-2.394	-0.229
638.328	278.670	-2.360	-0.221
638.528	280.758	-2.371	-0.265
638.728	282.763	-2.350	-0.225
638.927	284.693	-2.356	-0.234
639.128	286.720	-2.337	-0.227
639.328	288.756	-2.334	-0.236
639.428	289.932	-2.278	-0.215
639.628	291.827	-2.300	-0.251
639.828	293.950	-2.293	-0.253
640.028	295.962	-2.308	-0.235
640.228	297.999	-2.268	-0.224
640.428	299.985	-2.253	-0.229
640.628	301.999	-2.242	-0.251
640.828	304.215	-2.244	-0.251
641.028	306.196	-2.239	-0.239
641.228	308.212	-2.218	-0.232
641.428	310.197	-2.207	-0.248
641.628	312.183	-2.190	-0.241
641.828	314.188	-2.200	-0.256
641.928	315.304	-2.197	-0.257
642.128	317.381	-2.206	-0.238
642.328	319.366	-2.162	-0.230
642.528	321.348	-2.153	-0.223
642.728	323.450	-2.137	-0.257
642.928	325.529	-2.169	-0.265
643.128	327.551	-2.130	-0.247
643.328	329.483	-2.135	-0.233
643.528	331.508	-2.112	-0.234
643.728	333.725	-2.109	-0.250
643.928	335.611	-2.095	-0.260
644.128	337.592	-2.110	-0.252
644.228	338.742	-2.120	-0.254
644.428	340.642	-2.092	-0.246
644.628	342.779	-2.062	-0.232
644.828	344.744	-2.061	-0.263
645.028	346.822	-2.089	-0.265
645.228	348.781	-2.054	-0.247
645.428	350.877	-2.054	-0.229
645.628	352.883	-2.017	-0.241
645.828	355.029	-2.014	-0.256
646.028	356.912	-2.031	-0.289
646.228	359.056	-2.027	-0.242
646.428	361.101	-2.023	-0.253
646.628	363.025	-1.991	-0.222
646.828	365.180	-1.960	-0.245
647.027	367.183	-1.998	-0.269
647.228	369.179	-1.968	-0.257
647.428	371.213	-2.002	-0.258
647.628	373.279	-1.935	-0.237
647.828	375.319	-1.948	-0.242
648.028	377.324	-1.908	-0.267
648.228	379.377	-1.912	-0.255
648.428	381.424	-1.885	-0.277
648.628	383.430	-1.789	-0.229
648.828	385.477	-1.670	-0.264
649.027	387.550	-1.449	-0.256
649.228	389.492	-1.195	-0.261
649.428	390.912	-0.962	-0.247
649.628	391.483	-0.827	-0.242
649.828	391.508	-0.784	-0.232
910.728	0.001	-4.914	0.721
910.928	0.226	-4.893	0.738
911.128	1.263	-4.907	0.754
911.328	2.961	-4.901	0.764
911.428	4.094	-4.908	0.772
911.628	6.090	-4.900	0.805
911.828	8.050	-4.910	0.789
912.028	10.260	-4.874	0.829
912.228	12.243	-4.890	0.771
912.428	14.208	-4.861	0.787
912.628	16.313	-4.902	0.756
912.828	18.317	-4.879	0.789
913.028	20.242	-4.888	0.777
913.228	22.405	-4.886	0.787
913.428	24.429	-4.905	0.793
913.628	26.485	-4.909	0.778
913.828	28.511	-4.906	0.785
914.028	30.498	-4.896	0.784
914.228	32.518	-4.887	0.773
914.428	34.545	-4.878	0.770
914.628	36.528	-4.889	0.707
914.828	38.735	-4.372	0.393
915.028	40.746	-4.254	0.165
915.228	42.751	-4.228	0.172
915.428	44.756	-4.229	0.141
915.628	46.737	-4.184	0.138
915.828	48.721	-4.117	0.111
916.028	50.913	-4.062	0.117
916.228	52.870	-4.020	0.073
916.428	54.969	-3.982	0.076
916.628	56.973	-3.963	0.020
916.828	58.944	-3.925	0.029
917.028	61.084	-3.915	-0.015
917.228	63.063	-3.859	0.027
917.428	65.131	-3.870	-0.038
917.628	67.075	-3.824	-0.025
917.828	69.087	-3.822	-0.066
917.928	70.252	-3.789	-0.071
918.128	72.156	-3.786	-0.084
918.328	74.154	-3.751	-0.101
918.428	75.309	-3.712	-0.101
918.628	77.204	-3.745	-0.142
918.728	78.333	-3.685	-0.107
918.928	80.381	-3.704	-0.159
919.128	82.319	-3.701	-0.166
919.328	84.343	-3.703	-0.177
919.528	86.414	-3.666	-0.089
919.728	88.399	-3.651	-0.105
919.828	89.550	-3.638	-0.090
920.028	91.447	-3.603	-0.105
920.128	92.597	-3.608	-0.105
920.328	94.603	-3.597	-0.126
920.528	96.627	-3.579	-0.138
920.728	98.635	-3.589	-0.139
920.928	100.660	-3.581	-0.150
921.128	102.686	-3.559	-0.133
921.328	104.687	-3.536	-0.134
921.528	106.811	-3.509	-0.117
921.728	108.831	-3.520	-0.140
921.928	110.806	-3.470	-0.121
922.128	112.887	-3.490	-0.144
922.328	114.890	-3.448	-0.152
922.528	117.059	-3.461	-0.158
922.728	118.943	-3.426	-0.171
922.928	121.066	-3.427	-0.165
923.128	123.073	-3.426	-0.188
923.328	125.123	-3.413	-0.171
923.528	127.059	-3.403	-0.165
923.728	129.125	-3.395	-0.194
923.928	131.119	-3.372	-0.162
924.028	132.249	-3.341	-0.178
924.228	134.271	-3.327	-0.178
924.428	136.255	-3.327	-0.208
924.628	138.260	-3.310	-0.213
924.828	140.306	-3.291	-0.212
925.028	142.308	-3.301	-0.213
925.228	144.439	-3.302	-0.224
925.428	146.438	-3.269	-0.205
925.628	148.418	-3.262	-0.222
925.828	150.530	-3.242	-0.213
926.028	152.516	-3.249	-0.219
926.228	154.707	-3.208	-0.204
926.428	156.591	-3.194	-0.210
926.628	158.595	-3.175	-0.219
926.728	159.761	-3.139	-0.194
926.928	161.635	-3.174	-0.245
927.028	162.730	-3.112	-0.211
927.228	164.706	-3.156	-0.254
927.328	165.793	-3.153	-0.268
927.528	167.899	-3.113	-0.239
927.728	169.782	-3.120	-0.225
927.928	171.887	-3.112	-0.238
928.128	173.879	-3.098	-0.228
928.328	175.893	-3.066	-0.215
928.528	177.993	-3.047	-0.223
928.728	180.076	-3.017	-0.224
928.928	182.083	-3.012	-0.239
929.128	184.205	-2.981	-0.231
929.328	186.147	-3.008	-0.256
929.528	188.134	-2.971	-0.242
929.728	190.168	-2.991	-0.272
929.928	192.179	-2.943	-0.245
930.128	194.296	-2.966	-0.254
930.328	196.379	-2.930	-0.250
930.528	198.352	-2.921	-0.217
930.728	200.310	-2.907	-0.238
930.928	202.383	-2.872	-0.232
931.128	204.397	-2.867	-0.253
931.328	206.555	-2.835	-0.232
931.528	208.518	-2.838	-0.245
931.728	210.470	-2.836	-0.277
931.928	212.529	-2.811	-0.245
932.128	214.632	-2.832	-0.272
932.328	216.615	-2.799	-0.244
932.528	218.627	-2.804	-0.251
932.728	220.758	-2.758	-0.222
932.928	222.865	-2.758	-0.249
933.128	224.713	-2.714	-0.242
933.328	226.927	-2.722	-0.247
933.528	228.853	-2.677	-0.248
933.728	230.875	-2.690	-0.251
933.928	232.842	-2.671	-0.265
934.128	234.946	-2.663	-0.255
934.328	236.938	-2.639	-0.271
934.428	238.096	-2.661	-0.259
934.628	239.965	-2.652	-0.258
934.828	242.108	-2.620	-0.250
935.028	244.136	-2.618	-0.246
935.228	246.208	-2.592	-0.246
935.428	248.141	-2.576	-0.234
935.628	250.208	-2.557	-0.256
935.828	252.173	-2.526	-0.230
935.928	253.323	-2.538	-0.284
936.128	255.330	-2.522	-0.280
936.328	257.303	-2.517	-0.268
936.528	259.310	-2.526	-0.281
936.728	261.365	-2.503	-0.258
936.928	263.376	-2.500	-0.273
937.128	265.436	-2.473	-0.255
937.328	267.435	-2.462	-0.254
937.428	268.595	-2.438	-0.244
937.628	270.534	-2.435	-0.244
937.828	272.563	-2.406	-0.238
938.028	274.747	-2.400	-0.254
938.228	276.641	-2.395	-0.259
938.428	278.633	-2.374	-0.262
938.528	279.799	-2.355	-0.247
938.728	281.674	-2.352	-0.272
938.828	282.787	-2.381	-0.301
939.028	284.755	-2.341	-0.251
939.128	285.857	-2.356	-0.249
939.328	287.815	-2.344	-0.254
939.528	289.881	-2.335	-0.253
939.728	291.872	-2.320	-0.253
939.928	294.038	-2.289	-0.238
940.128	295.933	-2.284	-0.247
940.328	298.066	-2.248	-0.256
940.528	300.108	-2.256	-0.267
940.728	302.021	-2.240	-0.271
940.928	304.093	-2.252	-0.274
941.128	306.123	-2.239	-0.276
941.328	308.204	-2.242	-0.277
941.528	310.224	-2.216	-0.280
941.728	312.268	-2.241	-0.273
941.928	314.316	-2.198	-0.261
942.128	316.346	-2.212	-0.257
942.328	318.394	-2.181	-0.262
942.528	320.438	-2.190	-0.249
942.728	322.428	-2.149	-0.260
942.928	324.403	-2.130	-0.248
943.028	325.513	-2.147	-0.283
943.228	327.464	-2.147	-0.290
943.428	329.523	-2.130	-0.252
943.628	331.520	-2.136	-0.294
943.728	332.675	-2.108	-0.268
943.928	334.696	-2.146	-0.283
944.128	336.703	-2.118	-0.256
944.328	338.730	-2.102	-0.244
944.528	340.788	-2.094	-0.259
944.728	342.801	-2.074	-0.243
944.928	344.784	-2.076	-0.268
945.028	345.889	-2.048	-0.256
945.228	347.880	-2.046	-0.255
945.428	350.018	-2.041	-0.276
945.628	351.857	-2.029	-0.267
945.828	354.008	-2.026	-0.285
946.028	356.112	-2.030	-0.287
946.228	358.129	-2.022	-0.283
946.428	360.099	-2.025	-0.282
946.628	362.195	-2.001	-0.260
946.828	364.224	-2.018	-0.271
947.028	366.239	-1.975	-0.255
947.228	368.266	-1.961	-0.245
947.428	370.271	-1.958	-0.266
947.628	372.296	-1.945	-0.259
947.828	374.341	-1.933	-0.275
948.028	376.331	-1.911	-0.278
948.228	378.347	-1.922	-0.288
948.428	380.421	-1.883	-0.292
948.628	382.437	-1.833	-0.270
948.828	384.414	-1.760	-0.289
948.928	385.541	-1.628	-0.253
949.128	387.531	-1.462	-0.262
949.328	389.636	-1.225	-0.249
949.528	390.878	-0.962	-0.258
949.628	391.311	-0.884	-0.252
949.828	391.508	-0.827	-0.247
1210.928	0.001	-4.900	0.746
1211.128	0.499	-4.913	0.741
1211.328	1.720	-4.892	0.748
1211.528	3.761	-4.914	0.752
1211.728	5.793	-4.879	0.761
1211.928	7.727	-4.880	0.757
1212.129	9.780	-4.897	0.746
1212.329	11.868	-4.876	0.770
1212.529	13.850	-4.876	0.759
1212.728	15.853	-4.870	0.752
1212.928	17.959	-4.882	0.755
1213.129	20.067	-4.867	0.757
1213.328	22.040	-4.882	0.759
1213.528	23.996	-4.892	0.740
1213.728	26.088	-4.872	0.744
1213.928	28.073	-4.886	0.754
1214.128	30.097	-4.879	0.744
1214.328	32.132	-4.886	0.739
1214.528	34.246	-4.881	0.739
1214.728	36.329	-4.892	0.716
1214.928	38.317	-4.455	0.450
1215.128	40.274	-4.233	0.251
1215.328	42.330	-4.222	0.193
1215.529	44.421	-4.238	0.170
1215.728	46.363	-4.215	0.142
1215.828	47.426	-4.173	0.128
1216.028	49.534	-4.117	0.123
1216.228	51.538	-4.109	0.085
1216.428	53.503	-4.041	0.090
1216.628	55.487	-4.029	0.066
1216.828	57.651	-3.967	0.060
1217.028	59.598	-3.957	0.033
1217.228	61.698	-3.899	0.021
1217.428	63.673	-3.891	-0.002
1217.628	65.802	-3.847	-0.009
1217.828	67.774	-3.835	-0.025
1218.028	69.788	-3.801	-0.038
1218.228	71.854	-3.785	-0.040
1218.428	73.879	-3.777	-0.063
1218.631	75.862	-3.743	-0.082
1218.831	77.897	-3.721	-0.084
1219.028	79.933	-3.705	-0.084
1219.229	82.067	-3.696	-0.106
1219.428	83.970	-3.677	-0.099
1219.628	86.030	-3.662	-0.094
1219.728	87.161	-3.641	-0.085
1219.928	89.045	-3.624	-0.086
1220.130	91.176	-3.624	-0.110
1220.328	93.194	-3.597	-0.106
1220.528	95.200	-3.599	-0.133
1220.728	97.187	-3.568	-0.124
1220.928	99.414	-3.572	-0.129
1221.128	101.251	-3.553	-0.135
1221.328	103.402	-3.557	-0.150
1221.528	105.371	-3.525	-0.144
1221.728	107.372	-3.513	-0.140
1221.828	108.546	-3.492	-0.136
1222.028	110.482	-3.510	-0.159
1222.228	112.492	-3.486	-0.147
1222.428	114.678	-3.476	-0.154
1222.629	116.576	-3.461	-0.152
1222.828	118.564	-3.455	-0.159
1222.928	119.719	-3.461	-0.190
1223.128	121.607	-3.411	-0.149
1223.328	123.745	-3.427	-0.178
1223.528	125.725	-3.412	-0.162
1223.728	127.832	-3.391	-0.169
1223.928	129.798	-3.371	-0.161
1224.128	131.862	-3.383	-0.180
1224.328	133.854	-3.342	-0.168
1224.528	136.021	-3.337	-0.167
1224.728	137.910	-3.303	-0.176
1224.929	139.911	-3.312	-0.186
1225.028	141.077	-3.281	-0.185
1225.228	142.994	-3.276	-0.181
1225.428	145.070	-3.254	-0.185
1225.628	147.073	-3.267	-0.218
1225.828	149.133	-3.237	-0.195
1226.028	151.160	-3.211	-0.200
1226.228	153.203	-3.205	-0.203
1226.428	155.228	-3.196	-0.208
1226.628	157.232	-3.181	-0.209
1226.828	159.244	-3.160	-0.222
1227.028	161.285	-3.149	-0.211
1227.128	162.389	-3.117	-0.217
1227.328	164.483	-3.125	-0.228
1227.528	166.361	-3.112	-0.249
1227.628	167.503	-3.105	-0.227
1227.828	169.530	-3.085	-0.227
1228.028	171.511	-3.091	-0.236
1228.229	173.537	-3.059	-0.237
1228.428	175.548	-3.075	-0.260
1228.628	177.669	-3.037	-0.250
1228.828	179.747	-3.047	-0.253
1229.028	181.752	-3.008	-0.245
1229.228	183.729	-3.015	-0.260
1229.428	185.680	-2.996	-0.243
1229.528	186.800	-2.986	-0.249
1229.728	188.865	-2.983	-0.257
1229.928	190.789	-2.974	-0.267
1230.128	192.933	-2.944	-0.256
1230.328	194.945	-2.928	-0.247
1230.528	196.982	-2.924	-0.252
1230.728	198.960	-2.902	-0.251
1230.928	200.995	-2.907	-0.249
1231.128	203.049	-2.881	-0.257
1231.328	205.091	-2.890	-0.260
1231.528	207.104	-2.854	-0.244
1231.731	209.223	-2.847	-0.235
1231.930	211.225	-2.840	-0.260
1232.129	213.250	-2.818	-0.232
1232.328	215.255	-2.816	-0.247
1232.528	217.255	-2.793	-0.231
1232.728	219.276	-2.790	-0.257
1232.929	221.282	-2.758	-0.232
1233.128	223.522	-2.748	-0.243
1233.329	225.376	-2.733	-0.231
1233.528	227.388	-2.724	-0.251
1233.729	229.534	-2.692	-0.227
1233.928	231.550	-2.702	-0.246
1234.129	233.532	-2.675	-0.232
1234.329	235.623	-2.677	-0.245
1234.529	237.621	-2.637	-0.233
1234.729	239.790	-2.639	-0.246
1234.928	241.657	-2.619	-0.240
1235.131	243.796	-2.613	-0.236
1235.328	245.762	-2.591	-0.236
1235.528	247.824	-2.561	-0.253
1235.728	249.938	-2.559	-0.253
1235.929	251.948	-2.526	-0.236
1236.128	253.952	-2.524	-0.246
1236.328	255.971	-2.510	-0.259
1236.528	257.982	-2.502	-0.249
1236.728	259.961	-2.483	-0.259
1236.928	261.985	-2.488	-0.259
1237.128	264.014	-2.458	-0.266
1237.328	266.170	-2.433	-0.236
1237.528	268.171	-2.451	-0.276
1237.728	270.171	-2.439	-0.255
1237.928	272.156	-2.427	-0.268
1238.128	274.280	-2.385	-0.246
1238.328	276.247	-2.398	-0.276
1238.428	277.395	-2.393	-0.268
1238.628	279.397	-2.359	-0.251
1238.828	281.380	-2.385	-0.278
1239.029	283.397	-2.332	-0.258
1239.228	285.413	-2.362	-0.284
1239.428	287.402	-2.338	-0.275
1239.628	289.572	-2.329	-0.270
1239.828	291.547	-2.306	-0.263
1240.028	293.537	-2.324	-0.284
1240.228	295.553	-2.290	-0.269
1240.328	296.671	-2.296	-0.285
1240.528	298.737	-2.295	-0.281
1240.728	300.701	-2.289	-0.282
1240.928	302.670	-2.278	-0.274
1241.128	304.770	-2.260	-0.270
1241.328	306.833	-2.257	-0.266
1241.528	308.816	-2.244	-0.280
1241.728	310.875	-2.231	-0.250
1241.928	312.870	-2.232	-0.284
1242.128	314.904	-2.224	-0.262
1242.328	316.947	-2.212	-0.277
1242.528	319.074	-2.203	-0.261
1242.728	321.157	-2.202	-0.281
1242.928	323.150	-2.190	-0.251
1243.128	325.108	-2.183	-0.276
1243.328	327.145	-2.162	-0.239
1243.528	329.143	-2.167	-0.274
1243.728	331.353	-2.135	-0.244
1243.928	333.315	-2.144	-0.255
1244.128	335.267	-2.136	-0.255
1244.328	337.326	-2.121	-0.258
1244.528	339.306	-2.112	-0.241
1244.628	340.439	-2.089	-0.246
1244.828	342.462	-2.094	-0.248
1245.028	344.505	-2.078	-0.245
1245.228	346.530	-2.075	-0.256
1245.428	348.433	-2.043	-0.241
1245.628	350.557	-2.048	-0.270
1245.828	352.692	-2.031	-0.247
1246.029	354.545	-2.034	-0.254
1246.128	355.676	-2.001	-0.254
1246.328	357.761	-2.021	-0.261
1246.528	359.754	-2.002	-0.257
1246.728	361.728	-2.000	-0.263
1246.928	363.830	-1.973	-0.249
1247.128	365.824	-1.979	-0.261
1247.328	367.789	-1.962	-0.262
1247.528	369.874	-1.945	-0.273
1247.728	371.838	-1.945	-0.268
1247.928	374.060	-1.945	-0.281
1248.128	376.049	-1.920	-0.256
1248.328	377.985	-1.903	-0.267
1248.528	380.065	-1.871	-0.265
1248.728	382.050	-1.817	-0.276
1248.928	384.218	-1.742	-0.266
1249.128	386.121	-1.610	-0.283
1249.328	388.134	-1.397	-0.277
1249.428	389.280	-1.192	-0.275
1249.628	390.701	-1.018	-0.290
1249.828	391.434	-0.870	-0.279
1250.028	391.508	-0.830	-0.281
1510.928	0.001	-4.883	0.733
1511.128	0.076	-4.887	0.771
1511.228	0.428	-4.879	0.774
1511.429	1.583	-4.890	0.754
1511.628	3.565	-4.887	0.777
1511.828	5.545	-4.896	0.765
1512.029	7.514	-4.910	0.768
1512.229	9.538	-4.893	0.761
1512.429	11.581	-4.909	0.759
1512.629	13.653	-4.903	0.761
1512.829	15.671	-4.905	0.749
1513.028	17.684	-4.893	0.761
1513.128	18.854	-4.920	0.716
1513.328	20.744	-4.905	0.744
1513.529	22.867	-4.908	0.728
1513.728	24.884	-4.885	0.759
1513.929	26.890	-4.922	0.721
1514.129	28.873	-4.905	0.739
1514.329	30.890	-4.919	0.716
1514.428	32.033	-4.912	0.719
1514.628	34.077	-4.892	0.715
1514.829	36.000	-4.906	0.699
1515.028	38.103	-4.564	0.482
1515.229	40.171	-4.232	0.228
1515.429	42.144	-4.237	0.178
1515.628	44.263	-4.228	0.171
1515.829	46.267	-4.204	0.135
1516.029	48.248	-4.173	0.138
1516.229	50.273	-4.132	0.090
1516.429	52.329	-4.075	0.108
1516.629	54.394	-4.034	0.085
1516.829	56.418	-3.995	0.077
1517.029	58.428	-3.958	0.029
1517.229	60.416	-3.890	0.047
1517.428	62.517	-3.887	-0.016
1517.629	64.497	-3.843	-0.003
1517.829	66.668	-3.825	-0.041
1518.029	68.549	-3.782	-0.031
1518.229	70.674	-3.789	-0.073
1518.429	72.708	-3.742	-0.057
1518.628	74.689	-3.739	-0.108
1518.829	76.656	-3.711	-0.098
1519.030	78.695	-3.714	-0.137
1519.129	79.806	-3.653	-0.097
1519.329	81.830	-3.663	-0.127
1519.529	83.857	-3.656	-0.134
1519.729	85.829	-3.641	-0.103
1519.928	88.029	-3.621	-0.104
1520.129	90.001	-3.600	-0.108
1520.328	91.971	-3.585	-0.119
1520.529	94.076	-3.572	-0.103
1520.728	96.118	-3.563	-0.121
1520.929	98.122	-3.552	-0.116
1521.129	100.171	-3.549	-0.117
1521.329	102.209	-3.514	-0.120
1521.529	104.241	-3.497	-0.108
1521.729	106.255	-3.497	-0.133
1521.929	108.262	-3.486	-0.115
1522.129	110.266	-3.461	-0.126
1522.329	112.290	-3.456	-0.120
1522.529	114.291	-3.448	-0.143
1522.628	115.472	-3.442	-0.143
1522.828	117.462	-3.404	-0.129
1523.029	119.454	-3.431	-0.163
1523.229	121.460	-3.400	-0.139
1523.429	123.571	-3.404	-0.147
1523.628	125.653	-3.371	-0.145
1523.829	127.618	-3.387	-0.149
1524.029	129.570	-3.360	-0.156
1524.229	131.689	-3.372	-0.162
1524.428	133.683	-3.343	-0.169
1524.629	135.654	-3.340	-0.169
1524.828	137.780	-3.309	-0.165
1525.028	139.806	-3.324	-0.190
1525.228	141.860	-3.287	-0.181
1525.428	143.917	-3.306	-0.217
1525.628	145.908	-3.266	-0.186
1525.828	147.919	-3.260	-0.216
1526.028	149.936	-3.235	-0.211
1526.229	151.941	-3.237	-0.233
1526.428	154.158	-3.216	-0.219
1526.629	156.140	-3.221	-0.245
1526.828	158.229	-3.200	-0.222
1527.029	160.136	-3.184	-0.228
1527.229	162.113	-3.145	-0.236
1527.428	164.147	-3.166	-0.247
1527.629	166.331	-3.126	-0.245
1527.828	168.270	-3.118	-0.253
1528.029	170.335	-3.098	-0.249
1528.229	172.326	-3.109	-0.267
1528.428	174.321	-3.066	-0.252
1528.629	176.437	-3.072	-0.258
1528.829	178.502	-3.045	-0.260
1529.028	180.504	-3.031	-0.243
1529.228	182.570	-3.010	-0.258
1529.428	184.595	-3.003	-0.246
1529.628	186.641	-2.979	-0.262
1529.828	188.672	-2.970	-0.240
1530.029	190.674	-2.935	-0.248
1530.229	192.721	-2.940	-0.243
1530.429	194.744	-2.922	-0.249
1530.629	196.750	-2.901	-0.232
1530.828	198.731	-2.892	-0.244
1530.928	199.819	-2.889	-0.234
1531.129	201.947	-2.867	-0.225
1531.328	203.835	-2.861	-0.249
1531.529	205.964	-2.832	-0.222
1531.728	207.975	-2.836	-0.259
1531.928	209.987	-2.809	-0.224
1532.129	212.000	-2.805	-0.247
1532.329	214.025	-2.781	-0.225
1532.529	216.089	-2.792	-0.239
1532.728	218.200	-2.755	-0.225
1532.929	220.259	-2.763	-0.243
1533.128	222.272	-2.742	-0.241
1533.329	224.266	-2.741	-0.252
1533.528	226.353	-2.716	-0.229
1533.728	228.364	-2.725	-0.251
1533.929	230.339	-2.708	-0.250
1534.129	232.435	-2.701	-0.252
1534.329	234.428	-2.671	-0.241
1534.529	236.398	-2.666	-0.259
1534.728	238.492	-2.640	-0.259
1534.928	240.457	-2.644	-0.254
1535.129	242.496	-2.621	-0.255
1535.329	244.531	-2.619	-0.263
1535.528	246.654	-2.608	-0.273
1535.728	248.741	-2.593	-0.269
1535.929	250.730	-2.579	-0.276
1536.129	252.709	-2.566	-0.275
1536.328	254.828	-2.548	-0.273
1536.529	256.838	-2.530	-0.271
1536.728	258.790	-2.521	-0.265
1536.928	260.800	-2.510	-0.273
1537.129	262.825	-2.473	-0.256
1537.228	263.978	-2.509	-0.320
1537.429	265.896	-2.459	-0.281
1537.629	268.034	-2.454	-0.278
1537.829	270.059	-2.420	-0.261
1538.029	271.961	-2.422	-0.273
1538.129	273.089	-2.430	-0.287
1538.329	275.134	-2.394	-0.258
1538.529	277.162	-2.399	-0.275
1538.729	279.228	-2.357	-0.274
1538.929	281.252	-2.388	-0.288
1539.129	283.225	-2.349	-0.263
1539.328	285.370	-2.344	-0.264
1539.528	287.244	-2.318	-0.257
1539.729	289.352	-2.342	-0.285
1539.929	291.349	-2.287	-0.255
1540.129	293.376	-2.311	-0.262
1540.329	295.373	-2.276	-0.258
1540.529	297.403	-2.293	-0.255
1540.729	299.481	-2.256	-0.251
1540.928	301.461	-2.269	-0.254
1541.128	303.608	-2.251	-0.262
1541.329	305.607	-2.262	-0.253
1541.529	307.577	-2.229	-0.257
1541.729	309.669	-2.255	-0.265
1541.928	311.675	-2.232	-0.270
1542.128	313.851	-2.234	-0.258
1542.329	315.719	-2.220	-0.266
1542.428	316.830	-2.213	-0.252
1542.629	318.870	-2.219	-0.269
1542.828	320.789	-2.200	-0.262
1542.929	321.882	-2.207	-0.270
1543.129	323.945	-2.186	-0.271
1543.328	325.919	-2.186	-0.270
1543.429	327.053	-2.182	-0.269
1543.629	328.938	-2.177	-0.284
1543.728	330.051	-2.148	-0.244
1543.928	332.053	-2.171	-0.290
1544.129	334.075	-2.160	-0.283
1544.329	336.079	-2.138	-0.282
1544.529	338.102	-2.135	-0.278
1544.729	340.158	-2.119	-0.285
1544.928	342.146	-2.113	-0.274
1545.128	344.278	-2.074	-0.269
1545.328	346.300	-2.096	-0.285
1545.529	348.261	-2.056	-0.286
1545.729	350.343	-2.065	-0.283
1545.929	352.457	-2.025	-0.288
1546.129	354.480	-2.039	-0.291
1546.329	356.507	-2.011	-0.284
1546.529	358.481	-2.019	-0.277
1546.729	360.646	-1.983	-0.278
1546.928	362.515	-1.999	-0.303
1547.029	363.635	-1.957	-0.280
1547.229	365.634	-1.982	-0.297
1547.428	367.591	-1.946	-0.260
1547.628	369.801	-1.962	-0.300
1547.828	371.754	-1.923	-0.264
1548.029	373.693	-1.931	-0.279
1548.229	375.772	-1.901	-0.261
1548.428	377.756	-1.910	-0.280
1548.529	378.901	-1.872	-0.268
1548.729	380.810	-1.839	-0.261
1548.928	382.936	-1.792	-0.281
1549.129	385.072	-1.699	-0.276
1549.329	386.924	-1.538	-0.257
1549.529	389.057	-1.306	-0.255
1549.728	390.671	-1.069	-0.279
1549.928	391.418	-0.907	-0.265
1550.129	391.507	-0.866	-0.271
1811.029	0.001	-4.888	0.750
1811.228	0.060	-4.905	0.722
1811.429	0.737	-4.882	0.738
1811.628	2.211	-4.887	0.725
1811.729	3.283	-4.897	0.711
1811.929	5.311	-4.875	0.736
1812.129	7.275	-4.890	0.721
1812.229	8.418	-4.881	0.732
1812.429	10.424	-4.866	0.742
1812.629	12.383	-4.889	0.735
1812.829	14.412	-4.863	0.748
1813.029	16.457	-4.881	0.747
1813.228	18.539	-4.868	0.757
1813.429	20.583	-4.892	0.751
1813.629	22.580	-4.896	0.754
1813.829	24.551	-4.887	0.754
1814.029	26.613	-4.895	0.752
1814.229	28.722	-4.902	0.752
1814.429	30.745	-4.911	0.745
1814.629	32.744	-4.899	0.747
1814.829	34.847	-4.903	0.730
1815.029	36.907	-4.911	0.708
1815.228	38.887	-4.325	0.323
1815.431	40.851	-4.233	0.190
1815.630	43.019	-4.241	0.123
1815.831	44.943	-4.220	0.109
1816.029	46.984	-4.196	0.093
1816.229	49.079	-4.147	0.075
1816.430	51.075	-4.113	0.048
1816.629	53.097	-4.066	0.031
1816.829	55.084	-4.014	0.019
1817.029	57.320	-3.986	0.012
1817.228	59.157	-3.941	-0.011
1817.429	61.367	-3.899	-0.009
1817.629	63.293	-3.855	-0.030
1817.829	65.306	-3.842	-0.049
1818.029	67.281	-3.798	-0.058
1818.229	69.376	-3.793	-0.065
1818.429	71.346	-3.770	-0.087
1818.529	72.521	-3.765	-0.096
1818.729	74.398	-3.737	-0.105
1818.829	75.509	-3.711	-0.109
1819.029	77.522	-3.718	-0.099
1819.229	79.671	-3.694	-0.128
1819.431	81.672	-3.669	-0.122
1819.631	83.676	-3.657	-0.129
1819.830	85.683	-3.646	-0.072
1820.030	87.684	-3.637	-0.093
1820.230	89.727	-3.600	-0.070
1820.429	91.702	-3.602	-0.103
1820.629	93.940	-3.573	-0.093
1820.829	95.762	-3.584	-0.124
1821.029	97.909	-3.543	-0.101
1821.229	100.028	-3.562	-0.131
1821.429	101.877	-3.524	-0.122
1821.529	103.054	-3.497	-0.113
1821.729	104.985	-3.518	-0.143
1821.929	106.983	-3.479	-0.164
1822.029	108.126	-3.495	-0.161
1822.229	110.005	-3.488	-0.174
1822.429	112.147	-3.449	-0.165
1822.629	114.197	-3.442	-0.165
1822.828	116.212	-3.434	-0.186
1823.029	118.191	-3.412	-0.174
1823.229	120.207	-3.409	-0.202
1823.428	122.289	-3.389	-0.190
1823.630	124.438	-3.386	-0.182
1823.829	126.307	-3.362	-0.187
1824.030	128.414	-3.356	-0.194
1824.230	130.409	-3.333	-0.192
1824.430	132.505	-3.324	-0.193
1824.629	134.481	-3.293	-0.177
1824.829	136.503	-3.305	-0.187
1825.029	138.570	-3.291	-0.196
1825.229	140.575	-3.297	-0.204
1825.428	142.581	-3.267	-0.202
1825.529	143.705	-3.289	-0.224
1825.729	145.697	-3.256	-0.191
1825.929	147.857	-3.263	-0.218
1826.129	149.698	-3.241	-0.216
1826.329	151.842	-3.236	-0.237
1826.529	153.939	-3.214	-0.218
1826.729	155.926	-3.220	-0.250
1826.929	157.905	-3.188	-0.226
1827.129	160.010	-3.201	-0.268
1827.329	162.033	-3.152	-0.230
1827.531	164.038	-3.146	-0.252
1827.730	166.049	-3.130	-0.248
1827.929	168.049	-3.116	-0.265
1828.130	170.075	-3.090	-0.254
1828.329	172.092	-3.088	-0.265
1828.529	174.092	-3.074	-0.263
1828.729	176.337	-3.053	-0.259
1828.929	178.172	-3.032	-0.256
1829.129	180.191	-3.013	-0.259
1829.329	182.316	-3.002	-0.246
1829.529	184.333	-3.001	-0.261
1829.729	186.348	-2.978	-0.241
1829.929	188.491	-2.972	-0.239
1830.129	190.473	-2.948	-0.234
1830.329	192.449	-2.942	-0.232
1830.529	194.541	-2.936	-0.252
1830.729	196.539	-2.929	-0.254
1830.928	198.509	-2.918	-0.250
1831.129	200.590	-2.914	-0.264
1831.329	202.620	-2.898	-0.230
1831.530	204.620	-2.868	-0.266
1831.730	206.808	-2.862	-0.245
1831.929	208.804	-2.857	-0.278
1832.130	210.875	-2.830	-0.253
1832.329	212.869	-2.847	-0.292
1832.531	214.837	-2.789	-0.256
1832.729	216.942	-2.813	-0.293
1832.928	218.935	-2.771	-0.284
1833.129	220.930	-2.771	-0.281
1833.329	223.051	-2.730	-0.276
1833.529	225.029	-2.735	-0.286
1833.729	227.087	-2.706	-0.272
1833.930	229.150	-2.689	-0.261
1834.130	231.148	-2.675	-0.259
1834.330	233.185	-2.675	-0.267
1834.530	235.217	-2.641	-0.241
1834.729	237.215	-2.658	-0.267
1834.929	239.248	-2.607	-0.244
1835.129	241.276	-2.639	-0.276
1835.329	243.262	-2.609	-0.245
1835.528	245.332	-2.596	-0.257
1835.729	247.427	-2.581	-0.249
1835.929	249.431	-2.584	-0.266
1836.129	251.440	-2.563	-0.253
1836.329	253.560	-2.568	-0.281
1836.529	255.624	-2.542	-0.270
1836.729	257.580	-2.555	-0.283
1836.929	259.535	-2.514	-0.265
1837.129	261.626	-2.530	-0.296
1837.329	263.635	-2.479	-0.282
1837.528	265.754	-2.487	-0.299
1837.729	267.744	-2.441	-0.272
1837.929	269.776	-2.461	-0.307
1838.129	271.835	-2.418	-0.271
1838.329	273.847	-2.422	-0.285
1838.529	275.849	-2.389	-0.274
1838.729	277.872	-2.396	-0.281
1838.929	279.879	-2.356	-0.255
1839.029	281.005	-2.401	-0.308
1839.229	283.075	-2.356	-0.264
1839.429	285.060	-2.351	-0.276
1839.630	287.029	-2.328	-0.258
1839.830	289.196	-2.337	-0.268
1840.029	291.152	-2.333	-0.266
1840.230	293.226	-2.325	-0.255
1840.430	295.210	-2.312	-0.260
1840.630	297.369	-2.309	-0.268
1840.829	299.239	-2.305	-0.269
1841.029	301.238	-2.301	-0.277
1841.129	302.392	-2.307	-0.282
1841.329	304.294	-2.279	-0.270
1841.529	306.359	-2.293	-0.296
1841.729	308.531	-2.236	-0.275
1841.930	310.549	-2.251	-0.289
1842.130	312.535	-2.228	-0.297
1842.329	314.631	-2.243	-0.297
1842.530	316.634	-2.212	-0.305
1842.729	318.586	-2.213	-0.281
1842.929	320.680	-2.196	-0.305
1843.129	322.653	-2.184	-0.283
1843.229	323.795	-2.179	-0.288
1843.429	325.791	-2.176	-0.299
1843.628	327.789	-2.159	-0.268
1843.829	329.828	-2.154	-0.290
1844.029	331.792	-2.135	-0.266
1844.129	332.919	-2.124	-0.275
1844.329	334.908	-2.141	-0.279
1844.529	336.877	-2.120	-0.268
1844.729	338.882	-2.121	-0.267
1844.929	341.065	-2.106	-0.261
1845.129	343.028	-2.115	-0.274
1845.329	345.131	-2.087	-0.264
1845.529	347.189	-2.088	-0.283
1845.731	349.192	-2.077	-0.292
1845.931	351.120	-2.077	-0.300
1846.129	353.172	-2.039	-0.278
1846.329	355.361	-2.056	-0.311
1846.530	357.244	-2.013	-0.287
1846.730	359.371	-2.033	-0.321
1846.929	361.404	-1.988	-0.287
1847.129	363.410	-2.009	-0.311
1847.329	365.391	-1.970	-0.298
1847.528	367.362	-1.967	-0.300
1847.629	368.457	-1.969	-0.299
1847.829	370.604	-1.931	-0.296
1848.029	372.473	-1.942	-0.293
1848.229	374.596	-1.916	-0.291
1848.429	376.619	-1.897	-0.272
1848.629	378.645	-1.891	-0.303
1848.829	380.629	-1.841	-0.263
1849.029	382.675	-1.785	-0.278
1849.229	384.721	-1.700	-0.263
1849.429	386.814	-1.581	-0.288
1849.628	388.861	-1.361	-0.279
1849.829	390.508	-1.116	-0.278
1850.029	391.361	-0.960	-0.292
1850.229	391.507	-0.886	-0.278
2111.329	0.001	-4.889	0.817
2111.529	0.330	-4.879	0.791
2111.729	1.480	-4.883	0.796
2111.929	3.453	-4.868	0.797
2112.129	5.399	-4.857	0.792
2112.329	7.460	-4.844	0.809
2112.529	9.429	-4.841	0.798
2112.729	11.553	-4.846	0.839
2112.929	13.581	-4.858	0.813
2113.129	15.539	-4.872	0.833
2113.329	17.612	-4.863	0.814
2113.529	19.597	-4.890	0.814
2113.629	20.734	-4.877	0.813
2113.829	22.759	-4.887	0.805
2114.029	24.753	-4.865	0.803
2114.229	26.803	-4.882	0.806
2114.429	28.886	-4.879	0.798
2114.629	30.891	-4.859	0.797
2114.829	32.915	-4.856	0.793
2115.029	34.889	-4.855	0.783
2115.229	37.095	-4.850	0.771
2115.429	39.059	-4.217	0.318
2115.629	41.009	-4.208	0.202
2115.829	43.107	-4.219	0.156
2116.029	45.110	-4.201	0.124
2116.229	47.254	-4.171	0.102
2116.430	49.203	-4.126	0.074
2116.630	51.230	-4.110	0.049
2116.830	53.275	-4.042	0.020
2117.030	55.301	-4.026	0.010
2117.230	57.294	-3.967	-0.030
2117.430	59.330	-3.929	-0.026
2117.629	61.356	-3.875	-0.054
2117.829	63.332	-3.857	-0.057
2118.029	65.551	-3.830	-0.093
2118.229	67.570	-3.786	-0.077
2118.429	69.546	-3.778	-0.104
2118.629	71.569	-3.779	-0.101
2118.829	73.581	-3.733	-0.123
2119.029	75.611	-3.740	-0.112
2119.229	77.621	-3.703	-0.136
2119.429	79.749	-3.697	-0.146
2119.629	81.835	-3.664	-0.161
2119.829	83.841	-3.653	-0.159
2120.029	85.820	-3.632	-0.130
2120.229	87.947	-3.606	-0.120
2120.429	89.808	-3.579	-0.125
2120.529	90.979	-3.560	-0.122
2120.729	92.927	-3.550	-0.136
2120.929	94.951	-3.542	-0.144
2121.129	96.931	-3.522	-0.137
2121.329	99.037	-3.522	-0.136
2121.529	101.049	-3.521	-0.147
2121.729	103.019	-3.501	-0.147
2121.929	105.116	-3.493	-0.163
2122.129	107.102	-3.486	-0.166
2122.229	108.237	-3.466	-0.178
2122.429	110.296	-3.473	-0.175
2122.629	112.238	-3.446	-0.177
2122.829	114.315	-3.448	-0.202
2123.029	116.291	-3.420	-0.188
2123.229	118.266	-3.404	-0.202
2123.429	120.351	-3.384	-0.195
2123.629	122.343	-3.370	-0.208
2123.729	123.483	-3.363	-0.184
2123.929	125.395	-3.357	-0.199
2124.129	127.556	-3.348	-0.191
2124.329	129.497	-3.366	-0.203
2124.429	130.608	-3.340	-0.225
2124.629	132.593	-3.322	-0.197
2124.829	134.735	-3.339	-0.232
2125.029	136.731	-3.318	-0.225
2125.229	138.686	-3.320	-0.251
2125.429	140.775	-3.273	-0.237
2125.629	142.766	-3.275	-0.254
2125.829	144.716	-3.238	-0.249
2126.029	146.795	-3.242	-0.242
2126.229	148.802	-3.202	-0.240
2126.429	150.990	-3.228	-0.260
2126.629	152.970	-3.187	-0.234
2126.829	154.909	-3.193	-0.237
2127.029	156.975	-3.175	-0.241
2127.229	158.966	-3.192	-0.256
2127.329	160.126	-3.199	-0.262
2127.529	162.011	-3.155	-0.259
2127.729	164.143	-3.162	-0.279
2127.929	166.172	-3.110	-0.268
2128.129	168.107	-3.133	-0.295
2128.329	170.266	-3.082	-0.279
2128.530	172.397	-3.074	-0.271
2128.729	174.247	-3.054	-0.282
2128.929	176.273	-3.045	-0.260
2129.130	178.322	-3.034	-0.257
2129.330	180.361	-3.027	-0.259
2129.529	182.363	-3.029	-0.272
2129.729	184.400	-3.003	-0.263
2129.929	186.431	-3.006	-0.288
2130.029	187.544	-2.989	-0.308
2130.229	189.576	-2.970	-0.276
2130.429	191.523	-2.964	-0.313
2130.629	193.542	-2.928	-0.282
2130.829	195.751	-2.937	-0.309
2131.029	197.708	-2.894	-0.280
2131.229	199.781	-2.888	-0.301
2131.429	201.789	-2.867	-0.267
2131.629	203.766	-2.864	-0.287
2131.829	205.864	-2.835	-0.260
2132.029	207.866	-2.843	-0.285
2132.229	209.991	-2.821	-0.265
2132.429	211.958	-2.843	-0.300
2132.629	213.982	-2.803	-0.285
2132.829	216.055	-2.809	-0.298
2133.029	218.089	-2.773	-0.307
2133.229	220.070	-2.783	-0.311
2133.429	222.128	-2.724	-0.298
2133.629	224.156	-2.729	-0.294
2133.829	226.158	-2.703	-0.289
2134.029	228.202	-2.697	-0.284
2134.229	230.246	-2.678	-0.277
2134.429	232.366	-2.683	-0.289
2134.629	234.253	-2.663	-0.276
2134.829	236.376	-2.672	-0.289
2135.029	238.379	-2.652	-0.276
2135.229	240.395	-2.659	-0.312
2135.429	242.420	-2.627	-0.296
2135.629	244.446	-2.621	-0.313
2135.829	246.471	-2.597	-0.299
2136.029	248.475	-2.579	-0.318
2136.229	250.585	-2.557	-0.316
2136.429	252.595	-2.538	-0.307
2136.629	254.770	-2.534	-0.301
2136.829	256.683	-2.502	-0.290
2137.029	258.682	-2.520	-0.281
2137.229	260.851	-2.503	-0.296
2137.429	262.749	-2.500	-0.293
2137.629	264.879	-2.497	-0.317
2137.829	266.893	-2.466	-0.301
2138.029	268.918	-2.479	-0.327
2138.229	270.947	-2.448	-0.304
2138.431	272.947	-2.442	-0.323
2138.631	275.071	-2.404	-0.292
2138.831	277.064	-2.413	-0.322
2139.029	279.069	-2.371	-0.304
2139.231	281.045	-2.366	-0.301
2139.429	283.070	-2.348	-0.287
2139.629	285.092	-2.369	-0.302
2139.829	287.236	-2.352	-0.294
2140.029	289.362	-2.354	-0.298
2140.229	291.217	-2.348	-0.309
2140.429	293.225	-2.338	-0.312
2140.629	295.382	-2.313	-0.305
2140.829	297.415	-2.312	-0.331
2141.029	299.416	-2.296	-0.320
2141.229	301.512	-2.285	-0.327
2141.429	303.516	-2.261	-0.291
2141.629	305.470	-2.249	-0.309
2141.829	307.570	-2.255	-0.293
2142.029	309.549	-2.238	-0.307
2142.129	310.697	-2.248	-0.277
2142.329	312.603	-2.234	-0.289
2142.529	314.710	-2.237	-0.296
2142.729	316.778	-2.238	-0.303
2142.929	318.778	-2.224	-0.297
2143.129	320.741	-2.223	-0.317
2143.329	322.842	-2.208	-0.326
2143.529	324.841	-2.194	-0.327
2143.729	326.805	-2.185	-0.320
2143.929	328.916	-2.164	-0.325
2144.129	330.936	-2.162	-0.321
2144.329	333.020	-2.149	-0.297
2144.529	334.989	-2.131	-0.300
2144.729	337.047	-2.132	-0.300
2144.929	339.119	-2.132	-0.297
2145.129	341.154	-2.123	-0.295
2145.329	343.171	-2.123	-0.315
2145.529	345.196	-2.104	-0.308
2145.729	347.219	-2.096	-0.331
2145.929	349.221	-2.069	-0.313
2146.129	351.239	-2.069	-0.340
2146.329	353.324	-2.025	-0.315
2146.531	355.489	-2.034	-0.307
2146.731	357.370	-2.003	-0.323
2146.931	359.377	-2.003	-0.306
2147.031	360.524	-1.993	-0.294
2147.231	362.555	-1.970	-0.296
2147.431	364.573	-1.983	-0.286
2147.629	366.588	-1.970	-0.315
2147.829	368.511	-1.977	-0.297
2148.029	370.669	-1.961	-0.313
2148.229	372.674	-1.961	-0.309
2148.429	374.658	-1.943	-0.331
2148.629	376.689	-1.902	-0.306
2148.829	378.747	-1.881	-0.332
2149.029	380.785	-1.842	-0.306
2149.229	382.791	-1.767	-0.330
2149.429	384.831	-1.685	-0.283
2149.629	386.882	-1.553	-0.317
2149.829	388.874	-1.347	-0.289
2150.029	390.526	-1.119	-0.330
2150.229	391.390	-0.940	-0.294
2150.429	391.507	-0.905	-0.317
2411.329	0.001	-4.918	0.670
2411.529	0.023	-4.887	0.717
2411.729	0.627	-4.916	0.705
2411.929	2.057	-4.909	0.698
2412.129	3.996	-4.911	0.712
2412.329	5.956	-4.918	0.673
2412.529	8.122	-4.895	0.699
2412.729	10.078	-4.893	0.677
2412.929	12.198	-4.877	0.723
2413.129	14.083	-4.890	0.694
2413.229	15.188	-4.888	0.743
2413.429	17.185	-4.902	0.712
2413.629	19.236	-4.877	0.712
2413.829	21.210	-4.908	0.693
2414.029	23.320	-4.907	0.685
2414.229	25.315	-4.917	0.697
2414.429	27.482	-4.908	0.700
2414.629	29.343	-4.900	0.709
2414.729	30.450	-4.887	0.701
2414.929	32.451	-4.875	0.729
2415.129	34.467	-4.917	0.689
2415.329	36.441	-4.881	0.693
2415.529	38.660	-4.499	0.370
2415.729	40.653	-4.212	0.142
2415.929	42.637	-4.232	0.122
2416.129	44.621	-4.203	0.092
2416.329	46.715	-4.171	0.080
2416.529	48.762	-4.131	0.054
2416.729	50.723	-4.080	0.015
2416.829	51.858	-4.044	0.033
2417.029	53.732	-4.009	0.010
2417.129	54.832	-3.990	0.024
2417.329	56.867	-3.956	0.014
2417.529	58.882	-3.937	-0.011
2417.729	60.977	-3.883	-0.015
2417.929	63.005	-3.858	-0.030
2418.129	65.006	-3.825	-0.046
2418.329	66.992	-3.829	-0.088
2418.529	69.097	-3.771	-0.072
2418.729	71.079	-3.772	-0.095
2418.829	72.216	-3.735	-0.057
2419.029	74.112	-3.726	-0.103
2419.230	76.112	-3.687	-0.079
2419.329	77.263	-3.698	-0.112
2419.529	79.288	-3.678	-0.133
2419.729	81.334	-3.643	-0.083
2419.929	83.325	-3.646	-0.112
2420.129	85.320	-3.609	-0.078
2420.329	87.464	-3.639	-0.114
2420.530	89.467	-3.571	-0.090
2420.729	91.431	-3.591	-0.127
2420.929	93.448	-3.532	-0.115
2421.129	95.481	-3.544	-0.135
2421.329	97.486	-3.491	-0.115
2421.529	99.522	-3.513	-0.125
2421.729	101.751	-3.494	-0.123
2421.929	103.742	-3.484	-0.115
2422.129	105.676	-3.461	-0.116
2422.329	107.690	-3.478	-0.138
2422.529	109.872	-3.457	-0.149
2422.729	111.759	-3.460	-0.173
2422.929	113.762	-3.423	-0.152
2423.029	114.923	-3.439	-0.198
2423.229	116.812	-3.406	-0.156
2423.329	117.930	-3.373	-0.159
2423.529	119.943	-3.378	-0.168
2423.729	121.949	-3.368	-0.174
2423.929	123.963	-3.364	-0.172
2424.129	126.012	-3.360	-0.171
2424.329	128.005	-3.360	-0.165
2424.429	129.150	-3.346	-0.170
2424.630	131.178	-3.362	-0.208
2424.829	133.161	-3.329	-0.202
2425.029	135.196	-3.328	-0.234
2425.229	137.238	-3.281	-0.210
2425.429	139.233	-3.284	-0.224
2425.629	141.262	-3.254	-0.208
2425.829	143.349	-3.260	-0.201
2426.029	145.331	-3.256	-0.219
2426.229	147.475	-3.263	-0.212
2426.429	149.488	-3.240	-0.214
2426.629	151.474	-3.226	-0.237
2426.829	153.581	-3.215	-0.246
2427.030	155.584	-3.189	-0.246
2427.230	157.565	-3.170	-0.247
2427.430	159.662	-3.161	-0.243
2427.630	161.630	-3.138	-0.241
2427.829	163.733	-3.124	-0.239
2428.029	165.663	-3.103	-0.228
2428.229	167.679	-3.115	-0.231
2428.429	169.712	-3.128	-0.248
2428.629	171.747	-3.091	-0.240
2428.829	173.891	-3.103	-0.262
2429.029	175.981	-3.069	-0.275
2429.229	177.969	-3.036	-0.259
2429.429	179.961	-3.017	-0.270
2429.629	182.065	-3.003	-0.242
2429.829	184.145	-3.008	-0.264
2430.029	186.168	-2.987	-0.226
2430.229	188.093	-2.979	-0.277
2430.429	190.118	-2.960	-0.227
2430.629	192.099	-2.980	-0.278
2430.829	194.205	-2.931	-0.265
2431.029	196.191	-2.928	-0.286
2431.229	198.379	-2.909	-0.270
2431.430	200.290	-2.886	-0.272
2431.630	202.292	-2.865	-0.240
2431.729	203.380	-2.859	-0.272
2431.929	205.467	-2.853	-0.240
2432.130	207.416	-2.856	-0.249
2432.329	209.489	-2.835	-0.258
2432.529	211.463	-2.835	-0.260
2432.729	213.623	-2.835	-0.287
2432.929	215.492	-2.802	-0.268
2433.129	217.613	-2.796	-0.291
2433.329	219.656	-2.762	-0.286
2433.529	221.578	-2.742	-0.267
2433.729	223.742	-2.709	-0.254
2433.929	225.744	-2.715	-0.247
2434.129	227.732	-2.714	-0.271
2434.329	229.741	-2.716	-0.257
2434.529	231.811	-2.694	-0.258
2434.730	233.827	-2.692	-0.281
2434.930	235.817	-2.675	-0.290
2435.130	238.053	-2.637	-0.277
2435.330	240.060	-2.632	-0.280
2435.529	242.030	-2.617	-0.273
2435.729	244.119	-2.601	-0.271
2435.929	246.073	-2.582	-0.240
2436.129	248.063	-2.568	-0.260
2436.329	250.101	-2.580	-0.253
2436.529	252.231	-2.573	-0.278
2436.729	254.304	-2.550	-0.266
2436.929	256.284	-2.554	-0.299
2437.129	258.233	-2.524	-0.292
2437.329	260.298	-2.515	-0.298
2437.529	262.293	-2.481	-0.279
2437.629	263.444	-2.461	-0.260
2437.829	265.372	-2.467	-0.275
2438.029	267.349	-2.436	-0.265
2438.229	269.415	-2.460	-0.262
2438.429	271.468	-2.460	-0.274
2438.629	273.465	-2.457	-0.273
2438.829	275.681	-2.428	-0.293
2439.029	277.667	-2.423	-0.300
2439.230	279.595	-2.383	-0.291
2439.429	281.674	-2.378	-0.281
2439.629	283.660	-2.362	-0.273
2439.729	284.807	-2.349	-0.249
2439.930	286.825	-2.366	-0.285
2440.129	288.817	-2.347	-0.263
2440.329	290.847	-2.354	-0.272
2440.529	292.803	-2.332	-0.269
2440.629	293.929	-2.356	-0.277
2440.829	295.946	-2.344	-0.301
2441.029	297.900	-2.310	-0.286
2441.229	299.903	-2.301	-0.306
2441.429	302.079	-2.277	-0.294
2441.629	304.034	-2.275	-0.277
2441.829	306.140	-2.257	-0.267
2442.029	308.207	-2.258	-0.265
2442.229	310.197	-2.254	-0.283
2442.429	312.128	-2.245	-0.250
2442.629	314.271	-2.266	-0.306
2442.829	316.303	-2.242	-0.274
2443.029	318.328	-2.239	-0.316
2443.229	320.313	-2.201	-0.264
2443.429	322.336	-2.208	-0.303
2443.629	324.352	-2.184	-0.268
2443.830	326.496	-2.192	-0.282
2444.029	328.545	-2.173	-0.254
2444.229	330.554	-2.184	-0.297
2444.429	332.538	-2.149	-0.246
2444.629	334.541	-2.189	-0.311
2444.829	336.524	-2.146	-0.281
2445.029	338.714	-2.164	-0.322
2445.229	340.687	-2.102	-0.286
2445.429	342.638	-2.121	-0.305
2445.630	344.740	-2.070	-0.271
2445.829	346.739	-2.102	-0.281
2446.030	348.928	-2.074	-0.273
2446.229	350.848	-2.060	-0.267
2446.429	352.860	-2.072	-0.297
2446.629	354.911	-2.049	-0.284
2446.829	356.967	-2.048	-0.301
2447.029	358.964	-2.017	-0.298
2447.229	361.004	-2.005	-0.304
2447.429	363.048	-1.984	-0.296
2447.629	365.050	-1.969	-0.283
2447.829	367.062	-1.962	-0.281
2448.029	369.237	-1.968	-0.281
2448.229	371.112	-1.939	-0.274
2448.429	373.262	-1.950	-0.281
2448.629	375.243	-1.937	-0.313
2448.829	377.247	-1.926	-0.301
2449.029	379.259	-1.875	-0.312
2449.129	380.379	-1.834	-0.313
2449.329	382.465	-1.797	-0.319
2449.530	384.456	-1.702	-0.282
2449.729	386.444	-1.597	-0.287
2449.929	388.562	-1.417	-0.272
2450.129	390.345	-1.195	-0.276
2450.329	391.297	-0.991	-0.290
2450.529	391.507	-0.929	-0.296
2711.430	0.001	-4.888	0.684
2711.630	0.289	-4.907	0.679
2711.830	1.321	-4.889	0.695
2712.030	3.226	-4.886	0.703
2712.229	5.186	-4.901	0.701
2712.430	7.239	-4.879	0.723
2712.630	9.162	-4.920	0.710
2712.732	10.283	-4.889	0.699
2712.930	12.318	-4.916	0.687
2713.132	14.349	-4.914	0.679
2713.330	16.329	-4.898	0.694
2713.530	18.359	-4.885	0.694
2713.729	20.377	-4.896	0.699
2713.930	22.506	-4.884	0.712
2714.129	24.461	-4.887	0.702
2714.330	26.565	-4.905	0.698
2714.530	28.554	-4.904	0.690
2714.729	30.544	-4.912	0.675
2714.830	31.651	-4.921	0.641
2715.030	33.722	-4.909	0.661
2715.229	35.690	-4.890	0.656
2715.430	37.817	-4.715	0.567
2715.630	39.726	-4.195	0.174
2715.830	41.843	-4.194	0.138
2716.029	43.767	-4.191	0.126
2716.129	44.875	-4.194	0.102
2716.330	46.862	-4.169	0.082
2716.530	49.002	-4.120	0.071
2716.729	51.007	-4.067	0.059
2716.930	52.972	-4.038	0.041
2717.130	55.056	-3.989	0.012
2717.330	57.030	-3.956	0.009
2717.430	58.163	-3.924	0.003
2717.630	60.164	-3.896	-0.018
2717.830	62.120	-3.874	-0.032
2718.030	64.150	-3.852	-0.065
2718.229	66.245	-3.800	-0.037
2718.430	68.242	-3.807	-0.079
2718.630	70.266	-3.763	-0.073
2718.829	72.265	-3.744	-0.080
2719.030	74.272	-3.704	-0.069
2719.230	76.446	-3.699	-0.083
2719.430	78.400	-3.664	-0.078
2719.630	80.500	-3.663	-0.083
2719.830	82.503	-3.632	-0.103
2720.029	84.442	-3.644	-0.100
2720.230	86.468	-3.593	-0.060
2720.330	87.595	-3.602	-0.092
2720.530	89.620	-3.574	-0.101
2720.730	91.666	-3.548	-0.113
2720.930	93.652	-3.526	-0.101
2721.130	95.667	-3.506	-0.113
2721.329	97.664	-3.513	-0.110
2721.430	98.786	-3.497	-0.122
2721.630	100.872	-3.487	-0.115
2721.829	102.837	-3.485	-0.120
2722.029	104.944	-3.462	-0.134
2722.230	106.844	-3.461	-0.147
2722.329	107.949	-3.466	-0.198
2722.530	109.998	-3.428	-0.154
2722.729	111.961	-3.438	-0.190
2722.929	114.083	-3.393	-0.170
2723.130	116.089	-3.396	-0.163
2723.329	118.051	-3.376	-0.164
2723.530	120.067	-3.386	-0.164
2723.730	122.117	-3.382	-0.181
2723.929	124.200	-3.361	-0.185
2724.130	126.244	-3.365	-0.210
2724.330	128.253	-3.339	-0.202
2724.530	130.215	-3.334	-0.224
2724.730	132.318	-3.289	-0.195
2724.930	134.285	-3.301	-0.206
2725.029	135.427	-3.278	-0.194
2725.230	137.455	-3.304	-0.213
2725.430	139.439	-3.266	-0.197
2725.630	141.453	-3.304	-0.243
2725.830	143.461	-3.260	-0.231
2726.029	145.469	-3.272	-0.243
2726.229	147.525	-3.226	-0.227
2726.429	149.649	-3.214	-0.246
2726.630	151.632	-3.192	-0.236
2726.830	153.635	-3.189	-0.226
2727.030	155.742	-3.173	-0.218
2727.230	157.796	-3.193	-0.245
2727.429	159.795	-3.169	-0.219
2727.630	161.773	-3.174	-0.267
2727.830	163.893	-3.131	-0.239
2728.029	165.875	-3.138	-0.277
2728.230	167.942	-3.092	-0.233
2728.429	169.882	-3.091	-0.256
2728.630	172.027	-3.073	-0.235
2728.830	174.057	-3.071	-0.233
2729.030	176.080	-3.063	-0.242
2729.230	178.061	-3.057	-0.255
2729.429	180.084	-3.051	-0.267
2729.630	182.104	-3.013	-0.259
2729.730	183.215	-3.007	-0.260
2729.929	185.151	-2.990	-0.283
2730.030	186.251	-2.991	-0.251
2730.230	188.407	-2.967	-0.259
2730.430	190.386	-2.958	-0.249
2730.630	192.340	-2.941	-0.240
2730.830	194.418	-2.960	-0.252
2731.030	196.383	-2.932	-0.256
2731.230	198.526	-2.926	-0.269
2731.430	200.429	-2.916	-0.287
2731.630	202.576	-2.874	-0.268
2731.829	204.567	-2.850	-0.274
2732.030	206.544	-2.839	-0.263
2732.230	208.576	-2.847	-0.259
2732.430	210.643	-2.824	-0.253
2732.630	212.676	-2.825	-0.255
2732.830	214.672	-2.821	-0.286
2733.030	216.687	-2.798	-0.286
2733.230	218.722	-2.779	-0.273
2733.430	220.866	-2.738	-0.273
2733.630	222.962	-2.729	-0.269
2733.829	224.970	-2.702	-0.264
2734.029	226.968	-2.731	-0.260
2734.230	228.992	-2.700	-0.255
2734.429	230.978	-2.717	-0.268
2734.630	232.982	-2.692	-0.276
2734.829	235.025	-2.691	-0.293
2735.030	237.145	-2.649	-0.293
2735.230	239.213	-2.646	-0.299
2735.430	241.218	-2.603	-0.273
2735.630	243.196	-2.616	-0.273
2735.830	245.312	-2.600	-0.267
2736.029	247.305	-2.608	-0.257
2736.230	249.391	-2.571	-0.272
2736.430	251.334	-2.581	-0.276
2736.630	253.347	-2.553	-0.297
2736.830	255.535	-2.532	-0.289
2737.030	257.455	-2.508	-0.277
2737.230	259.440	-2.518	-0.287
2737.429	261.626	-2.488	-0.259
2737.630	263.516	-2.502	-0.274
2737.830	265.567	-2.478	-0.261
2738.029	267.562	-2.493	-0.297
2738.230	269.598	-2.456	-0.280
2738.430	271.735	-2.452	-0.282
2738.630	273.803	-2.443	-0.309
2738.830	275.783	-2.416	-0.295
2739.030	277.733	-2.386	-0.282
2739.230	279.816	-2.389	-0.273
2739.430	281.823	-2.383	-0.270
2739.629	283.972	-2.388	-0.269
2739.830	285.893	-2.371	-0.273
2740.029	287.920	-2.399	-0.297
2740.230	289.965	-2.349	-0.282
2740.429	292.029	-2.360	-0.309
2740.629	294.019	-2.299	-0.270
2740.830	296.047	-2.333	-0.290
2741.030	298.063	-2.297	-0.268
2741.230	300.208	-2.312	-0.271
2741.430	302.292	-2.306	-0.282
2741.629	304.268	-2.300	-0.290
2741.830	306.201	-2.300	-0.298
2742.029	308.279	-2.279	-0.296
2742.230	310.384	-2.261	-0.286
2742.430	312.451	-2.250	-0.301
2742.629	314.415	-2.228	-0.258
2742.829	316.559	-2.236	-0.283
2743.030	318.441	-2.222	-0.253
2743.230	320.555	-2.248	-0.298
2743.430	322.578	-2.220	-0.274
2743.629	324.628	-2.242	-0.316
2743.829	326.629	-2.209	-0.310
2744.029	328.632	-2.210	-0.300
2744.129	329.736	-2.170	-0.258
2744.330	331.726	-2.170	-0.274
2744.530	333.872	-2.175	-0.271
2744.730	335.715	-2.160	-0.266
2744.930	337.858	-2.159	-0.281
2745.130	339.953	-2.151	-0.295
2745.329	341.953	-2.147	-0.312
2745.530	343.910	-2.114	-0.292
2745.730	345.988	-2.107	-0.307
2745.929	347.992	-2.074	-0.291
2746.129	349.992	-2.064	-0.275
2746.330	352.001	-2.052	-0.294
2746.530	354.123	-2.046	-0.264
2746.730	356.194	-2.061	-0.296
2746.930	358.168	-2.039	-0.276
2747.130	360.120	-2.034	-0.318
2747.330	362.212	-1.994	-0.287
2747.530	364.221	-1.994	-0.325
2747.730	366.380	-1.938	-0.279
2747.930	368.309	-1.959	-0.300
2748.129	370.307	-1.930	-0.270
2748.330	372.365	-1.929	-0.281
2748.530	374.442	-1.935	-0.281
2748.730	376.434	-1.918	-0.300
2748.930	378.452	-1.910	-0.317
2749.130	380.487	-1.836	-0.307
2749.329	382.597	-1.776	-0.296
2749.530	384.674	-1.713	-0.299
2749.730	386.649	-1.588	-0.284
2749.930	388.724	-1.416	-0.276
2750.129	390.353	-1.205	-0.275
2750.229	390.973	-1.021	-0.291
2750.430	391.495	-0.969	-0.281
2750.630	391.507	-0.946	-0.315
3011.530	0.001	-4.872	0.828
3011.729	0.341	-4.896	0.778
3011.930	1.430	-4.892	0.769
3012.130	3.335	-4.875	0.793
3012.330	5.298	-4.897	0.779
3012.430	6.427	-4.863	0.826
3012.630	8.451	-4.892	0.802
3012.830	10.418	-4.898	0.793
3013.030	12.440	-4.900	0.793
3013.230	14.421	-4.909	0.789
3013.430	16.610	-4.895	0.763
3013.630	18.599	-4.891	0.802
3013.830	20.552	-4.883	0.777
3014.030	22.559	-4.888	0.798
3014.230	24.740	-4.889	0.800
3014.430	26.682	-4.888	0.820
3014.630	28.768	-4.905	0.795
3014.830	30.773	-4.908	0.781
3015.030	32.744	-4.894	0.784
3015.230	34.886	-4.890	0.777
3015.430	36.883	-4.890	0.740
3015.630	38.939	-4.342	0.388
3015.829	40.872	-4.197	0.196
3015.930	42.001	-4.225	0.156
3016.130	44.028	-4.198	0.128
3016.330	46.045	-4.181	0.110
3016.530	48.029	-4.114	0.083
3016.730	50.059	-4.098	0.059
3016.930	52.087	-4.038	0.041
3017.129	54.196	-4.017	0.035
3017.329	56.138	-3.980	0.022
3017.530	58.271	-3.955	0.028
3017.730	60.269	-3.914	0.000
3017.930	62.273	-3.876	-0.002
3018.130	64.397	-3.852	-0.044
3018.330	66.492	-3.819	-0.053
3018.530	68.470	-3.778	-0.086
3018.730	70.449	-3.747	-0.082
3018.930	72.573	-3.727	-0.084
3019.129	74.578	-3.705	-0.090
3019.329	76.476	-3.670	-0.100
3019.530	78.518	-3.671	-0.117
3019.730	80.673	-3.626	-0.123
3019.930	82.740	-3.630	-0.150
3020.130	84.647	-3.591	-0.124
3020.330	86.648	-3.585	-0.101
3020.430	87.815	-3.546	-0.099
3020.630	89.704	-3.547	-0.121
3020.830	91.864	-3.511	-0.091
3021.030	93.890	-3.533	-0.124
3021.230	95.881	-3.487	-0.095
3021.430	97.878	-3.496	-0.114
3021.630	99.957	-3.502	-0.136
3021.830	101.927	-3.481	-0.156
3021.930	103.075	-3.459	-0.149
3022.130	105.091	-3.455	-0.164
3022.330	107.060	-3.419	-0.154
3022.530	109.047	-3.410	-0.160
3022.730	111.060	-3.405	-0.135
3022.930	113.211	-3.401	-0.154
3023.130	115.310	-3.407	-0.159
3023.329	117.150	-3.396	-0.180
3023.530	119.358	-3.372	-0.179
3023.730	121.264	-3.374	-0.198
3023.930	123.287	-3.344	-0.197
3024.030	124.458	-3.355	-0.202
3024.230	126.337	-3.337	-0.177
3024.430	128.465	-3.330	-0.182
3024.630	130.509	-3.323	-0.184
3024.829	132.412	-3.327	-0.199
3024.930	133.529	-3.320	-0.237
3025.130	135.534	-3.284	-0.194
3025.330	137.690	-3.299	-0.241
3025.530	139.672	-3.262	-0.216
3025.730	141.661	-3.265	-0.226
3025.930	143.643	-3.231	-0.203
3026.130	145.700	-3.241	-0.202
3026.330	147.692	-3.221	-0.201
3026.430	148.806	-3.242	-0.217
3026.630	150.891	-3.239	-0.236
3026.830	152.880	-3.213	-0.243
3027.030	154.859	-3.182	-0.229
3027.230	156.925	-3.164	-0.234
3027.430	158.997	-3.150	-0.221
3027.629	161.014	-3.138	-0.228
3027.830	163.065	-3.139	-0.218
3028.030	165.071	-3.127	-0.221
3028.230	167.119	-3.139	-0.246
3028.430	169.153	-3.093	-0.237
3028.630	171.131	-3.084	-0.245
3028.830	173.131	-3.072	-0.239
3029.030	175.157	-3.042	-0.224
3029.130	176.277	-3.036	-0.208
3029.330	178.280	-3.038	-0.237
3029.530	180.260	-3.035	-0.222
3029.730	182.448	-3.024	-0.244
3029.930	184.423	-3.001	-0.227
3030.130	186.354	-3.016	-0.271
3030.330	188.410	-2.960	-0.248
3030.530	190.513	-2.965	-0.261
3030.730	192.526	-2.911	-0.240
3030.930	194.572	-2.926	-0.226
3031.130	196.585	-2.917	-0.240
3031.330	198.602	-2.924	-0.237
3031.530	200.672	-2.899	-0.253
3031.730	202.629	-2.891	-0.256
3031.930	204.756	-2.868	-0.271
3032.130	206.761	-2.839	-0.252
3032.330	208.918	-2.826	-0.257
3032.530	210.801	-2.820	-0.243
3032.730	212.778	-2.799	-0.235
3032.830	213.932	-2.826	-0.262
3033.030	215.967	-2.807	-0.253
3033.230	217.950	-2.792	-0.262
3033.430	219.967	-2.764	-0.264
3033.630	222.050	-2.758	-0.284
3033.830	224.054	-2.723	-0.263
3034.030	226.077	-2.721	-0.259
3034.230	228.061	-2.682	-0.234
3034.430	230.267	-2.719	-0.258
3034.630	232.239	-2.691	-0.236
3034.830	234.193	-2.698	-0.273
3035.029	236.291	-2.669	-0.270
3035.230	238.295	-2.657	-0.282
3035.430	240.422	-2.632	-0.264
3035.630	242.385	-2.610	-0.257
3035.830	244.409	-2.608	-0.258
3036.030	246.447	-2.601	-0.252
3036.230	248.480	-2.597	-0.245
3036.430	250.473	-2.581	-0.264
3036.630	252.516	-2.567	-0.271
3036.830	254.550	-2.549	-0.274
3037.030	256.543	-2.519	-0.254
3037.230	258.567	-2.517	-0.265
3037.329	259.766	-2.520	-0.272
3037.530	261.771	-2.501	-0.262
3037.730	263.765	-2.496	-0.257
3037.930	265.747	-2.490	-0.251
3038.130	267.752	-2.489	-0.282
3038.330	269.778	-2.457	-0.270
3038.530	271.899	-2.443	-0.281
3038.730	273.977	-2.431	-0.267
3038.930	275.981	-2.420	-0.272
3039.130	277.968	-2.406	-0.256
3039.330	280.076	-2.409	-0.254
3039.430	281.100	-2.383	-0.231
3039.630	283.143	-2.409	-0.269
3039.830	285.070	-2.377	-0.258
3040.030	287.112	-2.370	-0.275
3040.230	289.100	-2.350	-0.280
3040.430	291.204	-2.355	-0.274
3040.630	293.203	-2.323	-0.248
3040.830	295.380	-2.344	-0.269
3041.030	297.274	-2.323	-0.255
3041.230	299.269	-2.336	-0.285
3041.330	300.416	-2.296	-0.237
3041.530	302.330	-2.310	-0.284
3041.730	304.453	-2.291	-0.274
3041.930	306.530	-2.282	-0.273
3042.132	308.536	-2.261	-0.275
3042.332	310.497	-2.268	-0.257
3042.530	312.589	-2.261	-0.261
3042.730	314.557	-2.262	-0.254
3042.930	316.533	-2.267	-0.271
3043.130	318.638	-2.261	-0.280
3043.330	320.668	-2.241	-0.277
3043.530	322.796	-2.208	-0.273
3043.730	324.794	-2.207	-0.274
3043.930	326.834	-2.196	-0.262
3044.130	328.906	-2.201	-0.259
3044.330	330.800	-2.197	-0.265
3044.530	332.940	-2.192	-0.275
3044.730	334.964	-2.184	-0.296
3044.930	336.997	-2.166	-0.272
3045.130	339.000	-2.146	-0.288
3045.330	341.015	-2.121	-0.265
3045.530	343.079	-2.131	-0.265
3045.730	345.056	-2.103	-0.245
3045.930	347.122	-2.122	-0.285
3046.130	349.092	-2.093	-0.265
3046.230	350.260	-2.072	-0.258
3046.430	352.137	-2.084	-0.298
3046.530	353.263	-2.059	-0.284
3046.730	355.272	-2.048	-0.294
3046.930	357.322	-2.018	-0.276
3047.129	359.335	-1.996	-0.260
3047.330	361.384	-1.985	-0.251
3047.530	363.456	-1.999	-0.270
3047.730	365.439	-1.976	-0.265
3047.930	367.545	-1.974	-0.286
3048.130	369.573	-1.944	-0.278
3048.330	371.523	-1.943	-0.300
3048.530	373.634	-1.908	-0.253
3048.730	375.622	-1.911	-0.277
3048.930	377.570	-1.897	-0.258
3049.130	379.670	-1.864	-0.283
3049.330	381.637	-1.822	-0.269
3049.430	382.710	-1.744	-0.275
3049.630	384.777	-1.728	-0.303
3049.830	386.749	-1.602	-0.291
3050.030	388.836	-1.411	-0.284
3050.230	390.479	-1.188	-0.270
3050.330	391.076	-1.045	-0.285
3050.530	391.501	-0.951	-0.231
3311.530	0.001	-4.919	0.857
3311.730	0.009	-4.882	0.861
3311.930	0.543	-4.893	0.852
3312.130	1.792	-4.862	0.866
3312.330	3.782	-4.890	0.851
3312.430	4.869	-4.837	0.891
3312.630	6.875	-4.859	0.879
3312.830	8.879	-4.875	0.881
3312.930	9.968	-4.859	0.909
3313.130	11.889	-4.876	0.878
3313.230	12.965	-4.884	0.884
3313.430	14.950	-4.871	0.875
3313.630	17.109	-4.882	0.864
3313.830	19.036	-4.887	0.856
3314.030	21.095	-4.861	0.872
3314.230	23.180	-4.863	0.860
3314.430	25.166	-4.850	0.890
3314.630	27.210	-4.862	0.886
3314.830	29.197	-4.870	0.890
3315.030	31.289	-4.885	0.874
3315.230	33.283	-4.860	0.866
3315.330	34.433	-4.863	0.862
3315.530	36.340	-4.894	0.807
3315.730	38.460	-4.466	0.517
3315.930	40.494	-4.194	0.193
3316.130	42.518	-4.189	0.156
3316.331	44.479	-4.205	0.104
3316.530	46.504	-4.166	0.090
3316.730	48.509	-4.150	0.063
3316.830	49.608	-4.109	0.060
3317.030	51.640	-4.115	-0.009
3317.230	53.606	-4.050	0.010
3317.430	55.817	-4.036	-0.018
3317.630	57.780	-3.970	-0.009
3317.830	59.742	-3.945	-0.033
3318.030	61.789	-3.882	-0.029
3318.230	63.893	-3.858	-0.053
3318.430	65.916	-3.837	-0.066
3318.630	67.840	-3.798	-0.086
3318.830	69.996	-3.772	-0.083
3319.030	71.978	-3.751	-0.101
3319.230	73.942	-3.708	-0.109
3319.430	76.091	-3.684	-0.129
3319.630	78.028	-3.621	-0.112
3319.830	80.053	-3.644	-0.149
3320.030	82.198	-3.600	-0.147
3320.230	84.300	-3.599	-0.179
3320.430	86.277	-3.566	-0.130
3320.630	88.241	-3.557	-0.145
3320.830	90.348	-3.498	-0.148
3321.030	92.370	-3.506	-0.176
3321.230	94.337	-3.493	-0.170
3321.430	96.342	-3.482	-0.157
3321.630	98.467	-3.451	-0.152
3321.830	100.545	-3.449	-0.166
3322.030	102.529	-3.457	-0.170
3322.230	104.493	-3.443	-0.182
3322.430	106.576	-3.426	-0.198
3322.630	108.579	-3.415	-0.198
3322.830	110.563	-3.402	-0.207
3323.030	112.682	-3.368	-0.181
3323.230	114.699	-3.374	-0.196
3323.430	116.762	-3.389	-0.201
3323.630	118.715	-3.354	-0.171
3323.830	120.731	-3.381	-0.212
3323.930	121.884	-3.345	-0.212
3324.130	123.916	-3.356	-0.221
3324.330	125.914	-3.322	-0.219
3324.530	127.948	-3.316	-0.211
3324.730	129.960	-3.295	-0.205
3324.930	131.944	-3.305	-0.221
3325.030	133.103	-3.281	-0.191
3325.230	134.975	-3.300	-0.208
3325.330	136.106	-3.275	-0.217
3325.530	138.135	-3.263	-0.214
3325.730	140.134	-3.289	-0.242
3325.930	142.151	-3.244	-0.233
3326.130	144.183	-3.256	-0.256
3326.330	146.169	-3.204	-0.226
3326.530	148.403	-3.200	-0.215
3326.730	150.231	-3.189	-0.226
3326.830	151.365	-3.194	-0.205
3327.030	153.491	-3.186	-0.215
3327.230	155.331	-3.177	-0.239
3327.330	156.498	-3.189	-0.241
3327.530	158.431	-3.169	-0.258
3327.730	160.453	-3.145	-0.241
3327.830	161.595	-3.114	-0.234
3328.030	163.491	-3.106	-0.246
3328.230	165.614	-3.113	-0.229
3328.430	167.647	-3.100	-0.228
3328.630	169.663	-3.099	-0.235
3328.830	171.657	-3.094	-0.253
3329.030	173.660	-3.070	-0.248
3329.230	175.727	-3.073	-0.269
3329.430	177.860	-3.028	-0.268
3329.630	179.758	-3.024	-0.256
3329.830	181.874	-2.994	-0.234
3330.030	183.876	-2.995	-0.230
3330.230	185.899	-2.991	-0.231
3330.430	187.881	-2.992	-0.246
3330.630	189.903	-2.988	-0.261
3330.830	191.947	-2.953	-0.263
3331.030	194.093	-2.954	-0.273
3331.230	196.094	-2.918	-0.262
3331.430	198.089	-2.892	-0.250
3331.630	200.085	-2.897	-0.262
3331.830	202.207	-2.878	-0.241
3332.030	204.186	-2.881	-0.259
3332.230	206.334	-2.846	-0.258
3332.430	208.343	-2.851	-0.275
3332.630	210.338	-2.822	-0.273
3332.830	212.357	-2.802	-0.255
3333.030	214.341	-2.785	-0.270
3333.230	216.403	-2.779	-0.257
3333.430	218.419	-2.766	-0.251
3333.630	220.549	-2.774	-0.251
3333.830	222.533	-2.755	-0.258
3334.030	224.551	-2.759	-0.282
3334.230	226.526	-2.716	-0.275
3334.430	228.719	-2.716	-0.288
3334.630	230.682	-2.682	-0.263
3334.830	232.648	-2.669	-0.264
3335.030	234.729	-2.660	-0.237
3335.230	236.796	-2.656	-0.251
3335.430	238.765	-2.646	-0.269
3335.630	240.828	-2.656	-0.286
3335.830	242.819	-2.616	-0.269
3336.030	244.869	-2.615	-0.283
3336.230	246.881	-2.574	-0.252
3336.330	247.990	-2.607	-0.296
3336.530	250.067	-2.560	-0.251
3336.730	252.032	-2.588	-0.262
3336.930	254.001	-2.549	-0.251
3337.130	256.063	-2.550	-0.263
3337.330	258.178	-2.549	-0.275
3337.530	260.203	-2.522	-0.281
3337.730	262.173	-2.489	-0.266
3337.930	264.333	-2.490	-0.286
3338.130	266.194	-2.459	-0.244
3338.230	267.304	-2.508	-0.275
3338.430	269.308	-2.454	-0.249
3338.630	271.333	-2.476	-0.268
3338.830	273.336	-2.461	-0.276
3339.030	275.358	-2.444	-0.280
3339.230	277.438	-2.430	-0.284
3339.430	279.427	-2.394	-0.280
3339.630	281.566	-2.399	-0.277
3339.830	283.592	-2.366	-0.261
3340.030	285.560	-2.390	-0.253
3340.230	287.665	-2.395	-0.281
3340.430	289.652	-2.370	-0.270
3340.630	291.822	-2.367	-0.284
3340.830	293.706	-2.338	-0.283
3341.030	295.706	-2.332	-0.287
3341.130	296.853	-2.285	-0.267
3341.330	298.748	-2.306	-0.273
3341.430	299.840	-2.331	-0.285
3341.630	301.922	-2.299	-0.257
3341.830	303.891	-2.314	-0.258
3342.030	306.041	-2.308	-0.270
3342.230	307.924	-2.303	-0.285
3342.430	310.049	-2.277	-0.290
3342.630	312.056	-2.282	-0.296
3342.830	314.102	-2.248	-0.284
3343.031	316.107	-2.251	-0.278
3343.230	318.167	-2.244	-0.264
3343.430	320.146	-2.231	-0.256
3343.630	322.351	-2.232	-0.254
3343.830	324.266	-2.253	-0.300
3344.030	326.256	-2.208	-0.259
3344.230	328.435	-2.210	-0.301
3344.430	330.319	-2.177	-0.259
3344.630	332.451	-2.200	-0.299
3344.830	334.475	-2.150	-0.236
3345.030	336.482	-2.188	-0.274
3345.230	338.509	-2.159	-0.258
3345.430	340.505	-2.168	-0.269
3345.630	342.624	-2.134	-0.279
3345.830	344.629	-2.138	-0.299
3346.030	346.642	-2.109	-0.303
3346.230	348.615	-2.083	-0.279
3346.430	350.825	-2.066	-0.269
3346.630	352.816	-2.061	-0.265
3346.830	354.806	-2.053	-0.260
3347.030	356.927	-2.052	-0.286
3347.230	358.788	-2.030	-0.273
3347.430	360.994	-2.036	-0.295
3347.630	362.906	-1.977	-0.274
3347.830	364.930	-1.965	-0.286
3348.030	366.926	-1.931	-0.265
3348.230	369.029	-1.964	-0.271
3348.430	371.025	-1.930	-0.267
3348.630	373.212	-1.957	-0.297
3348.830	375.113	-1.908	-0.285
3349.030	377.118	-1.911	-0.312
3349.130	378.265	-1.847	-0.275
3349.330	380.181	-1.836	-0.302
3349.530	382.295	-1.783	-0.279
3349.730	384.389	-1.707	-0.270
3349.930	386.375	-1.622	-0.255
3350.130	388.350	-1.490	-0.283
3350.330	390.206	-1.278	-0.272
3350.530	391.235	-1.087	-0.308
3350.731	391.507	-0.972	-0.270
