TimeSec	Probe1mm	ConductivityP1V	TemperatureP1V
600.101	0.000	-4.822	0.062
600.301	0.089	-4.807	0.097
600.502	0.906	-4.806	0.077
600.701	2.557	-4.824	0.067
600.901	4.609	-4.809	0.078
601.101	6.579	-4.804	0.084
601.301	8.573	-4.807	0.059
601.501	10.598	-4.818	0.071
601.701	12.627	-4.809	0.082
601.901	14.639	-4.818	0.079
602.001	15.746	-4.828	0.057
602.201	17.837	-4.797	0.084
602.401	19.816	-4.815	0.082
602.601	21.765	-4.826	0.057
602.802	23.909	-4.816	0.071
603.001	25.957	-4.800	0.083
603.201	27.946	-4.819	0.058
603.401	29.921	-4.806	0.072
603.601	32.077	-4.808	0.068
603.801	34.021	-4.779	0.056
604.001	35.992	-4.821	0.025
604.201	38.153	-3.907	0.060
604.401	40.132	-2.483	0.124
604.601	42.248	-2.271	0.052
604.801	44.149	-2.125	0.076
605.001	46.201	-2.184	0.017
605.201	48.387	-2.223	0.048
605.401	50.323	-2.200	0.022
605.601	52.315	-2.156	0.007
605.801	54.394	-2.066	-0.019
606.001	56.374	-1.805	0.024
606.201	58.524	-1.966	-0.047
606.402	60.406	-2.019	-0.036
606.501	61.515	-2.032	-0.027
606.701	63.495	-1.947	-0.059
606.902	65.481	-1.685	-0.074
607.001	66.593	-1.422	-0.126
607.201	68.559	-0.972	-0.087
607.301	69.658	-0.466	-0.092
607.501	71.606	-0.790	-0.122
607.701	73.618	-1.190	-0.097
607.801	74.739	-1.401	-0.117
608.001	76.753	-1.644	-0.130
608.201	78.805	-1.502	-0.141
608.401	80.772	-1.474	-0.138
608.601	82.918	-1.505	-0.155
608.801	84.896	-1.376	-0.141
609.001	86.927	-1.524	-0.049
609.201	88.924	-1.558	-0.073
609.401	90.970	-1.685	-0.066
609.602	93.014	-1.624	-0.075
609.801	95.003	-1.628	-0.089
610.002	97.017	-1.473	-0.086
610.201	99.204	-1.295	-0.091
610.401	101.145	-1.330	-0.108
610.601	103.234	-1.512	-0.079
610.801	105.216	-1.519	-0.116
611.001	107.353	-1.774	-0.116
611.201	109.249	-1.763	-0.107
611.401	111.348	-1.823	-0.112
611.601	113.402	-1.791	-0.129
611.801	115.384	-1.805	-0.141
612.001	117.420	-1.841	-0.113
612.201	119.420	-1.847	-0.132
612.401	121.538	-1.832	-0.140
612.601	123.657	-1.813	-0.149
612.801	125.655	-1.748	-0.120
613.001	127.630	-1.758	-0.148
613.201	129.604	-1.733	-0.144
613.401	131.613	-1.741	-0.138
613.501	132.791	-1.735	-0.145
613.701	134.716	-1.780	-0.175
613.901	136.721	-1.706	-0.134
614.001	137.869	-1.722	-0.160
614.201	139.753	-1.732	-0.156
614.301	140.859	-1.685	-0.162
614.501	142.892	-1.708	-0.163
614.702	144.931	-1.692	-0.147
614.902	146.935	-1.728	-0.155
615.101	148.891	-1.735	-0.171
615.201	149.966	-1.747	-0.151
615.302	151.091	-1.823	-0.173
615.502	152.970	-1.775	-0.149
615.702	155.100	-1.792	-0.152
615.901	157.049	-1.799	-0.182
616.102	159.176	-1.818	-0.165
616.301	161.211	-1.807	-0.158
616.501	163.180	-1.842	-0.163
616.701	165.178	-1.836	-0.166
616.901	167.204	-1.859	-0.173
617.101	169.290	-1.818	-0.153
617.302	171.477	-1.851	-0.194
617.501	173.399	-1.808	-0.166
617.701	175.417	-1.816	-0.167
617.902	177.376	-1.791	-0.182
618.101	179.460	-1.775	-0.172
618.301	181.565	-1.782	-0.182
618.501	183.595	-1.779	-0.192
618.701	185.617	-1.742	-0.160
618.901	187.559	-1.750	-0.196
619.101	189.660	-1.721	-0.155
619.302	191.614	-1.719	-0.201
619.401	192.691	-1.722	-0.150
619.602	194.681	-1.706	-0.201
619.701	195.787	-1.695	-0.188
619.901	197.834	-1.686	-0.175
620.101	199.877	-1.685	-0.197
620.301	201.822	-1.668	-0.163
620.501	203.840	-1.675	-0.219
620.701	205.969	-1.634	-0.165
620.901	208.068	-1.655	-0.221
621.101	210.047	-1.613	-0.169
621.301	212.080	-1.621	-0.212
621.501	213.998	-1.613	-0.187
621.601	215.127	-1.555	-0.190
621.801	217.142	-1.603	-0.191
622.002	219.157	-1.589	-0.205
622.201	221.137	-1.554	-0.185
622.401	223.163	-1.532	-0.181
622.601	225.337	-1.577	-0.237
622.801	227.290	-1.504	-0.180
623.001	229.367	-1.532	-0.207
623.201	231.316	-1.495	-0.168
623.401	233.334	-1.516	-0.230
623.601	235.357	-1.478	-0.191
623.701	236.467	-1.461	-0.204
623.902	238.468	-1.483	-0.188
624.101	240.579	-1.456	-0.204
624.301	242.582	-1.444	-0.183
624.502	244.626	-1.440	-0.222
624.701	246.631	-1.450	-0.206
624.901	248.600	-1.407	-0.198
625.001	249.703	-1.393	-0.213
625.201	251.663	-1.404	-0.189
625.401	253.787	-1.408	-0.228
625.601	255.785	-1.351	-0.176
625.802	257.939	-1.391	-0.229
626.001	259.817	-1.369	-0.201
626.201	261.816	-1.340	-0.208
626.301	262.987	-1.343	-0.219
626.501	264.865	-1.334	-0.193
626.701	266.972	-1.314	-0.225
626.901	269.057	-1.335	-0.203
627.101	271.003	-1.294	-0.203
627.201	272.149	-1.289	-0.206
627.401	274.047	-1.304	-0.216
627.601	276.096	-1.273	-0.206
627.801	278.116	-1.253	-0.185
628.001	280.128	-1.247	-0.213
628.201	282.256	-1.256	-0.211
628.401	284.320	-1.224	-0.202
628.601	286.271	-1.230	-0.197
628.801	288.439	-1.194	-0.221
629.001	290.382	-1.232	-0.207
629.202	292.407	-1.183	-0.226
629.402	294.460	-1.177	-0.184
629.602	296.495	-1.151	-0.220
629.801	298.502	-1.192	-0.213
630.002	300.504	-1.130	-0.217
630.201	302.525	-1.144	-0.191
630.402	304.529	-1.124	-0.224
630.501	305.743	-1.158	-0.263
630.701	307.754	-1.099	-0.181
630.901	309.728	-1.105	-0.222
631.102	311.727	-1.116	-0.203
631.301	313.706	-1.073	-0.207
631.501	315.869	-1.083	-0.199
631.702	317.798	-1.057	-0.234
631.902	319.915	-1.093	-0.207
632.101	321.947	-1.047	-0.214
632.301	323.972	-1.046	-0.203
632.501	326.019	-1.024	-0.220
632.701	327.939	-1.039	-0.225
632.901	330.076	-1.025	-0.201
633.101	331.998	-0.999	-0.186
633.301	334.084	-1.033	-0.234
633.501	336.086	-1.004	-0.233
633.701	338.127	-0.987	-0.198
633.901	340.157	-0.989	-0.223
634.102	342.313	-0.996	-0.243
634.301	344.215	-0.960	-0.212
634.501	346.252	-0.992	-0.219
634.601	347.372	-0.940	-0.212
634.801	349.305	-0.948	-0.215
635.001	351.437	-0.970	-0.215
635.201	353.388	-0.927	-0.206
635.401	355.409	-0.955	-0.213
635.601	357.494	-0.944	-0.221
635.802	359.599	-0.934	-0.215
636.001	361.529	-0.879	-0.194
636.202	363.715	-0.958	-0.249
636.401	365.645	-0.886	-0.208
636.602	367.649	-0.913	-0.223
636.801	369.791	-0.871	-0.202
637.001	371.771	-0.912	-0.238
637.202	373.796	-0.897	-0.211
637.401	375.860	-0.884	-0.216
637.601	377.871	-0.859	-0.200
637.801	379.869	-0.886	-0.264
638.002	381.900	-0.855	-0.196
638.201	383.948	-0.849	-0.216
638.401	385.942	-0.854	-0.223
638.601	388.100	-0.819	-0.220
638.801	389.988	-0.808	-0.208
639.001	391.121	-0.795	-0.209
639.201	391.508	-0.763	-0.219
901.402	6.579	-4.832	0.559
901.602	6.638	-4.802	0.612
901.802	7.294	-4.782	0.593
902.002	8.850	-4.798	0.589
902.202	10.853	-4.788	0.615
902.402	12.852	-4.796	0.603
902.601	14.831	-4.796	0.578
902.802	17.038	-4.802	0.635
903.002	19.037	-4.795	0.596
903.201	20.976	-4.779	0.612
903.401	22.961	-4.808	0.575
903.502	24.065	-4.799	0.619
903.701	26.106	-4.782	0.610
903.901	28.081	-4.819	0.565
904.002	29.208	-4.785	0.604
904.202	31.207	-4.805	0.587
904.402	33.169	-4.779	0.578
904.602	35.191	-4.790	0.545
904.802	37.236	-2.662	0.248
905.001	39.330	-2.547	0.104
905.202	41.356	-2.545	0.055
905.401	43.361	-2.552	0.037
905.602	45.517	-2.533	0.064
905.802	47.386	-2.526	0.008
906.002	49.521	-2.480	0.037
906.202	51.547	-2.482	0.018
906.402	53.560	-2.433	0.001
906.602	55.542	-2.443	-0.014
906.802	57.559	-2.416	-0.008
907.002	59.768	-2.367	-0.016
907.201	61.756	-2.352	-0.024
907.402	63.734	-2.355	-0.062
907.601	65.798	-2.337	-0.054
907.802	67.896	-2.301	-0.057
908.002	69.879	-2.292	-0.074
908.202	71.831	-2.309	-0.107
908.402	73.911	-2.248	-0.069
908.602	75.912	-2.279	-0.139
908.802	77.893	-2.250	-0.112
909.002	80.026	-2.234	-0.118
909.201	82.052	-2.209	-0.123
909.402	84.119	-2.221	-0.084
909.602	86.051	-2.201	-0.065
909.801	88.188	-2.164	-0.077
910.002	90.201	-2.176	-0.085
910.201	92.236	-2.171	-0.085
910.402	94.243	-2.110	-0.068
910.602	96.273	-2.167	-0.136
910.802	98.311	-2.122	-0.087
911.002	100.356	-2.128	-0.086
911.201	102.314	-2.083	-0.109
911.301	103.406	-2.106	-0.128
911.502	105.410	-2.103	-0.115
911.702	107.415	-2.070	-0.110
911.902	109.552	-2.050	-0.129
912.102	111.575	-2.085	-0.154
912.302	113.557	-2.049	-0.111
912.502	115.715	-2.019	-0.136
912.702	117.628	-2.044	-0.153
912.902	119.638	-2.022	-0.130
913.101	121.783	-1.998	-0.126
913.301	123.755	-1.984	-0.134
913.502	125.777	-2.001	-0.140
913.702	127.835	-1.973	-0.135
913.902	129.842	-1.943	-0.141
914.102	131.850	-1.983	-0.182
914.302	133.892	-1.953	-0.134
914.502	135.918	-1.925	-0.144
914.702	137.931	-1.922	-0.169
914.902	140.086	-1.913	-0.159
915.102	142.123	-1.911	-0.138
915.301	144.110	-1.898	-0.177
915.502	146.072	-1.897	-0.167
915.702	148.194	-1.883	-0.152
915.901	150.271	-1.850	-0.150
916.102	152.256	-1.873	-0.195
916.302	154.205	-1.872	-0.145
916.502	156.305	-1.851	-0.173
916.702	158.314	-1.816	-0.164
916.902	160.299	-1.840	-0.186
917.102	162.427	-1.823	-0.157
917.301	164.425	-1.825	-0.192
917.502	166.490	-1.771	-0.154
917.702	168.449	-1.804	-0.162
917.902	170.459	-1.758	-0.148
918.002	171.627	-1.782	-0.231
918.202	173.524	-1.765	-0.179
918.402	175.664	-1.765	-0.166
918.602	177.708	-1.716	-0.162
918.801	179.729	-1.737	-0.210
919.002	181.695	-1.745	-0.191
919.201	183.783	-1.705	-0.163
919.401	185.741	-1.705	-0.192
919.502	186.888	-1.688	-0.212
919.702	188.785	-1.704	-0.186
919.902	190.858	-1.671	-0.164
920.102	192.857	-1.656	-0.203
920.302	194.861	-1.660	-0.202
920.402	195.974	-1.696	-0.198
920.602	198.063	-1.630	-0.164
920.802	200.065	-1.611	-0.196
921.002	202.032	-1.654	-0.233
921.201	204.157	-1.609	-0.186
921.402	206.178	-1.601	-0.197
921.602	208.232	-1.560	-0.184
921.802	210.149	-1.627	-0.214
921.902	211.255	-1.557	-0.182
922.102	213.282	-1.530	-0.163
922.302	215.284	-1.563	-0.240
922.502	217.266	-1.562	-0.211
922.702	219.291	-1.525	-0.171
922.902	221.311	-1.511	-0.220
923.002	222.408	-1.506	-0.217
923.201	224.363	-1.518	-0.216
923.301	225.451	-1.504	-0.201
923.502	227.476	-1.485	-0.198
923.702	229.501	-1.478	-0.217
923.902	231.583	-1.481	-0.195
924.102	233.594	-1.437	-0.194
924.302	235.571	-1.417	-0.204
924.402	236.722	-1.464	-0.260
924.602	238.710	-1.451	-0.207
924.801	240.716	-1.396	-0.184
925.002	242.769	-1.401	-0.207
925.201	244.849	-1.410	-0.228
925.402	246.847	-1.400	-0.201
925.602	248.970	-1.355	-0.204
925.802	250.986	-1.342	-0.209
926.002	252.949	-1.388	-0.223
926.202	255.062	-1.335	-0.179
926.402	257.045	-1.325	-0.213
926.602	259.021	-1.342	-0.234
926.802	261.114	-1.309	-0.183
927.002	263.051	-1.305	-0.211
927.102	264.190	-1.266	-0.201
927.301	266.101	-1.292	-0.247
927.502	268.199	-1.286	-0.200
927.702	270.273	-1.264	-0.213
927.902	272.266	-1.253	-0.215
928.102	274.214	-1.279	-0.232
928.302	276.301	-1.214	-0.167
928.502	278.275	-1.222	-0.233
928.602	279.407	-1.207	-0.229
928.802	281.473	-1.227	-0.219
929.002	283.459	-1.210	-0.207
929.201	285.436	-1.189	-0.219
929.301	286.546	-1.190	-0.230
929.502	288.538	-1.161	-0.222
929.702	290.660	-1.183	-0.211
929.902	292.660	-1.142	-0.212
930.102	294.625	-1.150	-0.224
930.302	296.701	-1.153	-0.206
930.502	298.698	-1.117	-0.217
930.702	300.870	-1.099	-0.221
930.902	302.731	-1.154	-0.248
931.102	304.742	-1.078	-0.193
931.302	306.911	-1.109	-0.237
931.502	308.887	-1.049	-0.208
931.702	310.974	-1.101	-0.227
931.902	312.923	-1.050	-0.214
932.102	315.041	-1.049	-0.232
932.302	317.098	-1.040	-0.217
932.502	319.087	-1.044	-0.210
932.702	321.032	-0.990	-0.215
932.902	323.132	-1.025	-0.243
933.102	325.218	-1.023	-0.220
933.301	327.220	-1.002	-0.214
933.502	329.139	-0.979	-0.223
933.602	330.272	-0.979	-0.245
933.802	332.337	-1.001	-0.200
934.002	334.346	-0.969	-0.219
934.202	336.322	-0.942	-0.220
934.402	338.336	-0.973	-0.251
934.602	340.372	-0.971	-0.221
934.801	342.493	-0.934	-0.207
935.002	344.576	-0.935	-0.232
935.201	346.432	-0.936	-0.245
935.302	347.559	-0.959	-0.224
935.502	349.516	-0.913	-0.189
935.702	351.622	-0.908	-0.238
935.902	353.635	-0.920	-0.231
936.102	355.601	-0.918	-0.225
936.202	356.739	-0.876	-0.181
936.402	358.696	-0.885	-0.243
936.602	360.695	-0.912	-0.231
936.802	362.720	-0.895	-0.223
937.002	364.784	-0.852	-0.216
937.201	366.976	-0.852	-0.221
937.402	368.908	-0.880	-0.246
937.602	370.933	-0.841	-0.213
937.802	372.903	-0.853	-0.233
938.002	374.997	-0.843	-0.243
938.202	376.982	-0.829	-0.195
938.402	379.158	-0.820	-0.236
938.602	381.055	-0.803	-0.238
938.802	383.062	-0.849	-0.232
938.902	384.202	-0.798	-0.208
939.101	386.251	-0.787	-0.211
939.302	388.173	-0.791	-0.254
939.502	390.075	-0.775	-0.219
939.702	391.217	-0.763	-0.208
939.902	391.507	-0.715	-0.224
1201.402	0.000	-4.775	0.623
1201.602	0.003	-4.786	0.621
1201.802	0.499	-4.789	0.593
1202.002	1.786	-4.786	0.599
1202.202	3.760	-4.806	0.596
1202.402	5.756	-4.787	0.617
1202.602	7.787	-4.772	0.623
1202.802	9.786	-4.791	0.582
1203.002	11.777	-4.799	0.604
1203.102	12.896	-4.782	0.607
1203.302	14.848	-4.817	0.580
1203.502	16.986	-4.760	0.619
1203.702	18.990	-4.778	0.604
1203.902	20.939	-4.794	0.595
1204.102	23.023	-4.810	0.609
1204.302	25.145	-4.780	0.615
1204.502	27.175	-4.792	0.600
1204.702	29.176	-4.783	0.602
1204.902	31.209	-4.792	0.584
1205.102	33.203	-4.803	0.583
1205.302	35.197	-4.797	0.572
1205.402	36.335	-2.742	0.320
1205.602	38.351	-2.563	0.150
1205.802	40.358	-2.552	0.105
1206.002	42.502	-2.549	0.063
1206.202	44.480	-2.520	0.086
1206.402	46.452	-2.530	0.045
1206.602	48.549	-2.498	0.026
1206.802	50.550	-2.477	0.040
1207.002	52.543	-2.438	0.037
1207.202	54.604	-2.440	0.007
1207.402	56.629	-2.409	-0.017
1207.602	58.685	-2.392	-0.031
1207.802	60.698	-2.385	-0.027
1208.002	62.693	-2.328	-0.030
1208.202	64.706	-2.306	-0.053
1208.402	66.743	-2.314	-0.103
1208.602	68.890	-2.295	-0.069
1208.802	70.942	-2.306	-0.080
1209.001	72.944	-2.241	-0.094
1209.202	74.931	-2.263	-0.108
1209.402	76.933	-2.220	-0.141
1209.602	78.944	-2.228	-0.118
1209.802	80.960	-2.212	-0.125
1210.002	82.996	-2.202	-0.128
1210.202	85.148	-2.188	-0.077
1210.402	87.271	-2.186	-0.070
1210.602	89.121	-2.161	-0.059
1210.802	91.140	-2.137	-0.090
1211.001	93.156	-2.128	-0.093
1211.102	94.279	-2.132	-0.105
1211.302	96.279	-2.135	-0.110
1211.502	98.422	-2.116	-0.094
1211.702	100.447	-2.079	-0.091
1211.902	102.423	-2.082	-0.139
1212.102	104.555	-2.073	-0.113
1212.302	106.401	-2.094	-0.129
1212.502	108.539	-2.021	-0.086
1212.702	110.622	-2.058	-0.157
1212.902	112.658	-2.021	-0.136
1213.102	114.650	-2.050	-0.148
1213.302	116.665	-2.015	-0.127
1213.502	118.670	-2.001	-0.134
1213.702	120.694	-1.959	-0.142
1213.902	122.714	-2.015	-0.165
1214.102	124.728	-1.990	-0.148
1214.302	126.758	-1.972	-0.119
1214.502	128.831	-1.921	-0.128
1214.702	130.836	-1.934	-0.160
1214.902	132.847	-1.964	-0.191
1215.002	133.974	-1.971	-0.174
1215.203	135.972	-1.911	-0.116
1215.403	138.128	-1.906	-0.137
1215.603	140.123	-1.894	-0.162
1215.803	142.118	-1.907	-0.162
1216.003	144.228	-1.925	-0.153
1216.203	146.220	-1.878	-0.126
1216.402	148.190	-1.850	-0.121
1216.602	150.274	-1.851	-0.180
1216.802	152.299	-1.865	-0.158
1217.002	154.249	-1.887	-0.180
1217.202	156.243	-1.846	-0.126
1217.302	157.351	-1.828	-0.165
1217.502	159.425	-1.818	-0.168
1217.702	161.411	-1.835	-0.176
1217.902	163.367	-1.821	-0.157
1218.102	165.445	-1.782	-0.124
1218.302	167.426	-1.773	-0.169
1218.402	168.598	-1.766	-0.186
1218.602	170.507	-1.778	-0.178
1218.802	172.620	-1.767	-0.175
1219.002	174.598	-1.760	-0.158
1219.202	176.650	-1.726	-0.152
1219.402	178.689	-1.722	-0.191
1219.602	180.725	-1.710	-0.182
1219.802	182.740	-1.745	-0.189
1220.002	184.842	-1.677	-0.150
1220.202	186.944	-1.674	-0.177
1220.402	188.931	-1.671	-0.218
1220.602	190.852	-1.678	-0.198
1220.802	192.909	-1.653	-0.173
1221.002	194.895	-1.657	-0.188
1221.202	197.088	-1.619	-0.180
1221.402	199.033	-1.606	-0.203
1221.602	201.163	-1.646	-0.213
1221.802	203.157	-1.608	-0.192
1222.002	205.134	-1.571	-0.166
1222.202	207.133	-1.556	-0.212
1222.402	209.181	-1.551	-0.198
1222.602	211.189	-1.613	-0.230
1222.802	213.203	-1.550	-0.179
1223.002	215.283	-1.532	-0.193
1223.205	217.472	-1.512	-0.196
1223.402	219.357	-1.548	-0.225
1223.604	221.357	-1.511	-0.196
1223.703	222.511	-1.524	-0.186
1223.903	224.508	-1.483	-0.188
1224.103	226.495	-1.454	-0.205
1224.302	228.529	-1.474	-0.226
1224.502	230.542	-1.501	-0.231
1224.702	232.527	-1.447	-0.174
1224.904	234.616	-1.439	-0.209
1225.102	236.721	-1.414	-0.209
1225.302	238.709	-1.406	-0.222
1225.502	240.722	-1.432	-0.211
1225.702	242.832	-1.392	-0.207
1225.902	244.872	-1.381	-0.195
1226.102	246.830	-1.361	-0.239
1226.302	248.996	-1.370	-0.209
1226.502	250.897	-1.362	-0.209
1226.702	252.890	-1.336	-0.190
1226.902	255.025	-1.333	-0.231
1227.102	257.028	-1.303	-0.210
1227.302	259.044	-1.333	-0.221
1227.502	261.107	-1.312	-0.198
1227.702	263.114	-1.267	-0.196
1227.902	265.118	-1.250	-0.227
1228.102	267.132	-1.280	-0.242
1228.302	269.146	-1.285	-0.223
1228.502	271.302	-1.251	-0.198
1228.702	273.355	-1.204	-0.177
1228.902	275.355	-1.234	-0.250
1229.102	277.316	-1.209	-0.216
1229.302	279.318	-1.237	-0.252
1229.502	281.406	-1.177	-0.174
1229.702	283.482	-1.196	-0.228
1229.902	285.483	-1.142	-0.219
1230.102	287.633	-1.205	-0.234
1230.302	289.539	-1.161	-0.213
1230.502	291.541	-1.159	-0.199
1230.602	292.686	-1.104	-0.188
1230.802	294.593	-1.102	-0.231
1231.002	296.672	-1.152	-0.235
1231.202	298.659	-1.122	-0.238
1231.402	300.712	-1.115	-0.210
1231.602	302.728	-1.059	-0.208
1231.802	304.771	-1.094	-0.234
1232.002	306.817	-1.088	-0.247
1232.202	308.820	-1.093	-0.206
1232.402	311.060	-1.058	-0.218
1232.602	313.051	-1.029	-0.202
1232.802	315.029	-1.044	-0.252
1233.002	317.092	-1.044	-0.230
1233.202	319.097	-1.039	-0.245
1233.402	321.092	-1.004	-0.195
1233.602	323.063	-1.009	-0.225
1233.702	324.181	-0.968	-0.212
1233.902	326.269	-1.017	-0.249
1234.102	328.249	-1.026	-0.229
1234.302	330.239	-0.973	-0.185
1234.502	332.330	-0.963	-0.234
1234.702	334.354	-0.952	-0.231
1234.902	336.353	-0.984	-0.258
1235.102	338.419	-0.958	-0.207
1235.302	340.449	-0.950	-0.219
1235.502	342.504	-0.936	-0.232
1235.703	344.569	-0.935	-0.244
1235.903	346.570	-0.929	-0.218
1236.102	348.602	-0.936	-0.219
1236.302	350.615	-0.887	-0.203
1236.502	352.633	-0.907	-0.250
1236.702	354.678	-0.884	-0.236
1236.902	356.725	-0.920	-0.223
1237.102	358.737	-0.875	-0.217
1237.302	360.794	-0.898	-0.218
1237.502	362.799	-0.855	-0.247
1237.702	364.950	-0.880	-0.249
1237.902	366.856	-0.876	-0.240
1238.102	368.859	-0.831	-0.182
1238.202	370.016	-0.851	-0.233
1238.402	371.911	-0.828	-0.253
1238.602	373.929	-0.820	-0.219
1238.702	375.076	-0.851	-0.285
1238.902	376.982	-0.843	-0.247
1239.102	379.104	-0.822	-0.205
1239.302	381.250	-0.798	-0.225
1239.502	383.141	-0.783	-0.241
1239.702	385.156	-0.798	-0.258
1239.902	387.192	-0.805	-0.236
1240.102	389.247	-0.766	-0.217
1240.302	390.737	-0.717	-0.225
1240.502	391.447	-0.729	-0.264
1240.702	391.507	-0.738	-0.232
1304.702	0.000	-4.818	0.176
1304.902	0.015	-4.819	0.158
1305.102	0.632	-4.819	0.162
1305.302	1.994	-4.868	0.165
1305.502	4.138	-4.802	0.184
1305.702	6.017	-4.818	0.180
1305.902	8.001	-4.816	0.157
1306.002	9.146	-4.804	0.149
1306.202	11.160	-4.846	0.177
1306.402	13.148	-4.816	0.195
1306.602	15.221	-4.787	0.206
1306.802	17.165	-4.829	0.178
1306.902	18.293	-4.843	0.176
1307.102	20.267	-4.812	0.197
1307.302	22.371	-4.837	0.206
1307.502	24.431	-4.821	0.189
1307.702	26.396	-4.816	0.199
1307.902	28.517	-4.810	0.161
1308.102	30.425	-4.826	0.193
1308.302	32.428	-4.841	0.167
1308.402	33.583	-4.845	0.153
1308.602	35.483	-4.800	0.198
1308.702	36.593	-3.033	0.130
1308.902	38.656	-2.539	0.054
1309.102	40.634	-2.527	0.048
1309.302	42.784	-2.558	0.042
1309.502	44.646	-2.489	0.050
1309.702	46.769	-2.494	0.041
1309.902	48.778	-2.467	-0.004
1310.102	50.795	-2.458	0.013
1310.302	52.785	-2.462	-0.018
1310.502	54.858	-2.398	0.017
1310.702	56.941	-2.400	-0.022
1310.902	58.944	-2.361	-0.025
1311.102	60.958	-2.371	-0.033
1311.302	63.053	-2.362	-0.037
1311.502	65.078	-2.319	-0.034
1311.702	67.048	-2.312	-0.037
1311.902	69.038	-2.271	-0.058
1312.102	71.143	-2.303	-0.063
1312.302	73.148	-2.259	-0.074
1312.502	75.292	-2.269	-0.063
1312.702	77.262	-2.248	-0.077
1312.902	79.259	-2.245	-0.082
1313.102	81.314	-2.221	-0.094
1313.302	83.345	-2.212	-0.050
1313.502	85.358	-2.206	-0.008
1313.702	87.385	-2.163	0.002
1313.902	89.422	-2.188	-0.048
1314.102	91.416	-2.175	-0.040
1314.302	93.623	-2.169	-0.024
1314.502	95.645	-2.140	-0.025
1314.702	97.608	-2.123	-0.035
1314.902	99.615	-2.107	-0.061
1315.102	101.619	-2.130	-0.079
1315.302	103.624	-2.103	-0.062
1315.502	105.807	-2.083	-0.057
1315.702	107.782	-2.040	-0.074
1315.902	109.871	-2.044	-0.096
1316.102	111.894	-2.072	-0.118
1316.302	113.875	-2.079	-0.100
1316.502	115.948	-2.055	-0.093
1316.702	117.954	-2.016	-0.080
1316.902	120.014	-2.021	-0.114
1317.102	121.961	-1.982	-0.100
1317.302	123.973	-2.028	-0.108
1317.402	125.142	-2.007	-0.102
1317.602	127.031	-1.983	-0.077
1317.702	128.142	-1.987	-0.108
1317.902	130.172	-1.945	-0.136
1318.102	132.206	-1.941	-0.106
1318.302	134.214	-1.973	-0.156
1318.502	136.228	-1.945	-0.126
1318.702	138.297	-1.912	-0.133
1318.902	140.436	-1.888	-0.105
1319.102	142.306	-1.888	-0.164
1319.302	144.323	-1.906	-0.156
1319.402	145.471	-1.881	-0.146
1319.602	147.496	-1.883	-0.141
1319.802	149.499	-1.841	-0.129
1320.002	151.524	-1.820	-0.162
1320.202	153.590	-1.849	-0.179
1320.402	155.609	-1.855	-0.182
1320.602	157.595	-1.848	-0.133
1320.802	159.582	-1.830	-0.171
1321.002	161.614	-1.768	-0.123
1321.202	163.681	-1.816	-0.212
1321.402	165.712	-1.781	-0.169
1321.602	167.709	-1.819	-0.176
1321.802	169.755	-1.752	-0.153
1322.002	171.800	-1.757	-0.170
1322.202	173.941	-1.739	-0.197
1322.402	175.961	-1.749	-0.173
1322.602	177.986	-1.741	-0.184
1322.802	179.985	-1.742	-0.186
1323.002	182.012	-1.689	-0.172
1323.202	183.999	-1.689	-0.180
1323.402	186.215	-1.698	-0.198
1323.602	188.217	-1.711	-0.190
1323.802	190.175	-1.656	-0.157
1324.002	192.267	-1.646	-0.184
1324.202	194.285	-1.627	-0.204
1324.402	196.271	-1.659	-0.225
1324.602	198.398	-1.637	-0.199
1324.802	200.259	-1.610	-0.169
1324.902	201.446	-1.644	-0.218
1325.102	203.355	-1.587	-0.195
1325.302	205.374	-1.571	-0.180
1325.402	206.525	-1.585	-0.243
1325.602	208.424	-1.593	-0.213
1325.802	210.553	-1.588	-0.175
1326.002	212.580	-1.548	-0.180
1326.202	214.584	-1.498	-0.167
1326.402	216.587	-1.545	-0.249
1326.602	218.592	-1.538	-0.214
1326.802	220.643	-1.539	-0.200
1326.902	221.778	-1.466	-0.140
1327.102	223.783	-1.499	-0.197
1327.302	225.748	-1.478	-0.203
1327.502	227.749	-1.484	-0.228
1327.702	229.755	-1.484	-0.188
1327.802	230.864	-1.475	-0.197
1328.002	232.928	-1.467	-0.197
1328.202	234.922	-1.406	-0.173
1328.402	236.873	-1.425	-0.230
1328.602	238.924	-1.392	-0.193
1328.802	241.079	-1.449	-0.233
1329.002	242.977	-1.374	-0.177
1329.202	245.044	-1.401	-0.202
1329.402	247.059	-1.345	-0.228
1329.602	249.277	-1.350	-0.204
1329.802	251.272	-1.377	-0.240
1330.002	253.222	-1.341	-0.187
1330.202	255.301	-1.330	-0.202
1330.402	257.259	-1.296	-0.215
1330.502	258.411	-1.289	-0.193
1330.702	260.305	-1.329	-0.261
1330.802	261.380	-1.326	-0.223
1331.002	263.362	-1.288	-0.213
1331.202	265.479	-1.267	-0.198
1331.402	267.409	-1.246	-0.216
1331.602	269.559	-1.260	-0.238
1331.802	271.513	-1.264	-0.226
1332.002	273.533	-1.256	-0.205
1332.202	275.640	-1.212	-0.174
1332.402	277.679	-1.203	-0.215
1332.602	279.611	-1.192	-0.242
1332.802	281.744	-1.201	-0.234
1333.002	283.863	-1.209	-0.235
1333.202	285.700	-1.171	-0.212
1333.302	286.822	-1.121	-0.159
1333.502	288.932	-1.163	-0.249
1333.702	290.898	-1.133	-0.240
1333.902	292.857	-1.171	-0.245
1334.102	294.938	-1.127	-0.209
1334.302	296.907	-1.132	-0.200
1334.402	298.055	-1.153	-0.262
1334.602	300.038	-1.063	-0.213
1334.802	302.020	-1.116	-0.229
1335.002	304.050	-1.099	-0.249
1335.202	306.110	-1.108	-0.228
1335.402	308.267	-1.055	-0.205
1335.602	310.230	-1.061	-0.236
1335.802	312.162	-1.038	-0.236
1336.002	314.224	-1.083	-0.248
1336.202	316.232	-1.032	-0.209
1336.302	317.381	-1.047	-0.212
1336.502	319.295	-1.012	-0.208
1336.702	321.382	-0.994	-0.243
1336.902	323.371	-1.031	-0.237
1337.102	325.411	-1.003	-0.237
1337.302	327.428	-1.029	-0.229
1337.502	329.468	-0.972	-0.228
1337.702	331.504	-0.950	-0.205
1337.902	333.638	-0.974	-0.279
1338.102	335.729	-0.979	-0.223
1338.302	337.717	-0.987	-0.241
1338.502	339.693	-0.915	-0.190
1338.702	341.750	-0.932	-0.228
1338.902	343.742	-0.919	-0.238
1339.102	345.736	-0.932	-0.230
1339.302	347.880	-0.933	-0.235
1339.502	349.831	-0.907	-0.221
1339.702	351.907	-0.887	-0.230
1339.902	353.899	-0.901	-0.258
1340.102	356.010	-0.897	-0.232
1340.302	358.076	-0.903	-0.239
1340.502	360.075	-0.880	-0.211
1340.702	362.114	-0.866	-0.221
1340.902	364.044	-0.847	-0.226
1341.102	366.191	-0.868	-0.271
1341.302	368.316	-0.851	-0.217
1341.502	370.159	-0.839	-0.206
1341.702	372.304	-0.826	-0.227
1341.902	374.389	-0.798	-0.246
1342.102	376.383	-0.846	-0.273
1342.302	378.357	-0.820	-0.233
1342.502	380.452	-0.836	-0.210
1342.702	382.436	-0.767	-0.229
1342.902	384.547	-0.770	-0.228
1343.102	386.468	-0.776	-0.262
1343.302	388.553	-0.767	-0.240
1343.502	390.318	-0.774	-0.252
1343.702	391.285	-0.698	-0.206
1343.902	391.507	-0.721	-0.233
1601.402	0.018	-4.807	0.546
1601.603	0.334	-4.785	0.560
1601.702	0.849	-4.762	0.551
1601.902	2.338	-4.805	0.533
1602.102	4.417	-4.800	0.542
1602.302	6.474	-4.814	0.559
1602.502	8.462	-4.782	0.583
1602.702	10.442	-4.792	0.560
1602.902	12.564	-4.776	0.551
1603.102	14.581	-4.786	0.552
1603.302	16.637	-4.819	0.531
1603.502	18.670	-4.801	0.566
1603.702	20.653	-4.824	0.554
1603.902	22.678	-4.776	0.580
1604.102	24.691	-4.791	0.558
1604.302	26.810	-4.770	0.530
1604.502	28.904	-4.800	0.539
1604.702	30.845	-4.820	0.534
1604.902	32.933	-4.775	0.571
1605.102	34.826	-4.791	0.524
1605.202	35.943	-4.481	0.485
1605.402	38.023	-2.527	0.106
1605.602	39.992	-2.522	0.070
1605.802	41.944	-2.548	0.022
1606.002	44.013	-2.509	0.037
1606.202	46.127	-2.520	0.013
1606.402	48.149	-2.476	0.020
1606.603	50.192	-2.487	-0.011
1606.802	52.115	-2.420	-0.004
1607.002	54.320	-2.425	-0.020
1607.202	56.313	-2.406	-0.033
1607.402	58.292	-2.403	-0.032
1607.602	60.380	-2.349	-0.034
1607.802	62.351	-2.358	-0.083
1608.002	64.518	-2.308	-0.064
1608.202	66.425	-2.305	-0.090
1608.402	68.415	-2.302	-0.102
1608.502	69.565	-2.293	-0.105
1608.702	71.563	-2.281	-0.080
1608.902	73.565	-2.256	-0.111
1609.102	75.607	-2.213	-0.129
1609.302	77.670	-2.217	-0.151
1609.502	79.627	-2.200	-0.164
1609.702	81.668	-2.201	-0.166
1609.902	83.643	-2.208	-0.121
1610.103	85.858	-2.155	-0.072
1610.302	87.861	-2.138	-0.067
1610.502	89.845	-2.140	-0.103
1610.702	91.994	-2.139	-0.110
1610.902	93.855	-2.141	-0.096
1611.102	96.053	-2.114	-0.086
1611.302	97.988	-2.112	-0.108
1611.502	99.999	-2.060	-0.079
1611.702	101.973	-2.082	-0.134
1611.902	104.090	-2.056	-0.119
1612.102	106.089	-2.098	-0.143
1612.303	108.057	-2.040	-0.095
1612.502	110.161	-2.035	-0.098
1612.702	112.224	-2.002	-0.120
1612.902	114.195	-1.996	-0.153
1613.002	115.285	-1.966	-0.119
1613.202	117.231	-2.005	-0.151
1613.402	119.314	-1.999	-0.141
1613.602	121.306	-1.987	-0.127
1613.702	122.454	-1.967	-0.130
1613.902	124.351	-1.946	-0.136
1614.102	126.472	-1.949	-0.148
1614.302	128.520	-1.948	-0.180
1614.502	130.431	-1.948	-0.154
1614.702	132.580	-1.956	-0.167
1614.902	134.560	-1.941	-0.125
1615.102	136.562	-1.919	-0.141
1615.302	138.603	-1.884	-0.119
1615.502	140.688	-1.906	-0.182
1615.702	142.723	-1.877	-0.145
1615.902	144.738	-1.933	-0.168
1616.102	146.774	-1.886	-0.135
1616.302	148.807	-1.884	-0.129
1616.502	150.799	-1.837	-0.139
1616.702	152.958	-1.834	-0.148
1616.902	154.970	-1.832	-0.165
1617.102	156.951	-1.836	-0.165
1617.302	158.955	-1.826	-0.161
1617.502	161.083	-1.847	-0.160
1617.702	163.158	-1.794	-0.152
1617.902	165.160	-1.783	-0.163
1618.102	167.113	-1.772	-0.185
1618.302	169.213	-1.785	-0.189
1618.502	171.218	-1.788	-0.186
1618.702	173.185	-1.754	-0.167
1618.902	175.309	-1.755	-0.168
1619.102	177.289	-1.722	-0.194
1619.302	179.345	-1.693	-0.175
1619.502	181.296	-1.705	-0.218
1619.602	182.424	-1.717	-0.213
1619.802	184.455	-1.729	-0.215
1620.002	186.492	-1.681	-0.160
1620.202	188.477	-1.669	-0.172
1620.402	190.514	-1.627	-0.184
1620.602	192.542	-1.638	-0.228
1620.802	194.530	-1.633	-0.224
1621.002	196.630	-1.637	-0.207
1621.202	198.585	-1.631	-0.211
1621.302	199.691	-1.589	-0.187
1621.502	201.701	-1.621	-0.196
1621.702	203.692	-1.575	-0.210
1621.902	205.710	-1.582	-0.212
1622.102	207.906	-1.569	-0.227
1622.302	209.882	-1.590	-0.206
1622.502	211.989	-1.559	-0.211
1622.703	214.000	-1.558	-0.184
1622.902	215.944	-1.529	-0.198
1623.102	217.982	-1.510	-0.192
1623.302	219.992	-1.512	-0.232
1623.502	221.986	-1.491	-0.213
1623.702	224.100	-1.509	-0.207
1623.902	226.113	-1.491	-0.201
1624.102	228.093	-1.468	-0.182
1624.302	230.202	-1.455	-0.229
1624.502	232.207	-1.420	-0.206
1624.702	234.393	-1.461	-0.264
1624.902	236.281	-1.423	-0.216
1625.102	238.259	-1.422	-0.208
1625.302	240.438	-1.411	-0.211
1625.502	242.420	-1.395	-0.213
1625.702	244.374	-1.352	-0.211
1625.902	246.449	-1.390	-0.239
1626.102	248.436	-1.358	-0.238
1626.204	249.582	-1.378	-0.240
1626.402	251.507	-1.360	-0.202
1626.603	253.517	-1.346	-0.196
1626.702	254.683	-1.319	-0.203
1626.902	256.606	-1.314	-0.219
1627.102	258.745	-1.313	-0.227
1627.302	260.680	-1.293	-0.227
1627.502	262.734	-1.331	-0.237
1627.702	264.760	-1.274	-0.215
1627.902	266.803	-1.277	-0.195
1628.102	268.847	-1.245	-0.226
1628.302	270.852	-1.228	-0.201
1628.502	272.897	-1.249	-0.263
1628.702	275.031	-1.206	-0.213
1628.902	276.937	-1.250	-0.250
1629.103	279.085	-1.210	-0.213
1629.302	281.041	-1.216	-0.210
1629.502	283.224	-1.172	-0.228
1629.702	285.216	-1.178	-0.237
1629.902	287.163	-1.177	-0.253
1630.102	289.170	-1.172	-0.224
1630.302	291.168	-1.178	-0.225
1630.402	292.315	-1.156	-0.232
1630.602	294.217	-1.134	-0.185
1630.802	296.281	-1.091	-0.208
1631.002	298.486	-1.132	-0.240
1631.204	300.484	-1.094	-0.231
1631.402	302.485	-1.138	-0.256
1631.603	304.576	-1.106	-0.225
1631.802	306.414	-1.118	-0.212
1632.002	308.567	-1.050	-0.203
1632.204	310.652	-1.049	-0.214
1632.402	312.664	-1.048	-0.259
1632.603	314.637	-1.062	-0.239
1632.802	316.697	-1.084	-0.239
1633.002	318.685	-1.038	-0.223
1633.202	320.711	-1.059	-0.219
1633.402	322.831	-1.015	-0.222
1633.602	324.809	-0.975	-0.213
1633.802	326.875	-1.017	-0.274
1634.003	328.864	-1.001	-0.233
1634.202	330.999	-1.030	-0.239
1634.403	332.906	-0.967	-0.206
1634.603	334.917	-0.974	-0.209
1634.702	336.078	-0.927	-0.218
1634.902	337.985	-0.954	-0.223
1635.102	339.988	-0.924	-0.226
1635.303	342.054	-0.976	-0.264
1635.502	344.127	-0.938	-0.230
1635.703	346.156	-0.946	-0.209
1635.903	348.215	-0.907	-0.212
1636.103	350.252	-0.903	-0.229
1636.302	352.260	-0.888	-0.256
1636.502	354.291	-0.896	-0.250
1636.702	356.313	-0.914	-0.251
1636.902	358.376	-0.894	-0.229
1637.102	360.456	-0.887	-0.224
1637.302	362.413	-0.860	-0.223
1637.502	364.531	-0.862	-0.226
1637.702	366.505	-0.850	-0.275
1637.902	368.467	-0.852	-0.226
1638.102	370.564	-0.877	-0.270
1638.302	372.542	-0.815	-0.198
1638.402	373.692	-0.869	-0.256
1638.603	375.613	-0.808	-0.228
1638.802	377.749	-0.798	-0.223
1639.002	379.718	-0.798	-0.265
1639.202	381.855	-0.791	-0.233
1639.402	383.857	-0.821	-0.259
1639.602	385.780	-0.799	-0.233
1639.802	387.795	-0.775	-0.208
1639.902	388.935	-0.697	-0.222
1640.102	390.598	-0.726	-0.225
1640.302	391.398	-0.730	-0.265
1640.502	391.507	-0.728	-0.250
1901.402	0.017	-4.784	0.726
1901.602	0.038	-4.783	0.729
1901.802	0.641	-4.781	0.717
1902.002	2.075	-4.776	0.734
1902.203	4.066	-4.781	0.732
1902.402	6.038	-4.783	0.699
1902.502	7.181	-4.801	0.675
1902.702	9.084	-4.785	0.717
1902.802	10.187	-4.803	0.712
1903.002	12.210	-4.809	0.705
1903.204	14.235	-4.767	0.743
1903.402	16.218	-4.809	0.714
1903.603	18.244	-4.749	0.727
1903.803	20.247	-4.789	0.704
1903.903	21.355	-4.766	0.689
1904.102	23.294	-4.778	0.700
1904.202	24.379	-4.785	0.692
1904.402	26.372	-4.793	0.692
1904.603	28.544	-4.786	0.744
1904.802	30.470	-4.796	0.717
1905.002	32.534	-4.762	0.737
1905.203	34.507	-4.775	0.690
1905.302	35.647	-4.777	0.626
1905.503	37.610	-2.725	0.246
1905.702	39.601	-2.563	0.099
1905.902	41.806	-2.515	0.078
1906.002	42.821	-2.571	0.042
1906.203	44.806	-2.533	0.067
1906.402	46.711	-2.507	0.039
1906.603	48.728	-2.483	0.048
1906.702	49.892	-2.457	-0.030
1906.903	51.780	-2.449	0.018
1907.002	52.890	-2.437	0.022
1907.204	54.915	-2.431	-0.028
1907.403	56.927	-2.414	0.002
1907.602	58.910	-2.419	-0.043
1907.802	60.944	-2.354	-0.022
1908.002	63.144	-2.329	-0.050
1908.202	65.105	-2.298	-0.060
1908.402	67.099	-2.292	-0.077
1908.603	69.164	-2.275	-0.112
1908.802	71.241	-2.274	-0.103
1909.002	73.184	-2.265	-0.129
1909.205	75.329	-2.246	-0.140
1909.403	77.218	-2.195	-0.115
1909.603	79.378	-2.196	-0.177
1909.802	81.393	-2.159	-0.138
1910.002	83.325	-2.178	-0.169
1910.203	85.471	-2.149	-0.090
1910.402	87.380	-2.171	-0.121
1910.603	89.459	-2.135	-0.087
1910.802	91.457	-2.111	-0.067
1911.002	93.484	-2.096	-0.095
1911.203	95.527	-2.071	-0.095
1911.302	96.648	-2.098	-0.120
1911.503	98.759	-2.071	-0.132
1911.702	100.724	-2.069	-0.121
1911.903	102.672	-2.090	-0.144
1912.102	104.707	-2.055	-0.119
1912.204	105.795	-2.068	-0.120
1912.402	107.811	-2.057	-0.115
1912.602	109.792	-2.004	-0.108
1912.702	110.932	-2.028	-0.125
1912.902	112.925	-1.998	-0.139
1913.102	114.919	-1.997	-0.141
1913.302	116.902	-2.002	-0.169
1913.503	119.089	-2.007	-0.150
1913.702	121.069	-2.011	-0.148
1913.903	123.199	-1.991	-0.138
1914.102	125.049	-1.956	-0.126
1914.203	126.214	-1.940	-0.146
1914.402	128.153	-1.937	-0.125
1914.603	130.180	-1.945	-0.195
1914.803	132.143	-1.910	-0.153
1915.002	134.219	-1.949	-0.185
1915.204	136.344	-1.929	-0.151
1915.403	138.370	-1.936	-0.149
1915.603	140.393	-1.888	-0.121
1915.803	142.400	-1.909	-0.149
1916.002	144.480	-1.860	-0.138
1916.202	146.413	-1.879	-0.153
1916.302	147.515	-1.828	-0.146
1916.502	149.517	-1.864	-0.175
1916.702	151.481	-1.888	-0.158
1916.902	153.506	-1.867	-0.159
1917.102	155.687	-1.842	-0.134
1917.302	157.636	-1.827	-0.135
1917.503	159.736	-1.802	-0.131
1917.703	161.754	-1.796	-0.175
1917.902	163.837	-1.787	-0.150
1918.102	165.802	-1.780	-0.175
1918.302	167.828	-1.799	-0.169
1918.503	169.882	-1.790	-0.175
1918.703	171.927	-1.765	-0.140
1918.903	173.911	-1.752	-0.174
1919.102	175.958	-1.711	-0.137
1919.302	177.990	-1.710	-0.191
1919.503	180.007	-1.688	-0.186
1919.702	182.013	-1.727	-0.221
1919.902	184.077	-1.683	-0.178
1920.002	185.204	-1.725	-0.225
1920.203	187.084	-1.719	-0.219
1920.302	188.201	-1.634	-0.152
1920.502	190.146	-1.677	-0.176
1920.702	192.158	-1.625	-0.182
1920.802	193.277	-1.613	-0.167
1921.002	195.353	-1.630	-0.200
1921.203	197.349	-1.600	-0.225
1921.402	199.328	-1.627	-0.217
1921.603	201.437	-1.626	-0.247
1921.802	203.507	-1.617	-0.191
1922.002	205.519	-1.591	-0.204
1922.202	207.424	-1.561	-0.190
1922.302	208.545	-1.573	-0.202
1922.502	210.613	-1.549	-0.213
1922.703	212.506	-1.496	-0.186
1922.802	213.625	-1.533	-0.236
1923.002	215.670	-1.552	-0.252
1923.203	217.700	-1.529	-0.230
1923.403	219.698	-1.542	-0.214
1923.603	221.732	-1.505	-0.199
1923.802	223.753	-1.497	-0.195
1924.002	225.770	-1.471	-0.199
1924.204	227.827	-1.444	-0.183
1924.403	229.806	-1.461	-0.233
1924.502	230.964	-1.430	-0.221
1924.703	232.976	-1.424	-0.223
1924.902	234.975	-1.478	-0.261
1925.103	236.998	-1.430	-0.211
1925.303	239.042	-1.450	-0.213
1925.502	241.066	-1.377	-0.173
1925.703	243.126	-1.394	-0.183
1925.902	245.068	-1.366	-0.231
1926.103	247.094	-1.345	-0.195
1926.302	249.159	-1.368	-0.238
1926.502	251.219	-1.362	-0.246
1926.702	253.224	-1.367	-0.225
1926.902	255.270	-1.340	-0.212
1927.102	257.283	-1.325	-0.188
1927.303	259.418	-1.312	-0.212
1927.502	261.514	-1.268	-0.194
1927.703	263.419	-1.292	-0.243
1927.802	264.541	-1.241	-0.216
1928.003	266.429	-1.290	-0.250
1928.102	267.523	-1.263	-0.230
1928.303	269.533	-1.244	-0.226
1928.502	271.520	-1.266	-0.224
1928.602	272.680	-1.270	-0.224
1928.803	274.684	-1.234	-0.204
1929.002	276.649	-1.194	-0.187
1929.202	278.659	-1.198	-0.229
1929.402	280.713	-1.162	-0.218
1929.603	282.702	-1.198	-0.252
1929.803	284.946	-1.171	-0.238
1930.002	286.782	-1.204	-0.244
1930.102	287.950	-1.170	-0.205
1930.302	289.874	-1.169	-0.231
1930.503	291.899	-1.160	-0.208
1930.702	294.073	-1.131	-0.216
1930.902	295.968	-1.120	-0.218
1931.103	298.081	-1.101	-0.223
1931.303	300.106	-1.109	-0.242
1931.502	302.139	-1.110	-0.253
1931.703	304.134	-1.128	-0.244
1931.902	306.098	-1.109	-0.247
1932.002	307.203	-1.097	-0.237
1932.202	309.158	-1.094	-0.211
1932.403	311.218	-1.071	-0.214
1932.603	313.283	-1.045	-0.204
1932.802	315.431	-1.049	-0.255
1933.002	317.393	-1.034	-0.241
1933.203	319.313	-1.062	-0.264
1933.403	321.365	-1.034	-0.219
1933.603	323.490	-1.068	-0.258
1933.802	325.476	-1.012	-0.216
1933.902	326.580	-1.038	-0.251
1934.102	328.545	-0.998	-0.196
1934.302	330.645	-0.985	-0.224
1934.503	332.622	-0.966	-0.225
1934.702	334.591	-0.963	-0.254
1934.902	336.663	-0.971	-0.249
1935.103	338.771	-0.984	-0.261
1935.302	340.784	-0.980	-0.228
1935.503	342.823	-0.963	-0.222
1935.702	344.854	-0.945	-0.202
1935.902	346.858	-0.942	-0.254
1936.102	348.824	-0.917	-0.213
1936.202	349.969	-0.906	-0.238
1936.403	351.969	-0.904	-0.251
1936.603	353.930	-0.901	-0.245
1936.803	356.129	-0.916	-0.262
1937.002	358.050	-0.904	-0.230
1937.203	360.004	-0.918	-0.240
1937.403	362.101	-0.884	-0.215
1937.603	364.185	-0.858	-0.215
1937.802	366.185	-0.834	-0.219
1938.003	368.305	-0.861	-0.242
1938.202	370.279	-0.835	-0.246
1938.402	372.393	-0.845	-0.259
1938.603	374.375	-0.852	-0.261
1938.803	376.328	-0.857	-0.245
1939.002	378.405	-0.833	-0.230
1939.203	380.374	-0.810	-0.202
1939.303	381.517	-0.768	-0.219
1939.503	383.423	-0.794	-0.240
1939.603	384.521	-0.745	-0.200
1939.802	386.465	-0.767	-0.242
1939.902	387.557	-0.780	-0.238
1940.102	389.625	-0.752	-0.253
1940.303	390.882	-0.734	-0.254
1940.402	391.309	-0.770	-0.240
1940.603	391.508	-0.765	-0.245
2201.503	0.020	-4.810	0.620
2201.703	0.232	-4.812	0.617
2201.903	1.191	-4.805	0.642
2202.103	3.020	-4.803	0.655
2202.303	5.066	-4.805	0.657
2202.503	7.016	-4.788	0.679
2202.603	8.175	-4.781	0.700
2202.802	10.084	-4.767	0.711
2203.003	12.092	-4.791	0.653
2203.103	13.254	-4.763	0.712
2203.302	15.169	-4.788	0.659
2203.503	17.177	-4.784	0.649
2203.703	19.246	-4.807	0.644
2203.903	21.288	-4.816	0.661
2204.103	23.414	-4.802	0.695
2204.303	25.511	-4.812	0.714
2204.503	27.501	-4.792	0.711
2204.703	29.458	-4.781	0.692
2204.903	31.527	-4.770	0.692
2205.103	33.509	-4.772	0.651
2205.302	35.595	-4.754	0.610
2205.503	37.688	-2.746	0.303
2205.703	39.638	-2.546	0.130
2205.903	41.648	-2.526	0.127
2206.103	43.669	-2.537	0.089
2206.303	45.809	-2.504	0.101
2206.503	47.825	-2.512	0.058
2206.703	49.820	-2.466	0.067
2206.903	51.833	-2.448	0.037
2207.103	53.898	-2.415	0.030
2207.303	55.842	-2.413	0.009
2207.503	58.039	-2.386	0.019
2207.703	60.065	-2.352	-0.010
2207.903	62.047	-2.359	-0.033
2208.103	64.142	-2.339	-0.034
2208.303	66.138	-2.311	-0.041
2208.503	68.100	-2.293	-0.056
2208.703	70.210	-2.259	-0.041
2208.903	72.197	-2.255	-0.085
2209.103	74.151	-2.210	-0.057
2209.303	76.189	-2.234	-0.128
2209.502	78.311	-2.168	-0.107
2209.703	80.361	-2.181	-0.127
2209.903	82.321	-2.173	-0.124
2210.103	84.455	-2.166	-0.079
2210.303	86.447	-2.138	-0.050
2210.503	88.413	-2.134	-0.067
2210.703	90.418	-2.104	-0.071
2210.903	92.480	-2.090	-0.080
2211.103	94.618	-2.068	-0.084
2211.303	96.523	-2.077	-0.110
2211.502	98.611	-2.056	-0.118
2211.703	100.592	-2.063	-0.109
2211.903	102.713	-2.059	-0.114
2212.103	104.707	-2.071	-0.121
2212.303	106.883	-2.049	-0.102
2212.503	108.780	-2.038	-0.111
2212.703	110.785	-2.008	-0.099
2212.803	111.953	-1.999	-0.114
2213.003	113.849	-1.967	-0.115
2213.203	115.960	-1.986	-0.141
2213.402	117.920	-1.980	-0.142
2213.502	119.012	-1.948	-0.132
2213.703	120.941	-1.963	-0.154
2213.903	123.026	-1.978	-0.172
2214.103	125.007	-1.984	-0.150
2214.203	126.154	-1.964	-0.126
2214.403	128.198	-1.962	-0.141
2214.603	130.179	-1.945	-0.123
2214.803	132.154	-1.943	-0.137
2215.003	134.218	-1.899	-0.122
2215.203	136.215	-1.910	-0.142
2215.402	138.345	-1.874	-0.134
2215.603	140.357	-1.891	-0.140
2215.803	142.347	-1.889	-0.153
2216.003	144.469	-1.887	-0.161
2216.203	146.449	-1.912	-0.170
2216.403	148.432	-1.901	-0.160
2216.603	150.537	-1.879	-0.122
2216.803	152.530	-1.865	-0.133
2217.002	154.499	-1.832	-0.109
2217.203	156.569	-1.830	-0.152
2217.403	158.591	-1.817	-0.146
2217.603	160.769	-1.812	-0.152
2217.803	162.774	-1.795	-0.175
2218.003	164.676	-1.805	-0.187
2218.203	166.755	-1.788	-0.166
2218.403	168.873	-1.797	-0.178
2218.603	170.890	-1.771	-0.150
2218.803	172.920	-1.777	-0.164
2219.003	174.941	-1.742	-0.143
2219.203	176.957	-1.739	-0.168
2219.403	179.040	-1.697	-0.160
2219.602	181.043	-1.704	-0.177
2219.803	183.156	-1.689	-0.184
2220.003	185.152	-1.690	-0.205
2220.203	187.118	-1.659	-0.185
2220.403	189.193	-1.691	-0.222
2220.603	191.168	-1.664	-0.197
2220.803	193.322	-1.690	-0.203
2221.003	195.222	-1.617	-0.164
2221.203	197.347	-1.646	-0.189
2221.403	199.353	-1.585	-0.174
2221.602	201.420	-1.615	-0.196
2221.803	203.340	-1.579	-0.209
2222.003	205.498	-1.567	-0.208
2222.203	207.459	-1.558	-0.227
2222.403	209.465	-1.579	-0.225
2222.603	211.479	-1.571	-0.230
2222.803	213.586	-1.567	-0.210
2223.003	215.701	-1.533	-0.192
2223.203	217.706	-1.546	-0.199
2223.403	219.668	-1.507	-0.189
2223.603	221.721	-1.523	-0.204
2223.803	223.720	-1.459	-0.185
2224.002	225.706	-1.481	-0.219
2224.203	227.772	-1.439	-0.221
2224.403	229.898	-1.460	-0.236
2224.603	231.982	-1.448	-0.239
2224.803	233.977	-1.461	-0.231
2225.003	235.953	-1.445	-0.231
2225.203	238.044	-1.429	-0.203
2225.403	240.032	-1.434	-0.222
2225.604	242.118	-1.404	-0.199
2225.802	244.060	-1.382	-0.204
2226.003	246.187	-1.365	-0.196
2226.203	248.198	-1.344	-0.217
2226.403	250.176	-1.352	-0.235
2226.605	252.310	-1.332	-0.228
2226.803	254.273	-1.359	-0.245
2227.003	256.264	-1.346	-0.246
2227.204	258.285	-1.352	-0.219
2227.403	260.333	-1.311	-0.200
2227.602	262.413	-1.312	-0.205
2227.803	264.468	-1.278	-0.213
2228.003	266.499	-1.265	-0.194
2228.203	268.485	-1.258	-0.228
2228.403	270.598	-1.229	-0.218
2228.603	272.603	-1.242	-0.245
2228.803	274.588	-1.218	-0.234
2229.003	276.692	-1.246	-0.247
2229.203	278.678	-1.232	-0.247
2229.403	280.639	-1.220	-0.221
2229.602	282.666	-1.219	-0.223
2229.703	283.772	-1.205	-0.236
2229.903	285.794	-1.205	-0.229
2230.103	287.771	-1.161	-0.198
2230.203	288.908	-1.183	-0.229
2230.403	290.918	-1.145	-0.217
2230.605	292.920	-1.123	-0.228
2230.803	294.900	-1.130	-0.234
2231.003	296.951	-1.116	-0.245
2231.203	298.967	-1.148	-0.257
2231.403	301.004	-1.138	-0.254
2231.602	303.082	-1.127	-0.214
2231.803	305.081	-1.123	-0.239
2232.003	307.200	-1.118	-0.218
2232.203	309.195	-1.072	-0.199
2232.403	311.155	-1.072	-0.199
2232.603	313.234	-1.032	-0.218
2232.803	315.217	-1.064	-0.240
2232.903	316.359	-1.021	-0.222
2233.103	318.389	-1.047	-0.236
2233.303	320.364	-1.051	-0.257
2233.502	322.457	-1.069	-0.252
2233.703	324.394	-1.044	-0.238
2233.803	325.532	-1.029	-0.225
2234.002	327.530	-1.025	-0.221
2234.203	329.499	-1.017	-0.224
2234.403	331.504	-1.006	-0.210
2234.603	333.697	-0.975	-0.209
2234.803	335.646	-0.974	-0.221
2235.003	337.767	-0.954	-0.228
2235.203	339.773	-0.946	-0.231
2235.402	341.694	-0.945	-0.248
2235.602	343.729	-0.953	-0.244
2235.803	345.806	-0.961	-0.256
2236.003	347.841	-0.947	-0.217
2236.203	349.853	-0.958	-0.233
2236.403	351.976	-0.922	-0.199
2236.603	354.057	-0.901	-0.212
2236.803	356.063	-0.866	-0.191
2237.003	358.031	-0.886	-0.239
2237.203	360.120	-0.852	-0.230
2237.403	362.133	-0.886	-0.254
2237.602	364.092	-0.868	-0.225
2237.803	366.101	-0.884	-0.274
2238.003	368.176	-0.851	-0.231
2238.203	370.262	-0.864	-0.233
2238.403	372.244	-0.845	-0.220
2238.603	374.389	-0.848	-0.227
2238.803	376.256	-0.820	-0.209
2239.003	378.400	-0.805	-0.220
2239.203	380.440	-0.792	-0.222
2239.403	382.496	-0.792	-0.233
2239.603	384.495	-0.760	-0.223
2239.802	386.628	-0.766	-0.237
2240.003	388.613	-0.778	-0.253
2240.203	390.331	-0.763	-0.249
2240.403	391.323	-0.768	-0.243
2240.603	391.507	-0.740	-0.228
2501.503	0.015	-4.811	0.662
2501.704	0.206	-4.814	0.705
2501.903	1.133	-4.811	0.689
2502.003	2.011	-4.772	0.726
2502.203	3.962	-4.794	0.731
2502.403	5.966	-4.799	0.713
2502.603	7.947	-4.757	0.729
2502.703	9.062	-4.770	0.682
2502.903	11.050	-4.784	0.708
2503.103	13.181	-4.757	0.704
2503.303	15.174	-4.782	0.709
2503.503	17.153	-4.770	0.677
2503.703	19.234	-4.778	0.697
2503.903	21.234	-4.788	0.662
2504.103	23.406	-4.793	0.691
2504.303	25.285	-4.821	0.659
2504.503	27.305	-4.805	0.706
2504.703	29.495	-4.791	0.698
2504.903	31.508	-4.787	0.700
2505.103	33.480	-4.791	0.680
2505.303	35.592	-4.771	0.679
2505.503	37.583	-2.777	0.313
2505.703	39.545	-2.523	0.191
2505.903	41.646	-2.532	0.135
2506.103	43.641	-2.540	0.117
2506.303	45.601	-2.541	0.104
2506.503	47.723	-2.506	0.106
2506.703	49.722	-2.472	0.064
2506.903	51.779	-2.469	0.034
2507.103	53.726	-2.441	0.015
2507.303	55.778	-2.405	0.030
2507.403	56.942	-2.431	-0.042
2507.603	58.835	-2.365	-0.001
2507.803	60.984	-2.348	-0.029
2508.003	63.007	-2.306	-0.040
2508.203	65.018	-2.296	-0.076
2508.403	67.002	-2.266	-0.081
2508.603	69.088	-2.250	-0.095
2508.803	71.046	-2.238	-0.093
2508.903	72.131	-2.202	-0.086
2509.103	74.128	-2.232	-0.150
2509.303	76.243	-2.186	-0.129
2509.503	78.295	-2.202	-0.157
2509.703	80.258	-2.156	-0.136
2509.903	82.385	-2.176	-0.157
2510.103	84.276	-2.115	-0.077
2510.303	86.392	-2.141	-0.070
2510.503	88.314	-2.102	-0.090
2510.603	89.423	-2.093	-0.079
2510.803	91.390	-2.070	-0.068
2511.003	93.493	-2.073	-0.105
2511.203	95.478	-2.058	-0.097
2511.303	96.627	-2.085	-0.140
2511.503	98.515	-2.075	-0.130
2511.703	100.649	-2.053	-0.104
2511.903	102.681	-2.076	-0.126
2512.103	104.685	-2.045	-0.103
2512.303	106.646	-2.055	-0.127
2512.503	108.723	-2.025	-0.105
2512.703	110.806	-2.019	-0.124
2512.903	112.894	-2.006	-0.092
2513.103	114.868	-1.990	-0.107
2513.303	116.810	-1.948	-0.101
2513.503	118.885	-1.961	-0.128
2513.703	120.866	-1.941	-0.131
2513.803	122.016	-1.998	-0.170
2514.003	123.925	-1.930	-0.138
2514.103	125.039	-1.953	-0.167
2514.303	126.985	-1.952	-0.166
2514.503	129.047	-1.921	-0.143
2514.703	131.223	-1.948	-0.159
2514.903	133.134	-1.926	-0.143
2515.103	135.171	-1.930	-0.133
2515.303	137.327	-1.922	-0.136
2515.503	139.204	-1.914	-0.115
2515.703	141.348	-1.885	-0.117
2515.903	143.373	-1.886	-0.120
2516.103	145.373	-1.865	-0.135
2516.303	147.321	-1.845	-0.113
2516.503	149.395	-1.857	-0.164
2516.703	151.481	-1.842	-0.132
2516.903	153.593	-1.836	-0.175
2517.103	155.573	-1.826	-0.165
2517.303	157.531	-1.846	-0.185
2517.503	159.616	-1.835	-0.157
2517.703	161.583	-1.828	-0.183
2517.803	162.715	-1.798	-0.147
2518.003	164.629	-1.809	-0.158
2518.203	166.637	-1.805	-0.169
2518.303	167.786	-1.751	-0.126
2518.503	169.691	-1.792	-0.165
2518.703	171.855	-1.726	-0.144
2518.903	173.777	-1.762	-0.174
2519.103	175.843	-1.716	-0.157
2519.303	177.965	-1.691	-0.169
2519.503	180.062	-1.686	-0.195
2519.703	182.069	-1.672	-0.187
2519.903	184.031	-1.674	-0.217
2520.103	186.114	-1.673	-0.208
2520.303	188.085	-1.711	-0.234
2520.503	190.186	-1.669	-0.206
2520.703	192.107	-1.670	-0.211
2520.903	194.109	-1.635	-0.197
2521.103	196.330	-1.643	-0.178
2521.303	198.309	-1.617	-0.187
2521.503	200.262	-1.595	-0.160
2521.703	202.276	-1.594	-0.200
2521.903	204.284	-1.570	-0.172
2522.003	205.452	-1.560	-0.206
2522.203	207.356	-1.536	-0.184
2522.403	209.423	-1.536	-0.206
2522.603	211.430	-1.557	-0.214
2522.803	213.502	-1.526	-0.196
2523.003	215.535	-1.546	-0.230
2523.203	217.593	-1.533	-0.226
2523.403	219.637	-1.547	-0.211
2523.603	221.638	-1.509	-0.207
2523.803	223.683	-1.522	-0.205
2524.003	225.730	-1.484	-0.194
2524.203	227.730	-1.486	-0.192
2524.303	228.861	-1.465	-0.185
2524.503	230.861	-1.447	-0.194
2524.703	232.866	-1.440	-0.183
2524.903	234.847	-1.424	-0.196
2525.103	236.956	-1.384	-0.205
2525.303	239.031	-1.410	-0.234
2525.503	241.013	-1.390	-0.229
2525.703	242.966	-1.397	-0.239
2525.903	245.096	-1.379	-0.225
2526.103	247.112	-1.398	-0.246
2526.303	249.112	-1.357	-0.229
2526.503	251.107	-1.372	-0.222
2526.703	253.122	-1.342	-0.219
2526.803	254.295	-1.360	-0.238
2527.003	256.224	-1.336	-0.201
2527.203	258.247	-1.320	-0.205
2527.403	260.241	-1.300	-0.191
2527.603	262.345	-1.297	-0.219
2527.803	264.347	-1.246	-0.186
2528.003	266.335	-1.262	-0.222
2528.203	268.426	-1.235	-0.221
2528.403	270.451	-1.238	-0.223
2528.603	272.617	-1.235	-0.236
2528.803	274.590	-1.228	-0.234
2529.003	276.568	-1.239	-0.242
2529.203	278.665	-1.236	-0.250
2529.403	280.645	-1.222	-0.230
2529.603	282.620	-1.223	-0.225
2529.803	284.738	-1.198	-0.202
2530.003	286.770	-1.190	-0.205
2530.203	288.754	-1.163	-0.193
2530.403	290.914	-1.157	-0.214
2530.603	292.917	-1.162	-0.232
2530.803	294.983	-1.134	-0.209
2531.003	296.932	-1.138	-0.243
2531.203	298.946	-1.111	-0.224
2531.403	300.921	-1.121	-0.256
2531.603	303.025	-1.090	-0.230
2531.803	305.031	-1.136	-0.271
2532.003	307.202	-1.092	-0.236
2532.203	309.091	-1.129	-0.242
2532.403	311.123	-1.098	-0.241
2532.603	313.304	-1.092	-0.214
2532.803	315.286	-1.084	-0.232
2533.003	317.371	-1.071	-0.202
2533.203	319.334	-1.044	-0.213
2533.403	321.318	-1.043	-0.202
2533.603	323.301	-1.006	-0.209
2533.803	325.499	-1.028	-0.223
2534.003	327.473	-1.000	-0.248
2534.203	329.573	-1.010	-0.230
2534.403	331.572	-0.997	-0.239
2534.603	333.557	-1.002	-0.239
2534.803	335.608	-0.985	-0.241
2535.003	337.622	-0.993	-0.239
2535.203	339.668	-0.998	-0.246
2535.403	341.694	-0.987	-0.212
2535.603	343.699	-1.002	-0.247
2535.803	345.724	-0.942	-0.184
2536.003	347.755	-0.962	-0.231
2536.203	349.758	-0.917	-0.191
2536.403	351.866	-0.912	-0.210
2536.603	353.851	-0.893	-0.216
2536.803	356.017	-0.881	-0.221
2537.003	358.033	-0.891	-0.248
2537.203	360.002	-0.877	-0.245
2537.403	362.004	-0.888	-0.258
2537.603	364.010	-0.881	-0.265
2537.803	366.136	-0.888	-0.247
2538.003	368.253	-0.869	-0.243
2538.203	370.092	-0.869	-0.233
2538.403	372.200	-0.865	-0.252
2538.603	374.209	-0.846	-0.228
2538.803	376.305	-0.823	-0.225
2539.003	378.361	-0.835	-0.212
2539.203	380.385	-0.797	-0.230
2539.403	382.361	-0.800	-0.205
2539.603	384.381	-0.760	-0.227
2539.803	386.400	-0.773	-0.226
2540.003	388.525	-0.752	-0.258
2540.203	390.333	-0.727	-0.233
2540.403	391.298	-0.738	-0.269
2540.603	391.507	-0.723	-0.239
2801.603	0.019	-4.793	0.662
2801.803	0.231	-4.794	0.641
2802.003	1.223	-4.790	0.644
2802.203	2.937	-4.790	0.656
2802.403	4.953	-4.772	0.664
2802.603	7.036	-4.775	0.662
2802.803	8.990	-4.786	0.636
2803.003	11.097	-4.773	0.670
2803.203	13.111	-4.799	0.613
2803.403	15.283	-4.787	0.645
2803.603	17.158	-4.820	0.608
2803.803	19.293	-4.795	0.646
2804.003	21.320	-4.831	0.605
2804.203	23.346	-4.806	0.656
2804.403	25.287	-4.817	0.613
2804.603	27.384	-4.803	0.623
2804.804	29.358	-4.813	0.608
2804.903	30.507	-4.824	0.612
2805.103	32.389	-4.805	0.629
2805.303	34.516	-4.795	0.625
2805.503	36.542	-4.083	0.486
2805.703	38.564	-2.524	0.175
2805.903	40.522	-2.506	0.127
2806.103	42.775	-2.523	0.088
2806.303	44.628	-2.498	0.085
2806.503	46.704	-2.500	0.077
2806.703	48.741	-2.457	0.077
2806.903	50.818	-2.469	0.048
2807.103	52.881	-2.422	0.026
2807.303	54.812	-2.417	0.037
2807.503	56.809	-2.394	-0.007
2807.603	57.989	-2.400	0.008
2807.803	59.892	-2.373	-0.021
2808.003	62.013	-2.334	-0.043
2808.203	64.045	-2.312	-0.048
2808.403	66.049	-2.301	-0.095
2808.603	68.062	-2.268	-0.051
2808.803	70.101	-2.260	-0.084
2809.003	72.181	-2.237	-0.106
2809.203	74.186	-2.233	-0.106
2809.403	76.207	-2.197	-0.114
2809.603	78.214	-2.174	-0.128
2809.803	80.237	-2.166	-0.130
2810.003	82.302	-2.146	-0.142
2810.203	84.305	-2.117	-0.067
2810.403	86.360	-2.116	-0.074
2810.603	88.428	-2.080	-0.068
2810.803	90.397	-2.083	-0.082
2811.004	92.553	-2.062	-0.086
2811.204	94.559	-2.067	-0.104
2811.403	96.545	-2.052	-0.103
2811.604	98.663	-2.060	-0.111
2811.803	100.668	-2.047	-0.116
2812.003	102.616	-2.063	-0.121
2812.203	104.714	-2.037	-0.115
2812.403	106.695	-2.041	-0.113
2812.503	107.832	-1.998	-0.095
2812.703	109.773	-2.030	-0.131
2812.903	111.741	-2.005	-0.115
2813.003	112.892	-2.009	-0.110
2813.203	114.859	-2.007	-0.101
2813.403	116.989	-1.984	-0.096
2813.603	118.981	-1.983	-0.103
2813.803	120.956	-1.941	-0.094
2814.003	122.962	-1.954	-0.108
2814.203	125.013	-1.929	-0.106
2814.403	127.032	-1.929	-0.111
2814.603	129.106	-1.901	-0.116
2814.803	131.115	-1.923	-0.114
2815.003	133.104	-1.905	-0.128
2815.203	135.241	-1.890	-0.143
2815.403	137.244	-1.889	-0.139
2815.603	139.208	-1.906	-0.160
2815.803	141.313	-1.886	-0.145
2816.003	143.324	-1.901	-0.163
2816.203	145.495	-1.881	-0.142
2816.403	147.357	-1.903	-0.167
2816.503	148.461	-1.902	-0.147
2816.703	150.443	-1.852	-0.146
2816.803	151.545	-1.849	-0.133
2817.003	153.471	-1.853	-0.154
2817.203	155.538	-1.859	-0.148
2817.403	157.528	-1.840	-0.129
2817.503	158.684	-1.820	-0.106
2817.703	160.583	-1.814	-0.111
2817.903	162.715	-1.818	-0.150
2818.103	164.718	-1.775	-0.107
2818.303	166.785	-1.781	-0.144
2818.503	168.790	-1.756	-0.121
2818.703	170.803	-1.750	-0.146
2818.903	172.779	-1.728	-0.136
2819.103	174.792	-1.732	-0.175
2819.303	176.857	-1.696	-0.160
2819.503	178.941	-1.710	-0.193
2819.703	180.966	-1.682	-0.172
2819.903	182.992	-1.697	-0.211
2820.103	185.015	-1.674	-0.178
2820.303	187.016	-1.686	-0.210
2820.503	189.215	-1.652	-0.169
2820.703	191.075	-1.672	-0.208
2820.803	192.234	-1.657	-0.200
2821.003	194.137	-1.633	-0.184
2821.204	196.258	-1.654	-0.202
2821.403	198.266	-1.622	-0.170
2821.603	200.241	-1.641	-0.203
2821.803	202.385	-1.596	-0.167
2822.003	204.469	-1.613	-0.187
2822.203	206.486	-1.565	-0.173
2822.403	208.464	-1.577	-0.191
2822.603	210.452	-1.530	-0.166
2822.804	212.457	-1.566	-0.187
2822.903	213.604	-1.530	-0.199
2823.103	215.577	-1.512	-0.180
2823.304	217.551	-1.493	-0.180
2823.504	219.748	-1.494	-0.205
2823.703	221.645	-1.465	-0.185
2823.903	223.648	-1.472	-0.225
2824.003	224.795	-1.442	-0.211
2824.203	226.802	-1.450	-0.227
2824.403	228.793	-1.465	-0.221
2824.603	230.784	-1.436	-0.216
2824.703	231.871	-1.441	-0.203
2824.903	233.829	-1.436	-0.211
2825.103	235.906	-1.433	-0.235
2825.303	237.882	-1.425	-0.208
2825.403	239.014	-1.399	-0.211
2825.603	241.042	-1.426	-0.216
2825.803	243.026	-1.418	-0.208
2826.003	245.051	-1.404	-0.204
2826.205	247.081	-1.375	-0.185
2826.404	249.085	-1.374	-0.190
2826.603	251.098	-1.349	-0.184
2826.703	252.228	-1.369	-0.243
2826.903	254.222	-1.323	-0.174
2827.103	256.380	-1.334	-0.209
2827.303	258.209	-1.299	-0.167
2827.403	259.330	-1.304	-0.226
2827.603	261.416	-1.277	-0.211
2827.803	263.399	-1.257	-0.195
2828.003	265.372	-1.253	-0.218
2828.203	267.465	-1.240	-0.207
2828.403	269.433	-1.232	-0.228
2828.503	270.561	-1.246	-0.230
2828.703	272.463	-1.243	-0.256
2828.803	273.560	-1.209	-0.198
2829.003	275.594	-1.212	-0.215
2829.203	277.578	-1.237	-0.251
2829.403	279.745	-1.214	-0.221
2829.603	281.741	-1.238	-0.246
2829.803	283.756	-1.194	-0.204
2830.003	285.762	-1.232	-0.238
2830.203	287.827	-1.182	-0.200
2830.403	289.831	-1.213	-0.224
2830.603	291.809	-1.167	-0.224
2830.703	292.923	-1.188	-0.216
2830.903	294.952	-1.133	-0.195
2831.103	296.878	-1.162	-0.212
2831.303	298.930	-1.126	-0.195
2831.503	300.962	-1.134	-0.197
2831.703	302.992	-1.097	-0.197
2831.903	305.002	-1.109	-0.205
2832.003	306.127	-1.086	-0.216
2832.204	308.211	-1.048	-0.192
2832.403	310.201	-1.118	-0.245
2832.603	312.277	-1.062	-0.215
2832.803	314.206	-1.094	-0.232
2833.003	316.293	-1.043	-0.219
2833.203	318.333	-1.070	-0.238
2833.403	320.322	-1.042	-0.236
2833.603	322.475	-1.059	-0.239
2833.803	324.455	-1.042	-0.243
2834.003	326.463	-1.059	-0.249
2834.205	328.493	-1.037	-0.228
2834.403	330.552	-1.047	-0.241
2834.603	332.470	-1.032	-0.222
2834.803	334.677	-1.023	-0.238
2835.003	336.686	-1.003	-0.218
2835.203	338.696	-1.006	-0.229
2835.403	340.609	-0.985	-0.206
2835.603	342.685	-0.985	-0.222
2835.803	344.803	-0.957	-0.189
2836.003	346.877	-0.959	-0.210
2836.203	348.858	-0.933	-0.194
2836.403	350.821	-0.922	-0.217
2836.603	352.860	-0.899	-0.198
2836.803	354.849	-0.910	-0.225
2837.003	357.090	-0.878	-0.204
2837.203	359.013	-0.887	-0.242
2837.403	360.961	-0.867	-0.222
2837.603	363.055	-0.882	-0.263
2837.803	365.022	-0.868	-0.248
2837.903	366.114	-0.830	-0.224
2838.103	368.121	-0.859	-0.253
2838.303	370.118	-0.866	-0.269
2838.503	372.143	-0.869	-0.258
2838.703	374.198	-0.834	-0.240
2838.903	376.394	-0.845	-0.250
2839.103	378.328	-0.829	-0.242
2839.303	380.346	-0.830	-0.242
2839.503	382.323	-0.817	-0.224
2839.703	384.468	-0.814	-0.222
2839.903	386.468	-0.804	-0.225
2840.103	388.474	-0.798	-0.222
2840.303	390.306	-0.761	-0.218
2840.503	391.274	-0.740	-0.207
2840.603	391.488	-0.717	-0.205
2840.803	391.508	-0.739	-0.222
3101.703	0.022	-4.774	0.686
3101.903	0.157	-4.754	0.720
3102.103	0.997	-4.738	0.735
3102.303	2.552	-4.764	0.707
3102.503	4.623	-4.758	0.716
3102.703	6.583	-4.768	0.698
3102.803	7.740	-4.776	0.714
3103.003	9.766	-4.772	0.724
3103.204	11.746	-4.780	0.729
3103.404	13.733	-4.757	0.738
3103.603	15.795	-4.767	0.752
3103.703	16.922	-4.757	0.760
3103.903	18.794	-4.758	0.742
3104.003	19.912	-4.753	0.739
3104.203	21.855	-4.736	0.768
3104.404	23.875	-4.760	0.753
3104.503	24.982	-4.695	0.770
3104.703	26.994	-4.743	0.746
3104.903	28.980	-4.716	0.740
3105.003	30.121	-4.727	0.746
3105.204	32.030	-4.742	0.732
3105.404	34.047	-4.735	0.692
3105.504	35.217	-4.738	0.688
3105.703	37.142	-3.185	0.416
3105.904	39.142	-2.496	0.190
3106.103	41.165	-2.481	0.157
3106.304	43.196	-2.520	0.103
3106.403	44.298	-2.533	0.086
3106.603	46.349	-2.502	0.095
3106.803	48.345	-2.502	0.047
3107.004	50.512	-2.464	0.059
3107.204	52.392	-2.464	0.023
3107.303	53.483	-2.468	0.009
3107.504	55.487	-2.427	0.026
3107.703	57.534	-2.393	0.008
3107.903	59.635	-2.406	-0.020
3108.103	61.581	-2.347	-0.016
3108.304	63.684	-2.342	-0.031
3108.503	65.756	-2.285	-0.035
3108.703	67.725	-2.294	-0.057
3108.903	69.680	-2.254	-0.069
3109.104	71.780	-2.240	-0.052
3109.304	73.776	-2.202	-0.114
3109.504	75.888	-2.189	-0.102
3109.703	77.806	-2.179	-0.133
3109.903	79.952	-2.126	-0.107
3110.103	81.866	-2.152	-0.171
3110.303	83.916	-2.120	-0.102
3110.503	85.922	-2.123	-0.072
3110.703	88.140	-2.116	-0.097
3110.904	90.131	-2.100	-0.076
3111.103	92.085	-2.097	-0.096
3111.303	94.172	-2.061	-0.069
3111.504	96.139	-2.096	-0.109
3111.603	97.267	-2.035	-0.065
3111.803	99.146	-2.075	-0.092
3111.903	100.255	-2.026	-0.079
3112.103	102.259	-2.038	-0.097
3112.303	104.367	-2.030	-0.061
3112.504	106.371	-2.002	-0.079
3112.703	108.382	-1.993	-0.075
3112.903	110.376	-1.984	-0.097
3113.103	112.585	-1.974	-0.083
3113.304	114.425	-1.966	-0.108
3113.504	116.567	-1.956	-0.096
3113.703	118.545	-1.946	-0.110
3113.903	120.548	-1.950	-0.088
3114.103	122.743	-1.941	-0.146
3114.303	124.659	-1.924	-0.115
3114.503	126.661	-1.953	-0.179
3114.703	128.840	-1.908	-0.119
3114.903	130.731	-1.963	-0.168
3115.104	132.736	-1.918	-0.137
3115.203	133.889	-1.948	-0.138
3115.404	135.895	-1.941	-0.159
3115.603	137.938	-1.900	-0.126
3115.804	139.931	-1.927	-0.142
3116.003	141.909	-1.901	-0.135
3116.203	144.059	-1.902	-0.121
3116.403	146.063	-1.880	-0.123
3116.603	148.047	-1.870	-0.106
3116.803	150.055	-1.836	-0.106
3117.004	152.075	-1.840	-0.115
3117.204	154.077	-1.820	-0.115
3117.404	156.318	-1.817	-0.117
3117.604	158.155	-1.818	-0.130
3117.803	160.383	-1.814	-0.134
3118.003	162.310	-1.769	-0.133
3118.204	164.330	-1.787	-0.163
3118.403	166.296	-1.732	-0.141
3118.603	168.403	-1.772	-0.173
3118.803	170.399	-1.727	-0.177
3119.003	172.556	-1.744	-0.172
3119.203	174.564	-1.737	-0.201
3119.404	176.550	-1.746	-0.188
3119.604	178.536	-1.736	-0.194
3119.803	180.596	-1.699	-0.181
3120.004	182.706	-1.718	-0.201
3120.204	184.647	-1.681	-0.183
3120.404	186.629	-1.700	-0.189
3120.603	188.847	-1.680	-0.171
3120.803	190.815	-1.678	-0.177
3121.004	192.758	-1.642	-0.165
3121.204	194.878	-1.652	-0.177
3121.404	196.881	-1.626	-0.164
3121.603	198.853	-1.619	-0.161
3121.803	200.961	-1.591	-0.155
3122.004	202.965	-1.603	-0.188
3122.203	205.112	-1.568	-0.167
3122.403	207.115	-1.567	-0.192
3122.603	209.086	-1.527	-0.186
3122.803	211.185	-1.529	-0.193
3123.003	213.174	-1.524	-0.212
3123.204	215.132	-1.512	-0.212
3123.403	217.214	-1.510	-0.212
3123.604	219.205	-1.495	-0.210
3123.703	220.331	-1.546	-0.237
3123.903	222.230	-1.467	-0.212
3124.003	223.330	-1.452	-0.191
3124.204	225.346	-1.480	-0.206
3124.404	227.330	-1.495	-0.248
3124.503	228.428	-1.475	-0.187
3124.703	230.438	-1.470	-0.202
3124.903	232.415	-1.469	-0.217
3125.103	234.636	-1.459	-0.205
3125.304	236.471	-1.447	-0.211
3125.503	238.617	-1.425	-0.199
3125.704	240.739	-1.426	-0.210
3125.903	242.595	-1.389	-0.180
3126.003	243.780	-1.369	-0.212
3126.203	245.701	-1.381	-0.184
3126.404	247.727	-1.372	-0.221
3126.603	249.901	-1.330	-0.170
3126.803	251.789	-1.338	-0.212
3127.004	253.787	-1.289	-0.171
3127.103	254.958	-1.316	-0.199
3127.304	256.852	-1.325	-0.242
3127.503	258.985	-1.276	-0.186
3127.704	260.978	-1.300	-0.228
3127.903	263.041	-1.271	-0.211
3128.104	264.985	-1.291	-0.248
3128.304	267.020	-1.237	-0.205
3128.504	269.023	-1.290	-0.259
3128.603	270.175	-1.293	-0.255
3128.803	272.202	-1.258	-0.218
3129.004	274.205	-1.261	-0.238
3129.203	276.217	-1.236	-0.227
3129.404	278.275	-1.256	-0.231
3129.604	280.282	-1.231	-0.227
3129.803	282.348	-1.226	-0.206
3130.004	284.361	-1.213	-0.237
3130.204	286.342	-1.200	-0.221
3130.404	288.474	-1.185	-0.188
3130.604	290.480	-1.184	-0.198
3130.804	292.455	-1.155	-0.187
3131.004	294.563	-1.173	-0.196
3131.204	296.574	-1.116	-0.197
3131.403	298.546	-1.136	-0.208
3131.603	300.571	-1.124	-0.212
3131.703	301.691	-1.070	-0.183
3131.903	303.666	-1.118	-0.217
3132.003	304.753	-1.135	-0.258
3132.204	306.704	-1.087	-0.201
3132.404	308.781	-1.088	-0.232
3132.603	310.782	-1.082	-0.235
3132.804	312.954	-1.077	-0.250
3133.004	314.927	-1.091	-0.258
3133.203	316.931	-1.079	-0.248
3133.404	318.963	-1.081	-0.254
3133.604	321.029	-1.069	-0.240
3133.803	322.966	-1.061	-0.235
3134.004	325.192	-1.066	-0.234
3134.204	327.054	-1.047	-0.227
3134.404	329.086	-1.068	-0.253
3134.604	331.153	-1.039	-0.216
3134.804	333.177	-1.051	-0.240
3135.004	335.159	-1.011	-0.200
3135.204	337.199	-1.017	-0.222
3135.404	339.250	-0.993	-0.206
3135.604	341.250	-0.972	-0.190
3135.803	343.343	-0.962	-0.211
3136.004	345.441	-0.956	-0.208
3136.204	347.532	-0.954	-0.215
3136.404	349.497	-0.912	-0.214
3136.603	351.448	-0.920	-0.217
3136.804	353.509	-0.905	-0.235
3137.004	355.489	-0.909	-0.229
3137.103	356.634	-0.845	-0.226
3137.304	358.556	-0.894	-0.247
3137.504	360.697	-0.889	-0.253
3137.703	362.688	-0.885	-0.248
3137.904	364.666	-0.865	-0.232
3138.104	366.678	-0.860	-0.239
3138.304	368.748	-0.875	-0.258
3138.504	370.749	-0.857	-0.249
3138.603	371.866	-0.889	-0.248
3138.804	373.966	-0.862	-0.273
3139.003	375.954	-0.865	-0.217
3139.204	377.912	-0.858	-0.258
3139.404	379.995	-0.823	-0.209
3139.603	382.000	-0.849	-0.264
3139.803	384.158	-0.800	-0.220
3140.003	386.117	-0.825	-0.249
3140.204	388.204	-0.780	-0.204
3140.404	390.055	-0.771	-0.223
3140.603	391.155	-0.718	-0.210
3140.804	391.507	-0.734	-0.199
3401.704	0.021	-4.789	0.700
3401.904	0.073	-4.780	0.680
3402.104	0.779	-4.779	0.670
3402.304	2.274	-4.765	0.664
3402.404	3.361	-4.792	0.662
3402.604	5.370	-4.788	0.675
3402.804	7.449	-4.764	0.680
3403.004	9.444	-4.797	0.668
3403.204	11.407	-4.777	0.657
3403.304	12.544	-4.823	0.665
3403.504	14.569	-4.804	0.666
3403.704	16.543	-4.798	0.643
3403.904	18.526	-4.802	0.656
3404.104	20.581	-4.810	0.634
3404.304	22.720	-4.814	0.640
3404.504	24.669	-4.815	0.633
3404.704	26.689	-4.794	0.650
3404.904	28.826	-4.802	0.641
3405.104	30.737	-4.794	0.672
3405.203	31.846	-4.812	0.623
3405.404	33.876	-4.795	0.645
3405.604	35.891	-4.712	0.615
3405.804	37.885	-2.477	0.257
3406.004	39.913	-2.512	0.160
3406.204	41.923	-2.512	0.141
3406.304	43.033	-2.521	0.101
3406.503	44.978	-2.525	0.104
3406.603	46.064	-2.507	0.096
3406.804	48.048	-2.506	0.084
3407.004	50.052	-2.464	0.100
3407.104	51.161	-2.447	0.074
3407.304	53.207	-2.445	0.058
3407.504	55.272	-2.418	0.039
3407.704	57.274	-2.415	0.020
3407.904	59.302	-2.378	-0.005
3408.103	61.300	-2.357	-0.005
3408.304	63.344	-2.326	-0.005
3408.504	65.428	-2.308	-0.042
3408.704	67.409	-2.262	-0.037
3408.904	69.553	-2.271	-0.077
3409.104	71.561	-2.214	-0.065
3409.304	73.520	-2.247	-0.101
3409.504	75.618	-2.178	-0.093
3409.704	77.616	-2.185	-0.119
3409.904	79.595	-2.131	-0.119
3410.104	81.689	-2.142	-0.124
3410.304	83.675	-2.096	-0.096
3410.503	85.778	-2.099	-0.062
3410.704	87.720	-2.061	-0.062
3410.904	89.794	-2.065	-0.066
3411.104	91.815	-2.054	-0.093
3411.304	93.801	-2.053	-0.091
3411.404	94.964	-2.031	-0.079
3411.604	96.978	-2.034	-0.099
3411.804	98.958	-2.035	-0.100
3412.004	100.997	-2.039	-0.111
3412.204	103.064	-2.044	-0.115
3412.404	105.016	-2.028	-0.099
3412.604	107.232	-2.014	-0.088
3412.804	109.086	-2.021	-0.122
3413.004	111.118	-1.985	-0.077
3413.204	113.172	-2.014	-0.113
3413.404	115.217	-1.973	-0.082
3413.603	117.221	-2.010	-0.098
3413.804	119.255	-1.942	-0.085
3414.004	121.301	-1.968	-0.090
3414.204	123.287	-1.930	-0.095
3414.403	125.385	-1.941	-0.084
3414.604	127.494	-1.933	-0.125
3414.804	129.507	-1.917	-0.091
3415.004	131.544	-1.894	-0.114
3415.204	133.538	-1.889	-0.115
3415.404	135.545	-1.882	-0.137
3415.604	137.569	-1.879	-0.143
3415.804	139.694	-1.855	-0.127
3416.004	141.805	-1.862	-0.145
3416.204	143.650	-1.851	-0.139
3416.403	145.773	-1.877	-0.153
3416.604	147.824	-1.853	-0.141
3416.804	149.826	-1.838	-0.129
3417.004	151.813	-1.874	-0.182
3417.204	153.910	-1.834	-0.136
3417.404	155.896	-1.865	-0.166
3417.604	158.071	-1.828	-0.141
3417.804	159.941	-1.836	-0.143
3418.004	162.070	-1.801	-0.137
3418.204	164.095	-1.813	-0.144
3418.404	166.087	-1.802	-0.145
3418.605	168.093	-1.756	-0.144
3418.804	170.128	-1.766	-0.131
3419.004	172.203	-1.756	-0.149
3419.204	174.154	-1.733	-0.127
3419.404	176.337	-1.706	-0.149
3419.604	178.277	-1.679	-0.119
3419.804	180.349	-1.687	-0.171
3420.004	182.355	-1.664	-0.149
3420.204	184.326	-1.658	-0.176
3420.404	186.448	-1.656	-0.172
3420.604	188.449	-1.661	-0.182
3420.804	190.499	-1.627	-0.166
3421.004	192.555	-1.639	-0.190
3421.204	194.555	-1.633	-0.200
3421.404	196.574	-1.619	-0.204
3421.604	198.606	-1.617	-0.199
3421.804	200.610	-1.621	-0.208
3422.004	202.831	-1.607	-0.198
3422.205	204.813	-1.605	-0.203
3422.404	206.745	-1.596	-0.196
3422.604	208.853	-1.586	-0.195
3422.804	210.786	-1.580	-0.210
3422.904	211.922	-1.518	-0.184
3423.104	213.884	-1.566	-0.189
3423.304	215.982	-1.539	-0.186
3423.504	217.989	-1.525	-0.161
3423.704	219.970	-1.513	-0.180
3423.804	221.117	-1.492	-0.164
3424.004	223.090	-1.488	-0.166
3424.203	225.045	-1.480	-0.193
3424.404	227.157	-1.439	-0.153
3424.603	229.154	-1.452	-0.189
3424.804	231.203	-1.457	-0.196
3425.004	233.261	-1.416	-0.189
3425.204	235.268	-1.397	-0.193
3425.404	237.303	-1.394	-0.212
3425.604	239.346	-1.408	-0.225
3425.804	241.333	-1.379	-0.231
3426.004	243.345	-1.394	-0.217
3426.204	245.510	-1.381	-0.233
3426.404	247.443	-1.362	-0.198
3426.603	249.538	-1.360	-0.227
3426.804	251.493	-1.329	-0.189
3427.004	253.511	-1.373	-0.247
3427.204	255.531	-1.328	-0.191
3427.304	256.646	-1.363	-0.220
3427.504	258.694	-1.343	-0.212
3427.704	260.668	-1.312	-0.183
3427.904	262.814	-1.330	-0.208
3428.104	264.719	-1.277	-0.175
3428.304	266.720	-1.298	-0.199
3428.404	267.891	-1.261	-0.174
3428.604	269.799	-1.272	-0.211
3428.804	271.818	-1.243	-0.173
3428.904	272.990	-1.268	-0.215
3429.104	275.009	-1.242	-0.192
3429.304	276.961	-1.206	-0.182
3429.504	279.062	-1.203	-0.200
3429.704	281.043	-1.170	-0.197
3429.904	283.204	-1.199	-0.216
3430.104	285.101	-1.151	-0.207
3430.304	287.061	-1.184	-0.233
3430.404	288.188	-1.121	-0.182
3430.603	290.253	-1.179	-0.237
3430.804	292.195	-1.164	-0.218
3431.004	294.216	-1.158	-0.240
3431.204	296.334	-1.159	-0.224
3431.404	298.339	-1.164	-0.252
3431.604	300.351	-1.132	-0.199
3431.804	302.328	-1.166	-0.247
3432.004	304.564	-1.120	-0.191
3432.203	306.393	-1.166	-0.243
3432.404	308.533	-1.106	-0.202
3432.603	310.513	-1.119	-0.213
3432.804	312.522	-1.107	-0.224
3433.004	314.728	-1.117	-0.213
3433.204	316.633	-1.079	-0.170
3433.404	318.634	-1.086	-0.206
3433.504	319.787	-1.058	-0.179
3433.704	321.677	-1.068	-0.194
3433.904	323.812	-1.033	-0.176
3434.104	325.857	-1.049	-0.198
3434.304	327.863	-1.017	-0.191
3434.503	329.920	-0.988	-0.183
3434.705	331.939	-1.026	-0.221
3434.904	333.862	-0.997	-0.219
3435.004	335.021	-1.025	-0.221
3435.204	337.023	-0.983	-0.217
3435.404	338.949	-0.981	-0.234
3435.504	340.103	-1.008	-0.234
3435.704	342.090	-0.980	-0.252
3435.904	344.067	-0.973	-0.220
3436.104	346.174	-0.972	-0.255
3436.304	348.184	-0.959	-0.222
3436.504	350.134	-0.966	-0.244
3436.706	352.316	-0.929	-0.214
3436.904	354.280	-0.953	-0.248
3437.104	356.346	-0.933	-0.219
3437.305	358.392	-0.942	-0.221
3437.504	360.393	-0.910	-0.209
3437.704	362.447	-0.926	-0.211
3437.904	364.482	-0.899	-0.199
3438.104	366.496	-0.880	-0.196
3438.304	368.543	-0.859	-0.193
3438.504	370.546	-0.865	-0.214
3438.704	372.581	-0.870	-0.204
3438.904	374.648	-0.826	-0.197
3439.104	376.720	-0.827	-0.208
3439.304	378.744	-0.801	-0.217
3439.504	380.777	-0.801	-0.198
3439.704	382.781	-0.772	-0.227
3439.904	384.796	-0.779	-0.221
3440.104	386.873	-0.759	-0.237
3440.304	388.883	-0.760	-0.225
3440.504	390.554	-0.744	-0.246
3440.703	391.363	-0.722	-0.209
3440.904	391.507	-0.745	-0.261
3701.804	0.025	-4.805	0.663
3702.004	0.046	-4.799	0.655
3702.204	0.647	-4.799	0.653
3702.404	1.976	-4.803	0.648
3702.604	3.945	-4.804	0.670
3702.804	5.968	-4.780	0.650
3702.904	7.079	-4.776	0.681
3703.104	9.197	-4.784	0.661
3703.304	11.174	-4.802	0.629
3703.504	13.211	-4.761	0.655
3703.704	15.134	-4.801	0.627
3703.904	17.272	-4.755	0.655
3704.104	19.298	-4.793	0.618
3704.304	21.323	-4.761	0.636
3704.504	23.302	-4.791	0.624
3704.704	25.331	-4.785	0.605
3704.904	27.355	-4.815	0.619
3705.004	28.451	-4.805	0.607
3705.204	30.462	-4.785	0.601
3705.404	32.548	-4.785	0.629
3705.604	34.586	-4.812	0.574
3705.804	36.535	-3.896	0.464
3705.904	37.658	-2.527	0.199
3706.104	39.667	-2.524	0.125
3706.304	41.624	-2.514	0.106
3706.504	43.619	-2.528	0.085
3706.704	45.659	-2.499	0.081
3706.904	47.798	-2.488	0.078
3707.104	49.741	-2.467	0.068
3707.304	51.754	-2.449	0.079
3707.404	52.893	-2.422	0.062
3707.604	54.800	-2.430	0.030
3707.704	55.926	-2.367	0.102
3707.904	57.970	-2.393	0.024
3708.104	59.997	-2.348	0.015
3708.304	61.949	-2.343	-0.015
3708.504	63.963	-2.307	-0.022
3708.704	65.984	-2.278	-0.035
3708.804	67.096	-2.266	-0.020
3709.004	69.130	-2.256	-0.059
3709.204	71.146	-2.240	-0.066
3709.404	73.131	-2.211	-0.081
3709.604	75.155	-2.183	-0.073
3709.804	77.273	-2.179	-0.101
3710.004	79.354	-2.143	-0.087
3710.204	81.335	-2.131	-0.107
3710.404	83.273	-2.120	-0.104
3710.604	85.390	-2.096	-0.012
3710.804	87.371	-2.089	-0.029
3711.004	89.538	-2.075	-0.040
3711.204	91.445	-2.038	-0.036
3711.404	93.452	-2.033	-0.049
3711.504	94.632	-2.013	-0.054
3711.704	96.645	-2.010	-0.061
3711.904	98.607	-2.006	-0.084
3712.104	100.699	-1.985	-0.058
3712.304	102.700	-1.992	-0.105
3712.504	104.655	-1.967	-0.089
3712.704	106.743	-1.986	-0.119
3712.904	108.733	-1.948	-0.101
3713.004	109.861	-2.014	-0.156
3713.204	111.905	-1.975	-0.112
3713.404	113.818	-1.957	-0.110
3713.604	115.830	-1.940	-0.099
3713.704	116.947	-1.997	-0.175
3713.904	118.955	-1.965	-0.116
3714.104	120.914	-1.958	-0.110
3714.204	122.023	-1.961	-0.141
3714.404	124.139	-1.934	-0.097
3714.604	126.153	-1.975	-0.130
3714.804	128.119	-1.916	-0.082
3715.004	130.225	-1.923	-0.093
3715.204	132.218	-1.914	-0.106
3715.404	134.286	-1.922	-0.107
3715.604	136.229	-1.868	-0.078
3715.804	138.234	-1.894	-0.103
3715.904	139.384	-1.873	-0.086
3716.104	141.274	-1.853	-0.093
3716.304	143.412	-1.846	-0.095
3716.504	145.446	-1.824	-0.103
3716.704	147.478	-1.857	-0.134
3716.904	149.445	-1.813	-0.118
3717.104	151.487	-1.810	-0.107
3717.304	153.592	-1.822	-0.131
3717.504	155.710	-1.809	-0.118
3717.704	157.680	-1.818	-0.149
3717.904	159.656	-1.800	-0.137
3718.104	161.693	-1.818	-0.169
3718.304	163.664	-1.782	-0.149
3718.404	164.810	-1.806	-0.162
3718.604	166.726	-1.794	-0.169
3718.804	168.743	-1.761	-0.138
3718.904	169.911	-1.826	-0.213
3719.104	171.832	-1.748	-0.142
3719.304	173.858	-1.744	-0.163
3719.504	176.064	-1.728	-0.151
3719.704	177.905	-1.734	-0.151
3719.904	180.053	-1.708	-0.142
3720.104	182.149	-1.698	-0.154
3720.304	184.130	-1.684	-0.146
3720.504	186.105	-1.683	-0.154
3720.704	188.200	-1.648	-0.135
3720.904	190.204	-1.643	-0.159
3721.104	192.313	-1.617	-0.151
3721.304	194.248	-1.639	-0.176
3721.504	196.236	-1.615	-0.169
3721.704	198.260	-1.601	-0.187
3721.904	200.298	-1.592	-0.188
3722.104	202.306	-1.592	-0.201
3722.304	204.351	-1.583	-0.206
3722.504	206.402	-1.570	-0.205
3722.704	208.418	-1.563	-0.211
3722.904	210.632	-1.558	-0.210
3723.104	212.490	-1.540	-0.192
3723.304	214.527	-1.547	-0.208
3723.504	216.683	-1.523	-0.201
3723.704	218.716	-1.545	-0.208
3723.904	220.712	-1.534	-0.203
3724.104	222.817	-1.509	-0.185
3724.304	224.822	-1.513	-0.182
3724.504	226.780	-1.480	-0.186
3724.704	228.890	-1.484	-0.163
3724.904	230.882	-1.441	-0.168
3725.104	233.007	-1.453	-0.167
3725.304	234.921	-1.439	-0.185
3725.504	236.884	-1.418	-0.169
3725.704	239.116	-1.400	-0.196
3725.904	241.105	-1.384	-0.168
3726.104	243.047	-1.386	-0.202
3726.304	245.114	-1.349	-0.169
3726.504	247.110	-1.361	-0.215
3726.704	249.273	-1.327	-0.194
3726.904	251.175	-1.345	-0.220
3727.104	253.247	-1.332	-0.215
3727.304	255.253	-1.336	-0.212
3727.504	257.284	-1.303	-0.202
3727.704	259.288	-1.332	-0.226
3727.904	261.333	-1.298	-0.217
3728.104	263.358	-1.329	-0.231
3728.304	265.481	-1.285	-0.216
3728.504	267.579	-1.308	-0.218
3728.704	269.553	-1.279	-0.219
3728.904	271.530	-1.288	-0.222
3729.104	273.595	-1.280	-0.207
3729.304	275.595	-1.241	-0.177
3729.504	277.579	-1.253	-0.210
3729.704	279.696	-1.219	-0.206
3729.904	281.648	-1.203	-0.168
3730.104	283.715	-1.208	-0.206
3730.304	285.831	-1.172	-0.178
3730.504	287.862	-1.195	-0.218
3730.704	289.860	-1.146	-0.176
3730.904	291.866	-1.179	-0.219
3731.104	293.894	-1.134	-0.187
3731.304	295.980	-1.156	-0.223
3731.504	297.956	-1.118	-0.194
3731.704	300.070	-1.142	-0.217
3731.904	302.076	-1.106	-0.213
3732.104	304.039	-1.138	-0.241
3732.304	306.125	-1.109	-0.225
3732.504	308.107	-1.140	-0.244
3732.604	309.256	-1.089	-0.222
3732.804	311.263	-1.100	-0.230
3733.004	313.270	-1.131	-0.252
3733.204	315.211	-1.107	-0.223
3733.304	316.296	-1.098	-0.212
3733.504	318.370	-1.073	-0.215
3733.704	320.356	-1.098	-0.216
3733.904	322.331	-1.095	-0.216
3734.104	324.516	-1.073	-0.205
3734.304	326.490	-1.073	-0.205
3734.504	328.442	-1.050	-0.202
3734.704	330.531	-1.042	-0.176
3734.904	332.523	-1.027	-0.203
3735.004	333.681	-1.027	-0.190
3735.203	335.564	-1.018	-0.212
3735.404	337.589	-0.994	-0.198
3735.504	338.759	-0.967	-0.175
3735.704	340.768	-0.993	-0.213
3735.904	342.707	-0.945	-0.206
3736.104	344.795	-0.975	-0.213
3736.304	346.766	-0.928	-0.216
3736.404	347.925	-0.920	-0.197
3736.604	349.807	-0.952	-0.235
3736.704	350.912	-0.912	-0.241
3736.904	352.941	-0.929	-0.224
3737.104	354.909	-0.924	-0.232
3737.304	356.911	-0.923	-0.231
3737.504	359.076	-0.885	-0.229
3737.704	361.114	-0.924	-0.237
3737.904	363.134	-0.891	-0.236
3738.104	365.116	-0.921	-0.229
3738.304	367.263	-0.886	-0.229
3738.504	369.124	-0.890	-0.211
3738.704	371.272	-0.870	-0.223
3738.904	373.237	-0.877	-0.219
3739.104	375.309	-0.862	-0.214
3739.304	377.323	-0.830	-0.213
3739.504	379.457	-0.855	-0.221
3739.705	381.462	-0.827	-0.220
3739.904	383.434	-0.806	-0.183
3740.104	385.512	-0.793	-0.206
3740.304	387.498	-0.761	-0.192
3740.504	389.624	-0.763	-0.221
3740.704	390.896	-0.713	-0.192
3740.904	391.479	-0.730	-0.234
3741.004	391.508	-0.675	-0.195
