TimeSec	Probe1mm	ConductivityP1V	TemperatureP1V
216.144	0.000	-4.729	0.337
216.344	0.010	-4.777	0.317
216.543	0.548	-4.766	0.344
216.744	2.057	-4.745	0.337
216.943	3.959	-4.755	0.335
217.143	5.920	-4.753	0.326
217.343	7.964	-4.757	0.335
217.544	10.024	-4.762	0.320
217.743	12.035	-4.757	0.333
217.944	14.033	-4.754	0.323
218.043	15.140	-4.757	0.319
218.244	17.155	-4.732	0.338
218.444	19.199	-4.750	0.327
218.644	21.236	-4.751	0.345
218.844	23.269	-4.756	0.339
219.044	25.256	-4.757	0.324
219.244	27.272	-4.781	0.317
219.444	29.303	-4.747	0.338
219.643	31.483	-4.747	0.339
219.843	33.348	-4.769	0.300
219.944	34.460	-4.765	0.277
220.144	36.426	-2.276	0.098
220.344	38.449	-1.711	-0.075
220.444	39.554	-1.718	-0.084
220.644	41.561	-1.711	-0.070
220.843	43.626	-1.720	-0.101
221.044	45.638	-1.711	-0.103
221.244	47.613	-1.723	-0.124
221.344	48.721	-1.653	-0.079
221.544	50.792	-1.710	-0.129
221.744	52.770	-1.708	-0.120
221.944	54.734	-1.702	-0.126
222.144	56.781	-1.631	-0.135
222.344	58.873	-1.614	-0.159
222.544	60.897	-1.582	-0.178
222.744	62.977	-1.577	-0.197
222.943	64.946	-1.547	-0.208
223.143	67.013	-1.554	-0.231
223.344	68.952	-1.518	-0.229
223.443	70.058	-1.548	-0.300
223.643	72.089	-1.507	-0.241
223.843	74.067	-1.496	-0.281
223.943	75.215	-1.512	-0.284
224.144	77.203	-1.477	-0.277
224.343	79.296	-1.476	-0.284
224.544	81.268	-1.457	-0.300
224.744	83.231	-1.458	-0.256
224.843	84.380	-1.457	-0.190
225.043	86.304	-1.452	-0.236
225.244	88.408	-1.430	-0.223
225.444	90.374	-1.449	-0.248
225.644	92.465	-1.404	-0.236
225.843	94.410	-1.413	-0.260
225.944	95.510	-1.424	-0.249
226.143	97.435	-1.413	-0.237
226.343	99.561	-1.404	-0.236
226.543	101.622	-1.376	-0.243
226.744	103.568	-1.402	-0.264
226.943	105.612	-1.390	-0.261
227.143	107.707	-1.380	-0.256
227.344	109.684	-1.357	-0.269
227.544	111.817	-1.373	-0.253
227.744	113.719	-1.345	-0.251
227.843	114.806	-1.391	-0.293
228.044	116.818	-1.328	-0.251
228.244	118.898	-1.356	-0.278
228.444	120.939	-1.329	-0.264
228.644	122.885	-1.318	-0.278
228.743	123.979	-1.338	-0.257
228.944	126.042	-1.320	-0.295
229.143	128.004	-1.323	-0.255
229.343	130.048	-1.292	-0.285
229.544	132.037	-1.299	-0.277
229.643	133.197	-1.268	-0.297
229.843	135.102	-1.309	-0.298
230.043	137.210	-1.270	-0.270
230.244	139.347	-1.275	-0.301
230.444	141.261	-1.258	-0.287
230.644	143.283	-1.263	-0.297
230.844	145.291	-1.242	-0.278
231.044	147.300	-1.262	-0.306
231.144	148.399	-1.222	-0.278
231.343	150.387	-1.248	-0.306
231.544	152.365	-1.218	-0.278
231.744	154.492	-1.219	-0.301
231.943	156.483	-1.207	-0.292
232.143	158.651	-1.225	-0.297
232.343	160.553	-1.191	-0.274
232.443	161.679	-1.184	-0.281
232.643	163.628	-1.195	-0.325
232.843	165.673	-1.182	-0.288
233.044	167.635	-1.195	-0.312
233.144	168.743	-1.143	-0.260
233.344	170.697	-1.175	-0.323
233.544	172.871	-1.164	-0.312
233.744	174.824	-1.156	-0.295
233.944	176.882	-1.139	-0.296
234.144	178.945	-1.132	-0.312
234.344	180.971	-1.126	-0.308
234.544	182.966	-1.130	-0.315
234.744	184.918	-1.119	-0.309
234.944	187.163	-1.115	-0.323
235.144	189.015	-1.100	-0.304
235.343	191.021	-1.106	-0.304
235.544	193.132	-1.061	-0.304
235.744	195.085	-1.089	-0.330
235.843	196.236	-1.088	-0.311
236.043	198.232	-1.059	-0.315
236.243	200.201	-1.081	-0.318
236.444	202.210	-1.042	-0.321
236.644	204.339	-1.065	-0.306
236.843	206.297	-1.032	-0.322
237.044	208.444	-1.025	-0.315
237.244	210.411	-1.030	-0.330
237.444	212.584	-1.039	-0.324
237.644	214.550	-1.009	-0.320
237.844	216.503	-1.006	-0.328
238.044	218.598	-0.996	-0.327
238.243	220.600	-1.010	-0.335
238.443	222.604	-0.967	-0.316
238.644	224.719	-0.978	-0.335
238.844	226.635	-0.979	-0.332
239.044	228.656	-0.964	-0.316
239.144	229.765	-0.965	-0.351
239.344	231.730	-0.931	-0.323
239.544	233.751	-0.944	-0.328
239.744	235.876	-0.946	-0.364
239.944	237.952	-0.938	-0.320
240.144	239.900	-0.914	-0.355
240.344	241.945	-0.904	-0.330
240.544	244.078	-0.931	-0.356
240.744	246.008	-0.877	-0.309
240.944	248.015	-0.903	-0.367
241.144	250.020	-0.887	-0.350
241.243	251.112	-0.888	-0.309
241.443	253.193	-0.871	-0.332
241.644	255.179	-0.846	-0.340
241.844	257.224	-0.880	-0.356
242.044	259.246	-0.861	-0.352
242.244	261.228	-0.837	-0.337
242.444	263.257	-0.832	-0.348
242.644	265.388	-0.843	-0.366
242.844	267.485	-0.843	-0.362
243.044	269.471	-0.827	-0.340
243.244	271.576	-0.805	-0.350
243.444	273.465	-0.821	-0.362
243.644	275.459	-0.790	-0.346
243.743	276.624	-0.817	-0.346
243.944	278.501	-0.781	-0.344
244.043	279.608	-0.815	-0.398
244.244	281.591	-0.788	-0.353
244.444	283.586	-0.768	-0.336
244.643	285.766	-0.777	-0.342
244.843	287.770	-0.762	-0.381
245.043	289.769	-0.782	-0.356
245.243	291.887	-0.752	-0.357
245.444	293.872	-0.743	-0.347
245.643	295.980	-0.723	-0.365
245.843	297.881	-0.742	-0.364
246.044	299.952	-0.746	-0.370
246.244	302.058	-0.740	-0.353
246.444	304.064	-0.700	-0.367
246.644	306.037	-0.733	-0.361
246.844	308.096	-0.709	-0.365
247.044	310.117	-0.704	-0.369
247.244	312.244	-0.706	-0.388
247.444	314.159	-0.703	-0.360
247.644	316.235	-0.687	-0.364
247.843	318.224	-0.670	-0.349
248.043	320.219	-0.691	-0.384
248.243	322.247	-0.690	-0.352
248.343	323.434	-0.660	-0.339
248.543	325.436	-0.680	-0.380
248.743	327.342	-0.658	-0.360
248.943	329.481	-0.692	-0.381
249.144	331.532	-0.663	-0.356
249.343	333.583	-0.653	-0.360
249.544	335.552	-0.646	-0.372
249.744	337.597	-0.677	-0.386
249.944	339.620	-0.646	-0.351
250.143	341.602	-0.635	-0.372
250.344	343.822	-0.622	-0.361
250.544	345.804	-0.649	-0.382
250.743	347.835	-0.619	-0.351
250.944	349.750	-0.634	-0.386
251.143	351.820	-0.605	-0.372
251.344	353.834	-0.639	-0.378
251.543	355.824	-0.586	-0.345
251.643	356.915	-0.624	-0.400
251.844	358.888	-0.607	-0.366
252.044	360.899	-0.597	-0.382
252.243	363.107	-0.601	-0.356
252.444	365.071	-0.583	-0.379
252.644	367.165	-0.608	-0.386
252.844	369.041	-0.588	-0.380
253.044	371.144	-0.579	-0.356
253.244	373.139	-0.558	-0.371
253.444	375.192	-0.572	-0.383
253.644	377.195	-0.582	-0.395
253.843	379.315	-0.539	-0.346
254.044	381.336	-0.535	-0.393
254.243	383.325	-0.555	-0.387
254.443	385.457	-0.531	-0.375
254.644	387.401	-0.532	-0.370
254.843	389.394	-0.529	-0.399
255.044	390.866	-0.522	-0.365
255.244	391.467	-0.518	-0.390
255.343	391.507	-0.506	-0.379
516.244	0.000	-4.749	0.331
516.444	0.236	-4.779	0.314
516.644	1.224	-4.758	0.281
516.844	3.082	-4.792	0.306
517.044	5.017	-4.769	0.316
517.244	7.007	-4.760	0.324
517.444	9.032	-4.765	0.311
517.644	11.019	-4.765	0.307
517.744	12.133	-4.787	0.305
517.944	14.131	-4.778	0.299
518.144	16.173	-4.743	0.346
518.344	18.321	-4.780	0.300
518.544	20.293	-4.770	0.309
518.744	22.244	-4.771	0.305
518.944	24.326	-4.758	0.334
519.144	26.281	-4.747	0.308
519.244	27.413	-4.776	0.271
519.444	29.411	-4.760	0.309
519.644	31.369	-4.763	0.310
519.844	33.545	-4.750	0.295
520.043	35.549	-3.842	0.193
520.244	37.494	-1.730	-0.044
520.444	39.538	-1.728	-0.075
520.644	41.645	-1.718	-0.088
520.844	43.599	-1.714	-0.101
521.044	45.712	-1.702	-0.112
521.244	47.641	-1.716	-0.121
521.444	49.817	-1.704	-0.133
521.644	51.713	-1.700	-0.120
521.844	53.878	-1.669	-0.132
522.044	55.804	-1.663	-0.146
522.244	57.829	-1.622	-0.178
522.444	59.882	-1.597	-0.177
522.644	61.898	-1.577	-0.206
522.844	63.931	-1.555	-0.227
523.044	65.995	-1.518	-0.209
523.243	67.981	-1.513	-0.233
523.444	70.120	-1.509	-0.254
523.644	72.077	-1.515	-0.289
523.844	74.224	-1.477	-0.266
524.044	76.158	-1.485	-0.291
524.244	78.219	-1.465	-0.304
524.444	80.334	-1.452	-0.286
524.644	82.323	-1.450	-0.334
524.844	84.266	-1.442	-0.228
525.044	86.332	-1.443	-0.238
525.244	88.454	-1.415	-0.227
525.444	90.419	-1.434	-0.248
525.644	92.422	-1.414	-0.240
525.844	94.560	-1.410	-0.251
526.044	96.575	-1.386	-0.246
526.244	98.588	-1.407	-0.269
526.444	100.552	-1.410	-0.265
526.644	102.658	-1.393	-0.252
526.844	104.723	-1.355	-0.241
527.044	106.674	-1.375	-0.282
527.244	108.750	-1.369	-0.263
527.444	110.809	-1.384	-0.274
527.644	112.790	-1.350	-0.252
527.844	114.825	-1.344	-0.258
528.044	116.939	-1.331	-0.272
528.244	118.887	-1.354	-0.278
528.444	120.911	-1.348	-0.276
528.644	123.012	-1.323	-0.269
528.844	125.027	-1.319	-0.266
529.044	127.079	-1.310	-0.284
529.244	129.081	-1.309	-0.261
529.443	131.056	-1.311	-0.280
529.543	132.188	-1.247	-0.224
529.744	134.170	-1.275	-0.283
529.944	136.241	-1.290	-0.294
530.144	138.244	-1.282	-0.285
530.344	140.232	-1.280	-0.281
530.544	142.248	-1.259	-0.280
530.644	143.369	-1.254	-0.297
530.844	145.309	-1.247	-0.293
531.044	147.489	-1.259	-0.290
531.244	149.375	-1.229	-0.281
531.444	151.525	-1.223	-0.292
531.644	153.500	-1.204	-0.300
531.844	155.659	-1.240	-0.308
532.044	157.642	-1.220	-0.288
532.244	159.601	-1.202	-0.283
532.444	161.589	-1.169	-0.291
532.644	163.700	-1.202	-0.332
532.844	165.770	-1.180	-0.299
533.044	167.762	-1.177	-0.288
533.244	169.788	-1.173	-0.301
533.444	171.791	-1.151	-0.309
533.644	173.778	-1.148	-0.305
533.844	175.994	-1.153	-0.304
534.044	177.915	-1.143	-0.296
534.244	179.962	-1.134	-0.315
534.444	181.987	-1.121	-0.308
534.644	184.069	-1.132	-0.318
534.844	186.056	-1.104	-0.297
535.044	188.062	-1.105	-0.315
535.244	190.177	-1.070	-0.317
535.444	192.183	-1.103	-0.314
535.644	194.114	-1.088	-0.310
535.844	196.347	-1.076	-0.291
536.044	198.306	-1.037	-0.312
536.244	200.271	-1.074	-0.333
536.444	202.316	-1.059	-0.335
536.644	204.414	-1.065	-0.312
536.844	206.366	-1.036	-0.315
537.044	208.382	-1.043	-0.319
537.244	210.508	-1.013	-0.329
537.444	212.601	-1.025	-0.315
537.644	214.583	-1.025	-0.328
537.844	216.641	-1.001	-0.313
538.044	218.675	-1.002	-0.343
538.244	220.676	-0.986	-0.314
538.444	222.712	-0.996	-0.322
538.644	224.737	-0.961	-0.335
538.843	226.749	-0.965	-0.339
539.044	228.745	-0.989	-0.377
539.244	230.863	-0.970	-0.328
539.444	232.820	-0.953	-0.315
539.644	234.977	-0.920	-0.341
539.844	236.947	-0.943	-0.354
540.044	239.043	-0.938	-0.359
540.244	241.035	-0.931	-0.326
540.444	242.995	-0.910	-0.332
540.644	245.125	-0.899	-0.331
540.844	247.130	-0.895	-0.355
541.044	249.263	-0.901	-0.338
541.244	251.226	-0.896	-0.358
541.444	253.220	-0.884	-0.332
541.644	255.336	-0.856	-0.346
541.844	257.309	-0.872	-0.340
542.044	259.238	-0.874	-0.355
542.244	261.283	-0.850	-0.325
542.444	263.429	-0.847	-0.350
542.644	265.422	-0.835	-0.344
542.844	267.440	-0.847	-0.366
543.044	269.522	-0.810	-0.326
543.244	271.611	-0.825	-0.354
543.444	273.540	-0.811	-0.363
543.644	275.525	-0.821	-0.356
543.844	277.613	-0.793	-0.350
544.044	279.602	-0.794	-0.344
544.244	281.721	-0.772	-0.349
544.444	283.688	-0.784	-0.376
544.644	285.721	-0.790	-0.355
544.844	287.885	-0.782	-0.360
545.044	289.830	-0.748	-0.336
545.244	291.897	-0.746	-0.378
545.444	293.976	-0.755	-0.367
545.644	295.939	-0.768	-0.378
545.844	297.958	-0.733	-0.338
546.044	300.022	-0.733	-0.365
546.244	301.982	-0.721	-0.353
546.444	304.000	-0.737	-0.373
546.644	306.055	-0.718	-0.346
546.844	308.078	-0.707	-0.372
547.044	310.182	-0.708	-0.351
547.244	312.289	-0.714	-0.384
547.444	314.258	-0.695	-0.351
547.644	316.236	-0.712	-0.382
547.844	318.359	-0.669	-0.341
548.044	320.307	-0.709	-0.392
548.244	322.342	-0.681	-0.364
548.444	324.409	-0.701	-0.365
548.644	326.572	-0.660	-0.361
548.844	328.458	-0.658	-0.357
549.044	330.521	-0.658	-0.381
549.244	332.654	-0.681	-0.376
549.444	334.555	-0.660	-0.358
549.644	336.661	-0.657	-0.363
549.844	338.673	-0.633	-0.373
550.044	340.631	-0.653	-0.377
550.244	342.646	-0.636	-0.353
550.444	344.825	-0.645	-0.379
550.644	346.766	-0.628	-0.368
550.844	348.758	-0.629	-0.372
551.044	350.823	-0.614	-0.352
551.244	352.848	-0.631	-0.378
551.444	355.019	-0.614	-0.361
551.644	357.000	-0.595	-0.381
551.844	358.921	-0.629	-0.380
551.944	360.038	-0.621	-0.392
552.144	361.986	-0.599	-0.360
552.344	364.089	-0.602	-0.373
552.544	366.101	-0.573	-0.362
552.744	368.226	-0.585	-0.382
552.944	370.172	-0.592	-0.383
553.144	372.254	-0.568	-0.359
553.344	374.219	-0.578	-0.391
553.544	376.372	-0.553	-0.375
553.744	378.319	-0.564	-0.374
553.944	380.288	-0.540	-0.366
554.144	382.351	-0.548	-0.361
554.344	384.445	-0.525	-0.391
554.544	386.491	-0.543	-0.377
554.743	388.566	-0.548	-0.398
554.944	390.309	-0.507	-0.353
555.144	391.311	-0.514	-0.387
555.344	391.507	-0.476	-0.366
816.444	0.000	-4.754	0.243
816.644	0.180	-4.788	0.238
816.844	1.033	-4.765	0.267
817.044	2.820	-4.759	0.262
817.244	4.946	-4.774	0.256
817.444	6.864	-4.754	0.251
817.644	8.837	-4.774	0.252
817.844	10.943	-4.780	0.243
818.044	12.916	-4.769	0.277
818.144	14.004	-4.749	0.273
818.344	16.012	-4.761	0.272
818.544	18.080	-4.782	0.241
818.744	20.151	-4.782	0.251
818.944	22.127	-4.760	0.252
819.144	24.205	-4.767	0.259
819.344	26.243	-4.750	0.274
819.544	28.228	-4.766	0.238
819.744	30.190	-4.768	0.243
819.844	31.348	-4.782	0.239
820.044	33.445	-4.771	0.227
820.244	35.358	-4.224	0.197
820.444	37.421	-1.688	-0.033
820.644	39.437	-1.723	-0.106
820.844	41.499	-1.708	-0.097
821.044	43.508	-1.710	-0.111
821.244	45.484	-1.707	-0.109
821.444	47.550	-1.715	-0.132
821.644	49.619	-1.687	-0.110
821.844	51.674	-1.705	-0.151
822.044	53.624	-1.691	-0.136
822.244	55.649	-1.685	-0.133
822.444	57.736	-1.634	-0.138
822.644	59.738	-1.608	-0.160
822.844	61.753	-1.588	-0.194
823.044	63.932	-1.581	-0.200
823.244	65.845	-1.535	-0.211
823.444	67.868	-1.555	-0.227
823.644	69.913	-1.505	-0.228
823.844	71.968	-1.520	-0.256
824.044	73.928	-1.488	-0.266
824.244	76.095	-1.510	-0.304
824.444	78.016	-1.466	-0.292
824.544	79.104	-1.447	-0.271
824.744	81.127	-1.452	-0.300
824.944	83.195	-1.453	-0.275
825.144	85.222	-1.444	-0.234
825.344	87.201	-1.436	-0.228
825.444	88.276	-1.444	-0.237
825.644	90.313	-1.425	-0.241
825.844	92.237	-1.407	-0.239
826.044	94.383	-1.383	-0.246
826.244	96.392	-1.413	-0.268
826.444	98.375	-1.405	-0.264
826.644	100.488	-1.403	-0.249
826.844	102.572	-1.381	-0.255
827.044	104.578	-1.366	-0.249
827.244	106.561	-1.367	-0.271
827.444	108.562	-1.342	-0.252
827.644	110.677	-1.387	-0.280
827.844	112.763	-1.370	-0.265
828.044	114.721	-1.351	-0.253
828.244	116.780	-1.341	-0.258
828.444	118.755	-1.339	-0.254
828.644	120.755	-1.336	-0.267
828.844	122.812	-1.325	-0.247
829.044	124.800	-1.328	-0.259
829.244	126.885	-1.323	-0.262
829.444	128.983	-1.302	-0.266
829.644	130.980	-1.306	-0.283
829.844	133.117	-1.296	-0.272
830.044	135.124	-1.284	-0.277
830.244	137.097	-1.272	-0.267
830.444	139.179	-1.269	-0.283
830.644	141.101	-1.260	-0.287
830.744	142.177	-1.239	-0.302
830.944	144.191	-1.267	-0.290
831.144	146.176	-1.242	-0.299
831.344	148.187	-1.251	-0.290
831.544	150.361	-1.224	-0.292
831.744	152.453	-1.202	-0.287
831.944	154.312	-1.223	-0.305
832.144	156.357	-1.226	-0.317
832.344	158.359	-1.204	-0.282
832.544	160.390	-1.208	-0.299
832.644	161.519	-1.130	-0.242
832.844	163.495	-1.202	-0.319
833.044	165.537	-1.157	-0.301
833.244	167.585	-1.194	-0.317
833.444	169.626	-1.175	-0.299
833.644	171.746	-1.175	-0.292
833.844	173.658	-1.133	-0.293
834.044	175.734	-1.139	-0.311
834.244	177.890	-1.138	-0.318
834.444	179.840	-1.154	-0.322
834.644	181.869	-1.125	-0.304
834.844	183.862	-1.126	-0.307
835.044	185.931	-1.089	-0.295
835.244	187.930	-1.110	-0.320
835.444	189.925	-1.095	-0.323
835.644	192.041	-1.115	-0.316
835.844	194.023	-1.087	-0.315
836.044	196.126	-1.063	-0.291
836.244	198.109	-1.058	-0.312
836.444	200.174	-1.051	-0.322
836.644	202.209	-1.061	-0.327
836.844	204.133	-1.059	-0.330
836.944	205.225	-1.031	-0.279
837.144	207.237	-1.044	-0.339
837.344	209.217	-1.013	-0.309
837.544	211.379	-1.023	-0.342
837.744	213.344	-1.020	-0.332
837.944	215.406	-1.019	-0.323
838.144	217.434	-0.996	-0.318
838.344	219.414	-0.987	-0.325
838.544	221.609	-0.978	-0.339
838.744	223.591	-0.983	-0.343
838.944	225.577	-0.971	-0.339
839.144	227.580	-0.991	-0.330
839.344	229.653	-0.953	-0.312
839.544	231.735	-0.946	-0.324
839.744	233.653	-0.935	-0.335
839.844	234.780	-0.938	-0.342
840.044	236.730	-0.946	-0.354
840.244	238.731	-0.909	-0.337
840.444	240.905	-0.947	-0.353
840.644	242.888	-0.903	-0.332
840.844	244.937	-0.908	-0.321
841.044	246.933	-0.895	-0.347
841.244	248.956	-0.892	-0.346
841.444	250.935	-0.898	-0.351
841.644	252.976	-0.878	-0.338
841.844	254.999	-0.860	-0.342
842.044	257.165	-0.873	-0.354
842.244	259.181	-0.848	-0.355
842.444	261.211	-0.862	-0.357
842.644	263.216	-0.842	-0.344
842.844	265.295	-0.847	-0.345
843.044	267.320	-0.829	-0.342
843.244	269.242	-0.820	-0.360
843.344	270.336	-0.791	-0.300
843.544	272.352	-0.825	-0.380
843.744	274.420	-0.817	-0.334
843.944	276.503	-0.829	-0.363
844.144	278.469	-0.791	-0.332
844.344	280.585	-0.784	-0.357
844.544	282.556	-0.764	-0.335
844.744	284.526	-0.806	-0.385
844.944	286.619	-0.781	-0.352
845.144	288.698	-0.776	-0.340
845.344	290.723	-0.757	-0.337
845.544	292.688	-0.752	-0.352
845.744	294.772	-0.751	-0.374
845.944	296.798	-0.739	-0.355
846.144	298.780	-0.753	-0.361
846.244	299.868	-0.755	-0.366
846.444	301.914	-0.750	-0.349
846.644	303.895	-0.704	-0.349
846.844	306.010	-0.716	-0.359
847.044	307.955	-0.722	-0.376
847.244	309.945	-0.738	-0.374
847.444	312.073	-0.704	-0.350
847.644	314.037	-0.716	-0.344
847.844	316.135	-0.687	-0.365
848.044	318.220	-0.706	-0.382
848.244	320.204	-0.691	-0.371
848.444	322.272	-0.706	-0.367
848.644	324.284	-0.699	-0.378
848.844	326.220	-0.672	-0.349
849.044	328.356	-0.656	-0.352
849.244	330.297	-0.659	-0.376
849.344	331.457	-0.686	-0.358
849.544	333.448	-0.671	-0.388
849.744	335.357	-0.645	-0.344
849.944	337.414	-0.673	-0.380
850.144	339.559	-0.630	-0.368
850.344	341.585	-0.640	-0.381
850.544	343.549	-0.641	-0.373
850.744	345.536	-0.652	-0.370
850.944	347.688	-0.628	-0.360
851.144	349.691	-0.633	-0.368
851.344	351.676	-0.609	-0.364
851.544	353.712	-0.617	-0.388
851.744	355.705	-0.594	-0.369
851.944	357.873	-0.622	-0.381
852.144	359.822	-0.601	-0.368
852.344	361.979	-0.618	-0.367
852.544	363.843	-0.575	-0.363
852.644	364.945	-0.589	-0.366
852.844	367.048	-0.597	-0.386
853.044	369.029	-0.564	-0.382
853.244	371.022	-0.605	-0.382
853.444	373.089	-0.564	-0.380
853.644	375.106	-0.582	-0.373
853.844	377.170	-0.555	-0.376
854.044	379.215	-0.559	-0.372
854.244	381.213	-0.557	-0.403
854.444	383.362	-0.565	-0.391
854.644	385.352	-0.533	-0.365
854.844	387.331	-0.533	-0.374
855.044	389.401	-0.510	-0.381
855.244	390.784	-0.511	-0.379
855.444	391.466	-0.511	-0.387
855.644	391.507	-0.523	-0.378
1116.544	0.000	-4.808	0.229
1116.744	0.117	-4.789	0.249
1116.944	0.972	-4.760	0.241
1117.144	2.644	-4.766	0.266
1117.344	4.626	-4.763	0.259
1117.444	5.686	-4.815	0.233
1117.644	7.693	-4.769	0.252
1117.844	9.756	-4.758	0.249
1118.044	11.783	-4.759	0.247
1118.244	13.727	-4.777	0.250
1118.344	14.867	-4.750	0.272
1118.544	16.863	-4.761	0.252
1118.744	18.859	-4.765	0.268
1118.945	21.043	-4.784	0.237
1119.144	22.871	-4.787	0.245
1119.344	25.052	-4.786	0.245
1119.544	26.987	-4.779	0.253
1119.744	29.073	-4.777	0.255
1119.944	31.118	-4.768	0.241
1120.144	33.142	-4.762	0.239
1120.344	35.125	-4.442	0.194
1120.544	37.303	-1.684	-0.061
1120.744	39.273	-1.703	-0.117
1120.944	41.239	-1.684	-0.128
1121.144	43.314	-1.692	-0.112
1121.344	45.298	-1.687	-0.145
1121.544	47.444	-1.691	-0.134
1121.744	49.318	-1.672	-0.154
1121.844	50.412	-1.677	-0.162
1122.045	52.438	-1.656	-0.133
1122.244	54.406	-1.682	-0.190
1122.444	56.609	-1.640	-0.184
1122.644	58.595	-1.629	-0.190
1122.844	60.557	-1.586	-0.184
1123.044	62.550	-1.560	-0.191
1123.244	64.736	-1.539	-0.208
1123.444	66.641	-1.534	-0.236
1123.644	68.730	-1.521	-0.243
1123.844	70.711	-1.528	-0.270
1123.944	71.793	-1.498	-0.248
1124.144	73.783	-1.500	-0.269
1124.345	75.897	-1.501	-0.279
1124.544	77.913	-1.467	-0.284
1124.744	79.922	-1.476	-0.296
1124.944	81.903	-1.458	-0.282
1125.144	83.907	-1.464	-0.217
1125.344	86.018	-1.430	-0.200
1125.544	88.012	-1.464	-0.208
1125.644	89.121	-1.439	-0.225
1125.844	91.100	-1.401	-0.213
1126.044	93.180	-1.399	-0.226
1126.244	95.179	-1.392	-0.239
1126.444	97.172	-1.408	-0.255
1126.644	99.170	-1.405	-0.274
1126.744	100.289	-1.375	-0.205
1126.944	102.282	-1.380	-0.259
1127.144	104.285	-1.376	-0.257
1127.344	106.381	-1.352	-0.260
1127.544	108.377	-1.353	-0.258
1127.744	110.440	-1.352	-0.272
1127.944	112.444	-1.359	-0.275
1128.144	114.447	-1.360	-0.267
1128.344	116.553	-1.353	-0.252
1128.544	118.573	-1.337	-0.257
1128.744	120.557	-1.334	-0.245
1128.944	122.719	-1.308	-0.243
1129.144	124.704	-1.299	-0.248
1129.344	126.787	-1.316	-0.265
1129.544	128.750	-1.315	-0.262
1129.744	130.734	-1.307	-0.272
1129.944	132.748	-1.301	-0.274
1130.144	134.922	-1.294	-0.261
1130.345	136.824	-1.280	-0.273
1130.545	138.845	-1.253	-0.250
1130.744	140.947	-1.268	-0.301
1130.945	142.921	-1.249	-0.276
1131.145	144.982	-1.261	-0.294
1131.345	147.000	-1.246	-0.288
1131.445	148.169	-1.252	-0.294
1131.645	150.114	-1.227	-0.281
1131.844	152.225	-1.220	-0.299
1132.044	154.171	-1.203	-0.292
1132.244	156.185	-1.236	-0.325
1132.444	158.222	-1.200	-0.293
1132.644	160.214	-1.220	-0.303
1132.844	162.330	-1.181	-0.279
1133.044	164.394	-1.192	-0.301
1133.244	166.315	-1.168	-0.294
1133.344	167.465	-1.170	-0.265
1133.544	169.409	-1.180	-0.308
1133.744	171.520	-1.136	-0.296
1133.944	173.542	-1.183	-0.330
1134.144	175.511	-1.134	-0.293
1134.344	177.660	-1.168	-0.313
1134.544	179.532	-1.114	-0.290
1134.644	180.645	-1.119	-0.285
1134.844	182.646	-1.114	-0.313
1135.044	184.670	-1.092	-0.315
1135.244	186.782	-1.117	-0.328
1135.444	188.797	-1.100	-0.322
1135.644	190.721	-1.090	-0.303
1135.744	191.874	-1.095	-0.316
1135.944	193.798	-1.110	-0.334
1136.144	195.897	-1.054	-0.289
1136.344	197.861	-1.049	-0.302
1136.544	199.997	-1.028	-0.307
1136.744	202.022	-1.071	-0.337
1136.944	204.006	-1.048	-0.330
1137.144	206.037	-1.050	-0.315
1137.344	208.096	-1.035	-0.324
1137.544	210.061	-1.028	-0.313
1137.744	212.106	-1.005	-0.313
1137.944	214.159	-1.013	-0.339
1138.144	216.240	-0.993	-0.343
1138.344	218.291	-1.008	-0.353
1138.544	220.315	-0.983	-0.334
1138.744	222.244	-0.995	-0.332
1138.944	224.302	-0.978	-0.318
1139.144	226.380	-0.971	-0.326
1139.344	228.346	-0.950	-0.315
1139.544	230.523	-0.954	-0.349
1139.744	232.475	-0.957	-0.338
1139.944	234.493	-0.944	-0.350
1140.144	236.618	-0.947	-0.331
1140.344	238.630	-0.920	-0.337
1140.544	240.650	-0.927	-0.322
1140.744	242.631	-0.902	-0.346
1140.944	244.633	-0.900	-0.336
1141.144	246.770	-0.907	-0.379
1141.344	248.835	-0.887	-0.341
1141.544	250.737	-0.899	-0.374
1141.744	252.847	-0.882	-0.327
1141.944	254.930	-0.882	-0.355
1142.144	256.908	-0.851	-0.326
1142.344	258.893	-0.868	-0.367
1142.544	260.899	-0.850	-0.343
1142.644	262.026	-0.827	-0.338
1142.844	264.049	-0.837	-0.351
1143.044	266.101	-0.845	-0.361
1143.244	268.192	-0.837	-0.353
1143.444	270.111	-0.836	-0.358
1143.644	272.219	-0.814	-0.337
1143.844	274.131	-0.801	-0.337
1144.044	276.287	-0.792	-0.359
1144.244	278.260	-0.800	-0.364
1144.444	280.344	-0.804	-0.368
1144.644	282.324	-0.784	-0.353
1144.844	284.451	-0.806	-0.365
1145.044	286.409	-0.768	-0.332
1145.244	288.374	-0.766	-0.348
1145.444	290.476	-0.756	-0.359
1145.644	292.452	-0.761	-0.368
1145.744	293.589	-0.762	-0.350
1145.944	295.547	-0.756	-0.367
1146.144	297.597	-0.736	-0.354
1146.344	299.677	-0.763	-0.372
1146.544	301.662	-0.720	-0.343
1146.744	303.664	-0.732	-0.365
1146.944	305.801	-0.716	-0.361
1147.144	307.775	-0.738	-0.377
1147.344	309.800	-0.706	-0.363
1147.544	311.761	-0.714	-0.370
1147.644	312.881	-0.750	-0.361
1147.844	314.945	-0.709	-0.347
1148.044	316.861	-0.717	-0.338
1148.244	319.006	-0.665	-0.340
1148.444	320.931	-0.694	-0.369
1148.544	322.079	-0.708	-0.376
1148.744	324.046	-0.680	-0.372
1148.944	326.104	-0.679	-0.370
1149.144	328.079	-0.691	-0.387
1149.344	330.071	-0.689	-0.362
1149.544	332.225	-0.676	-0.368
1149.744	334.198	-0.660	-0.344
1149.944	336.239	-0.649	-0.375
1150.144	338.305	-0.644	-0.361
1150.344	340.267	-0.637	-0.374
1150.444	341.456	-0.706	-0.383
1150.644	343.407	-0.638	-0.372
1150.844	345.325	-0.641	-0.355
1151.044	347.366	-0.611	-0.346
1151.244	349.513	-0.614	-0.363
1151.444	351.508	-0.628	-0.386
1151.644	353.501	-0.614	-0.371
1151.844	355.577	-0.615	-0.366
1152.044	357.594	-0.610	-0.369
1152.245	359.585	-0.614	-0.359
1152.345	360.735	-0.664	-0.432
1152.544	362.759	-0.587	-0.344
1152.745	364.750	-0.593	-0.380
1152.945	366.746	-0.576	-0.371
1153.145	368.876	-0.587	-0.394
1153.344	370.834	-0.594	-0.383
1153.544	372.914	-0.602	-0.383
1153.744	374.904	-0.586	-0.366
1153.944	376.978	-0.557	-0.364
1154.144	379.063	-0.533	-0.347
1154.344	380.966	-0.544	-0.381
1154.544	383.046	-0.530	-0.379
1154.744	385.117	-0.551	-0.398
1154.944	387.080	-0.536	-0.371
1155.144	389.208	-0.541	-0.384
1155.344	390.679	-0.518	-0.367
1155.544	391.442	-0.527	-0.367
1155.744	391.507	-0.481	-0.384
1416.645	0.000	-4.749	0.248
1416.844	0.068	-4.781	0.220
1416.945	0.372	-4.802	0.203
1417.145	1.638	-4.788	0.207
1417.345	3.479	-4.782	0.238
1417.545	5.508	-4.780	0.204
1417.744	7.505	-4.773	0.229
1417.945	9.571	-4.773	0.216
1418.145	11.583	-4.772	0.244
1418.345	13.566	-4.768	0.224
1418.444	14.655	-4.765	0.218
1418.645	16.697	-4.770	0.227
1418.845	18.698	-4.796	0.210
1419.045	20.678	-4.781	0.218
1419.245	22.764	-4.780	0.228
1419.444	24.743	-4.777	0.220
1419.645	26.876	-4.776	0.226
1419.844	28.825	-4.774	0.228
1419.945	29.979	-4.810	0.205
1420.145	31.900	-4.763	0.210
1420.344	33.965	-4.791	0.175
1420.544	35.970	-3.164	0.079
1420.745	37.993	-1.714	-0.099
1420.944	40.117	-1.691	-0.095
1421.145	42.128	-1.707	-0.094
1421.345	44.106	-1.689	-0.102
1421.545	46.208	-1.684	-0.094
1421.745	48.225	-1.686	-0.108
1421.944	50.155	-1.688	-0.101
1422.145	52.303	-1.690	-0.129
1422.344	54.322	-1.663	-0.116
1422.545	56.283	-1.642	-0.145
1422.745	58.392	-1.619	-0.165
1422.946	60.492	-1.570	-0.147
1423.145	62.381	-1.578	-0.191
1423.245	63.490	-1.562	-0.219
1423.445	65.437	-1.536	-0.179
1423.644	67.474	-1.537	-0.213
1423.845	69.620	-1.523	-0.223
1424.044	71.623	-1.528	-0.246
1424.245	73.615	-1.500	-0.234
1424.445	75.672	-1.483	-0.242
1424.645	77.704	-1.483	-0.267
1424.845	79.728	-1.457	-0.256
1425.045	81.714	-1.455	-0.280
1425.245	83.786	-1.448	-0.202
1425.444	85.885	-1.469	-0.226
1425.645	87.943	-1.420	-0.183
1425.845	89.900	-1.414	-0.214
1426.045	91.895	-1.409	-0.223
1426.245	94.022	-1.402	-0.225
1426.445	96.015	-1.407	-0.228
1426.645	97.980	-1.403	-0.246
1426.845	100.083	-1.409	-0.229
1427.045	102.068	-1.382	-0.254
1427.144	103.220	-1.363	-0.205
1427.345	105.086	-1.357	-0.249
1427.444	106.207	-1.400	-0.277
1427.645	108.212	-1.357	-0.246
1427.845	110.175	-1.362	-0.275
1427.944	111.297	-1.369	-0.278
1428.145	113.384	-1.343	-0.246
1428.345	115.332	-1.359	-0.256
1428.544	117.418	-1.333	-0.238
1428.744	119.481	-1.336	-0.245
1428.945	121.427	-1.307	-0.256
1429.145	123.494	-1.318	-0.256
1429.345	125.553	-1.313	-0.270
1429.545	127.497	-1.318	-0.253
1429.745	129.610	-1.319	-0.264
1429.944	131.541	-1.302	-0.253
1430.145	133.623	-1.294	-0.249
1430.344	135.685	-1.285	-0.273
1430.545	137.841	-1.281	-0.267
1430.745	139.689	-1.265	-0.277
1430.945	141.841	-1.258	-0.262
1431.144	143.902	-1.276	-0.294
1431.345	145.838	-1.239	-0.274
1431.545	147.980	-1.255	-0.285
1431.744	149.897	-1.243	-0.287
1431.945	151.919	-1.230	-0.270
1432.145	154.082	-1.206	-0.289
1432.344	156.085	-1.198	-0.293
1432.545	158.043	-1.205	-0.300
1432.745	160.079	-1.204	-0.294
1432.945	162.061	-1.181	-0.297
1433.044	163.161	-1.234	-0.314
1433.244	165.164	-1.180	-0.284
1433.445	167.265	-1.178	-0.284
1433.645	169.340	-1.152	-0.283
1433.845	171.303	-1.159	-0.320
1434.045	173.417	-1.161	-0.315
1434.245	175.288	-1.153	-0.313
1434.345	176.405	-1.116	-0.271
1434.544	178.470	-1.152	-0.330
1434.745	180.473	-1.154	-0.301
1434.944	182.459	-1.138	-0.303
1435.145	184.543	-1.114	-0.281
1435.345	186.467	-1.097	-0.297
1435.545	188.553	-1.080	-0.303
1435.744	190.655	-1.082	-0.325
1435.945	192.707	-1.093	-0.326
1436.145	194.672	-1.104	-0.331
1436.345	196.709	-1.079	-0.327
1436.545	198.821	-1.073	-0.323
1436.745	200.760	-1.067	-0.297
1436.945	202.793	-1.051	-0.328
1437.145	204.797	-1.033	-0.303
1437.245	205.947	-1.038	-0.334
1437.445	207.929	-1.035	-0.337
1437.645	209.885	-1.019	-0.323
1437.744	211.064	-1.054	-0.363
1437.945	212.951	-1.014	-0.320
1438.145	215.143	-1.034	-0.322
1438.345	217.063	-1.007	-0.317
1438.545	219.140	-0.975	-0.316
1438.744	221.154	-0.979	-0.332
1438.945	223.168	-0.981	-0.354
1439.145	225.152	-0.978	-0.330
1439.345	227.287	-0.960	-0.340
1439.545	229.222	-0.976	-0.320
1439.644	230.309	-0.962	-0.358
1439.845	232.310	-0.966	-0.340
1440.045	234.315	-0.930	-0.331
1440.245	236.491	-0.925	-0.331
1440.445	238.460	-0.908	-0.339
1440.645	240.405	-0.922	-0.339
1440.844	242.469	-0.909	-0.345
1441.045	244.510	-0.942	-0.368
1441.244	246.585	-0.917	-0.332
1441.445	248.531	-0.921	-0.350
1441.545	249.688	-0.855	-0.301
1441.745	251.652	-0.885	-0.345
1441.945	253.716	-0.870	-0.337
1442.145	255.729	-0.874	-0.351
1442.345	257.671	-0.848	-0.325
1442.444	258.831	-0.862	-0.365
1442.645	260.832	-0.879	-0.368
1442.844	262.755	-0.857	-0.334
1442.944	263.891	-0.838	-0.358
1443.145	265.879	-0.825	-0.334
1443.345	267.935	-0.854	-0.347
1443.545	269.940	-0.819	-0.335
1443.745	271.956	-0.806	-0.345
1443.945	273.946	-0.815	-0.357
1444.145	276.012	-0.822	-0.362
1444.344	278.110	-0.813	-0.357
1444.544	280.172	-0.812	-0.354
1444.745	282.116	-0.790	-0.339
1444.844	283.217	-0.757	-0.316
1445.045	285.255	-0.797	-0.350
1445.244	287.215	-0.759	-0.362
1445.445	289.375	-0.783	-0.375
1445.644	291.352	-0.760	-0.356
1445.845	293.406	-0.778	-0.361
1446.044	295.422	-0.737	-0.354
1446.245	297.407	-0.765	-0.356
1446.445	299.414	-0.736	-0.354
1446.645	301.445	-0.739	-0.346
1446.845	303.561	-0.723	-0.377
1447.044	305.628	-0.742	-0.374
1447.245	307.605	-0.724	-0.361
1447.444	309.693	-0.725	-0.375
1447.645	311.598	-0.733	-0.368
1447.845	313.737	-0.728	-0.354
1448.045	315.762	-0.699	-0.349
1448.245	317.821	-0.703	-0.369
1448.445	319.839	-0.682	-0.357
1448.645	321.814	-0.694	-0.356
1448.845	323.814	-0.661	-0.353
1449.045	325.995	-0.695	-0.383
1449.245	327.998	-0.693	-0.371
1449.445	330.029	-0.687	-0.378
1449.645	331.934	-0.675	-0.357
1449.845	334.100	-0.676	-0.362
1450.045	336.090	-0.656	-0.359
1450.245	338.157	-0.645	-0.367
1450.445	340.081	-0.639	-0.367
1450.644	342.296	-0.670	-0.389
1450.845	344.302	-0.641	-0.362
1451.045	346.303	-0.666	-0.385
1451.244	348.204	-0.619	-0.349
1451.445	350.260	-0.650	-0.364
1451.645	352.397	-0.586	-0.343
1451.845	354.423	-0.621	-0.370
1452.045	356.355	-0.607	-0.387
1452.144	357.454	-0.649	-0.399
1452.345	359.480	-0.603	-0.363
1452.545	361.552	-0.612	-0.379
1452.745	363.527	-0.601	-0.366
1452.945	365.501	-0.608	-0.379
1453.044	366.601	-0.571	-0.347
1453.245	368.647	-0.558	-0.357
1453.445	370.587	-0.596	-0.388
1453.545	371.767	-0.587	-0.373
1453.744	373.737	-0.573	-0.408
1453.945	375.726	-0.593	-0.399
1454.144	377.735	-0.568	-0.390
1454.345	379.797	-0.566	-0.366
1454.545	381.820	-0.553	-0.373
1454.745	383.884	-0.538	-0.349
1454.944	385.978	-0.534	-0.387
1455.145	387.962	-0.505	-0.363
1455.345	389.962	-0.521	-0.402
1455.545	391.071	-0.507	-0.374
1455.645	391.409	-0.550	-0.413
1455.845	391.507	-0.517	-0.367
1716.744	0.000	-4.802	0.246
1716.945	0.001	-4.765	0.269
1717.145	0.514	-4.745	0.263
1717.345	1.880	-4.778	0.243
1717.545	3.924	-4.782	0.248
1717.745	5.781	-4.780	0.251
1717.845	6.889	-4.808	0.241
1718.045	8.892	-4.767	0.265
1718.245	10.916	-4.781	0.260
1718.445	12.908	-4.784	0.267
1718.645	15.039	-4.763	0.272
1718.844	17.032	-4.772	0.285
1719.045	19.002	-4.747	0.264
1719.245	21.034	-4.779	0.261
1719.345	22.157	-4.758	0.216
1719.545	24.107	-4.766	0.270
1719.745	26.185	-4.775	0.252
1719.945	28.348	-4.760	0.261
1720.145	30.325	-4.768	0.276
1720.345	32.277	-4.769	0.240
1720.545	34.302	-4.771	0.245
1720.745	36.293	-2.782	0.062
1720.845	37.394	-1.655	-0.048
1721.045	39.458	-1.693	-0.107
1721.245	41.468	-1.698	-0.106
1721.445	43.606	-1.697	-0.134
1721.645	45.558	-1.686	-0.118
1721.844	47.476	-1.669	-0.134
1722.045	49.519	-1.667	-0.123
1722.144	50.641	-1.654	-0.179
1722.345	52.692	-1.640	-0.162
1722.545	54.683	-1.623	-0.175
1722.745	56.683	-1.615	-0.185
1722.945	58.673	-1.589	-0.199
1723.145	60.859	-1.586	-0.226
1723.345	62.751	-1.541	-0.209
1723.545	64.909	-1.550	-0.237
1723.745	66.890	-1.513	-0.222
1723.945	68.881	-1.516	-0.238
1724.145	71.032	-1.499	-0.255
1724.345	72.961	-1.501	-0.257
1724.545	74.983	-1.475	-0.276
1724.745	77.103	-1.477	-0.266
1724.945	79.045	-1.484	-0.329
1725.044	80.131	-1.460	-0.265
1725.245	82.068	-1.443	-0.265
1725.445	84.120	-1.451	-0.219
1725.645	86.248	-1.434	-0.215
1725.845	88.333	-1.434	-0.226
1726.045	90.232	-1.417	-0.213
1726.145	91.350	-1.385	-0.202
1726.345	93.332	-1.425	-0.235
1726.545	95.292	-1.411	-0.236
1726.745	97.522	-1.420	-0.227
1726.945	99.490	-1.394	-0.234
1727.145	101.429	-1.384	-0.225
1727.345	103.533	-1.352	-0.225
1727.545	105.465	-1.360	-0.239
1727.645	106.612	-1.368	-0.268
1727.845	108.510	-1.370	-0.263
1727.945	109.638	-1.376	-0.257
1728.145	111.620	-1.346	-0.252
1728.345	113.749	-1.374	-0.256
1728.545	115.707	-1.332	-0.242
1728.745	117.811	-1.353	-0.226
1728.945	119.744	-1.325	-0.235
1729.145	121.851	-1.334	-0.239
1729.345	123.792	-1.325	-0.260
1729.545	125.843	-1.303	-0.247
1729.745	127.925	-1.313	-0.261
1729.945	129.967	-1.302	-0.259
1730.145	131.915	-1.304	-0.256
1730.345	134.093	-1.293	-0.252
1730.545	136.065	-1.287	-0.254
1730.745	138.019	-1.289	-0.268
1730.845	139.137	-1.223	-0.216
1731.045	141.111	-1.263	-0.281
1731.245	143.296	-1.236	-0.287
1731.444	145.259	-1.255	-0.299
1731.645	147.210	-1.248	-0.297
1731.845	149.312	-1.255	-0.300
1732.045	151.272	-1.219	-0.284
1732.245	153.380	-1.233	-0.281
1732.445	155.381	-1.201	-0.272
1732.645	157.489	-1.218	-0.297
1732.845	159.426	-1.198	-0.293
1733.045	161.503	-1.192	-0.301
1733.245	163.569	-1.185	-0.304
1733.445	165.504	-1.175	-0.305
1733.645	167.680	-1.166	-0.299
1733.845	169.648	-1.171	-0.303
1734.045	171.690	-1.173	-0.296
1734.245	173.633	-1.157	-0.312
1734.345	174.806	-1.159	-0.267
1734.545	176.711	-1.137	-0.304
1734.745	178.712	-1.109	-0.289
1734.945	180.858	-1.117	-0.319
1735.145	182.858	-1.133	-0.328
1735.345	184.823	-1.121	-0.307
1735.545	186.895	-1.118	-0.324
1735.745	189.007	-1.114	-0.307
1735.945	190.973	-1.095	-0.307
1736.145	193.087	-1.075	-0.295
1736.345	195.053	-1.076	-0.320
1736.545	197.075	-1.071	-0.321
1736.745	199.181	-1.063	-0.322
1736.945	201.177	-1.070	-0.329
1737.145	203.150	-1.055	-0.329
1737.345	205.272	-1.055	-0.329
1737.545	207.310	-1.049	-0.326
1737.744	209.293	-1.058	-0.322
1737.945	211.272	-1.042	-0.322
1738.145	213.456	-1.000	-0.322
1738.345	215.426	-0.998	-0.321
1738.545	217.503	-0.977	-0.332
1738.745	219.448	-0.993	-0.320
1738.945	221.500	-0.964	-0.341
1739.145	223.516	-0.990	-0.343
1739.345	225.627	-0.986	-0.363
1739.545	227.710	-0.981	-0.315
1739.745	229.615	-0.963	-0.335
1739.945	231.613	-0.945	-0.323
1740.145	233.731	-0.939	-0.340
1740.345	235.738	-0.914	-0.321
1740.545	237.726	-0.913	-0.348
1740.745	239.822	-0.940	-0.352
1740.944	241.804	-0.923	-0.358
1741.145	243.873	-0.916	-0.334
1741.345	245.883	-0.918	-0.345
1741.545	247.920	-0.908	-0.332
1741.745	249.901	-0.882	-0.331
1741.945	252.059	-0.867	-0.325
1742.145	254.036	-0.863	-0.361
1742.345	256.067	-0.867	-0.355
1742.545	258.073	-0.868	-0.351
1742.645	259.225	-0.894	-0.363
1742.845	261.113	-0.846	-0.346
1743.045	263.269	-0.879	-0.367
1743.245	265.292	-0.832	-0.339
1743.445	267.323	-0.845	-0.343
1743.645	269.317	-0.807	-0.341
1743.845	271.433	-0.807	-0.334
1744.044	273.428	-0.794	-0.343
1744.245	275.405	-0.804	-0.372
1744.445	277.440	-0.807	-0.367
1744.645	279.524	-0.825	-0.376
1744.845	281.553	-0.794	-0.339
1745.045	283.485	-0.807	-0.366
1745.145	284.575	-0.772	-0.341
1745.345	286.539	-0.784	-0.353
1745.545	288.682	-0.781	-0.346
1745.745	290.703	-0.751	-0.350
1745.944	292.671	-0.761	-0.345
1746.145	294.708	-0.738	-0.356
1746.345	296.782	-0.746	-0.360
1746.545	298.802	-0.772	-0.380
1746.745	300.784	-0.757	-0.356
1746.945	302.839	-0.749	-0.363
1747.144	304.947	-0.726	-0.326
1747.345	307.008	-0.739	-0.358
1747.545	308.960	-0.706	-0.347
1747.745	311.089	-0.701	-0.348
1747.945	313.014	-0.712	-0.381
1748.145	315.037	-0.729	-0.384
1748.245	316.121	-0.721	-0.352
1748.445	318.089	-0.687	-0.356
1748.645	320.164	-0.720	-0.378
1748.845	322.176	-0.694	-0.358
1749.045	324.305	-0.701	-0.359
1749.245	326.330	-0.669	-0.343
1749.445	328.335	-0.679	-0.365
1749.645	330.337	-0.658	-0.366
1749.845	332.486	-0.673	-0.369
1750.045	334.455	-0.659	-0.362
1750.244	336.558	-0.702	-0.400
1750.445	338.470	-0.668	-0.373
1750.645	340.516	-0.666	-0.361
1750.845	342.614	-0.654	-0.357
1751.045	344.556	-0.642	-0.366
1751.245	346.724	-0.623	-0.351
1751.445	348.685	-0.611	-0.364
1751.645	350.650	-0.620	-0.381
1751.845	352.676	-0.638	-0.400
1752.045	354.684	-0.628	-0.365
1752.145	355.848	-0.622	-0.395
1752.345	357.878	-0.617	-0.361
1752.545	359.900	-0.629	-0.380
1752.745	361.931	-0.621	-0.369
1752.945	363.856	-0.591	-0.354
1753.145	366.001	-0.590	-0.375
1753.344	367.984	-0.566	-0.375
1753.545	369.969	-0.580	-0.367
1753.745	372.117	-0.575	-0.386
1753.945	374.014	-0.576	-0.387
1754.145	376.163	-0.579	-0.381
1754.345	378.123	-0.578	-0.380
1754.545	380.200	-0.551	-0.364
1754.745	382.244	-0.544	-0.377
1754.945	384.322	-0.522	-0.365
1755.145	386.237	-0.513	-0.378
1755.245	387.380	-0.530	-0.394
1755.445	389.369	-0.536	-0.393
1755.645	390.774	-0.494	-0.369
1755.845	391.477	-0.540	-0.392
1756.045	391.506	-0.512	-0.382
2016.945	0.000	-4.735	0.289
2017.145	0.220	-4.780	0.273
2017.345	1.162	-4.782	0.237
2017.545	3.060	-4.784	0.270
2017.745	5.042	-4.788	0.254
2017.945	6.996	-4.798	0.248
2018.145	9.130	-4.781	0.263
2018.345	11.056	-4.771	0.277
2018.545	13.158	-4.772	0.271
2018.745	15.083	-4.786	0.266
2018.945	17.298	-4.763	0.283
2019.145	19.219	-4.773	0.290
2019.345	21.349	-4.755	0.288
2019.545	23.284	-4.761	0.276
2019.745	25.342	-4.759	0.288
2019.945	27.405	-4.762	0.272
2020.145	29.347	-4.783	0.258
2020.245	30.483	-4.789	0.244
2020.445	32.461	-4.767	0.283
2020.645	34.508	-4.789	0.230
2020.845	36.614	-2.557	0.057
2021.045	38.574	-1.718	-0.109
2021.245	40.598	-1.677	-0.092
2021.445	42.560	-1.694	-0.134
2021.545	43.668	-1.658	-0.125
2021.745	45.713	-1.665	-0.126
2021.945	47.672	-1.688	-0.174
2022.045	48.803	-1.637	-0.122
2022.245	50.746	-1.630	-0.154
2022.445	52.795	-1.645	-0.171
2022.645	54.797	-1.627	-0.178
2022.845	56.896	-1.614	-0.186
2023.045	58.823	-1.602	-0.189
2023.245	61.002	-1.582	-0.193
2023.445	62.951	-1.559	-0.209
2023.645	65.009	-1.542	-0.199
2023.845	67.055	-1.532	-0.225
2024.045	68.994	-1.520	-0.244
2024.145	70.066	-1.512	-0.222
2024.245	71.193	-1.480	-0.232
2024.445	73.148	-1.509	-0.238
2024.645	75.132	-1.491	-0.266
2024.745	76.282	-1.474	-0.233
2024.945	78.243	-1.472	-0.268
2025.145	80.327	-1.479	-0.295
2025.345	82.288	-1.452	-0.276
2025.545	84.351	-1.464	-0.201
2025.745	86.332	-1.433	-0.184
2025.945	88.405	-1.437	-0.201
2026.145	90.355	-1.425	-0.204
2026.345	92.525	-1.415	-0.217
2026.545	94.510	-1.400	-0.218
2026.745	96.565	-1.397	-0.234
2026.945	98.505	-1.394	-0.229
2027.045	99.687	-1.362	-0.235
2027.245	101.614	-1.391	-0.249
2027.445	103.615	-1.374	-0.257
2027.645	105.798	-1.404	-0.266
2027.845	107.795	-1.359	-0.241
2028.045	109.769	-1.366	-0.237
2028.245	111.824	-1.346	-0.241
2028.445	113.807	-1.359	-0.228
2028.645	115.954	-1.345	-0.243
2028.845	117.916	-1.345	-0.236
2029.045	119.877	-1.327	-0.253
2029.245	122.033	-1.329	-0.247
2029.445	124.039	-1.309	-0.247
2029.645	125.983	-1.315	-0.253
2029.845	128.056	-1.313	-0.260
2030.045	130.155	-1.314	-0.269
2030.245	132.166	-1.311	-0.264
2030.445	134.108	-1.301	-0.260
2030.545	135.269	-1.285	-0.242
2030.745	137.285	-1.288	-0.264
2030.945	139.263	-1.274	-0.259
2031.145	141.264	-1.264	-0.283
2031.345	143.421	-1.263	-0.255
2031.545	145.314	-1.241	-0.283
2031.745	147.387	-1.226	-0.252
2031.945	149.362	-1.223	-0.305
2032.045	150.502	-1.208	-0.286
2032.245	152.518	-1.217	-0.297
2032.445	154.497	-1.220	-0.312
2032.645	156.554	-1.210	-0.287
2032.845	158.635	-1.223	-0.311
2033.045	160.651	-1.200	-0.297
2033.245	162.716	-1.198	-0.291
2033.445	164.627	-1.190	-0.287
2033.645	166.815	-1.187	-0.297
2033.845	168.871	-1.174	-0.281
2034.045	170.724	-1.158	-0.296
2034.245	172.817	-1.151	-0.298
2034.445	174.944	-1.129	-0.307
2034.645	176.933	-1.122	-0.289
2034.845	179.033	-1.113	-0.312
2035.045	180.919	-1.129	-0.310
2035.245	182.927	-1.128	-0.349
2035.345	184.077	-1.117	-0.278
2035.545	186.053	-1.119	-0.321
2035.745	188.057	-1.114	-0.321
2035.945	190.104	-1.106	-0.320
2036.145	192.128	-1.103	-0.311
2036.345	194.223	-1.081	-0.306
2036.545	196.150	-1.074	-0.296
2036.645	197.241	-1.046	-0.284
2036.845	199.394	-1.067	-0.324
2037.045	201.318	-1.047	-0.294
2037.245	203.430	-1.043	-0.340
2037.445	205.409	-1.045	-0.328
2037.645	207.353	-1.022	-0.324
2037.745	208.506	-1.043	-0.345
2037.945	210.446	-1.021	-0.330
2038.145	212.539	-1.032	-0.338
2038.345	214.576	-1.009	-0.318
2038.545	216.521	-1.013	-0.335
2038.645	217.688	-1.022	-0.337
2038.845	219.550	-1.012	-0.338
2039.045	221.644	-0.980	-0.317
2039.245	223.762	-0.966	-0.308
2039.445	225.725	-0.964	-0.317
2039.645	227.858	-0.955	-0.346
2039.845	229.841	-0.941	-0.343
2040.045	231.858	-0.946	-0.363
2040.245	233.899	-0.946	-0.342
2040.445	235.823	-0.939	-0.346
2040.645	237.960	-0.930	-0.335
2040.845	239.915	-0.921	-0.343
2041.045	242.032	-0.926	-0.329
2041.245	243.992	-0.933	-0.352
2041.445	246.083	-0.904	-0.337
2041.645	248.093	-0.903	-0.343
2041.845	250.087	-0.883	-0.340
2042.045	252.104	-0.875	-0.327
2042.145	253.217	-0.862	-0.345
2042.345	255.174	-0.857	-0.343
2042.545	257.187	-0.878	-0.365
2042.645	258.294	-0.818	-0.335
2042.845	260.224	-0.862	-0.355
2042.945	261.323	-0.872	-0.383
2043.145	263.472	-0.851	-0.346
2043.345	265.439	-0.862	-0.370
2043.545	267.397	-0.839	-0.339
2043.745	269.502	-0.839	-0.362
2043.945	271.469	-0.833	-0.340
2044.145	273.471	-0.838	-0.352
2044.345	275.590	-0.804	-0.321
2044.545	277.537	-0.806	-0.345
2044.745	279.637	-0.781	-0.329
2044.945	281.620	-0.783	-0.360
2045.145	283.657	-0.769	-0.336
2045.345	285.834	-0.785	-0.363
2045.545	287.813	-0.780	-0.366
2045.745	289.870	-0.796	-0.367
2045.945	291.955	-0.778	-0.360
2046.145	293.925	-0.786	-0.362
2046.345	295.908	-0.770	-0.349
2046.545	297.905	-0.760	-0.348
2046.745	299.907	-0.749	-0.353
2046.945	302.055	-0.747	-0.353
2047.145	303.998	-0.735	-0.357
2047.345	306.065	-0.732	-0.362
2047.545	308.105	-0.709	-0.342
2047.745	310.263	-0.715	-0.360
2047.945	312.189	-0.714	-0.368
2048.145	314.315	-0.708	-0.366
2048.345	316.317	-0.725	-0.374
2048.545	318.281	-0.705	-0.368
2048.745	320.286	-0.737	-0.388
2048.945	322.442	-0.699	-0.351
2049.145	324.527	-0.710	-0.355
2049.345	326.437	-0.695	-0.339
2049.545	328.405	-0.688	-0.357
2049.745	330.586	-0.664	-0.345
2049.945	332.565	-0.666	-0.368
2050.145	334.488	-0.667	-0.370
2050.345	336.551	-0.666	-0.378
2050.445	337.657	-0.613	-0.330
2050.645	339.733	-0.656	-0.372
2050.845	341.654	-0.648	-0.373
2050.945	342.794	-0.662	-0.371
2051.145	344.739	-0.658	-0.392
2051.345	346.823	-0.629	-0.362
2051.545	348.867	-0.660	-0.390
2051.745	350.873	-0.620	-0.358
2051.945	352.804	-0.656	-0.378
2052.145	354.935	-0.592	-0.333
2052.345	356.925	-0.629	-0.355
2052.545	358.983	-0.592	-0.355
2052.745	361.037	-0.603	-0.368
2052.945	363.051	-0.567	-0.370
2053.145	365.053	-0.607	-0.395
2053.345	367.076	-0.577	-0.378
2053.545	369.164	-0.597	-0.393
2053.745	371.130	-0.570	-0.376
2053.845	372.231	-0.588	-0.373
2054.045	374.252	-0.595	-0.381
2054.245	376.275	-0.580	-0.377
2054.445	378.251	-0.587	-0.378
2054.645	380.463	-0.553	-0.357
2054.845	382.431	-0.550	-0.372
2055.045	384.361	-0.517	-0.351
2055.246	386.503	-0.537	-0.382
2055.445	388.503	-0.504	-0.370
2055.645	390.300	-0.510	-0.389
2055.845	391.275	-0.494	-0.384
2056.045	391.507	-0.513	-0.383
2317.045	0.000	-4.790	0.287
2317.245	0.190	-4.748	0.275
2317.345	0.583	-4.765	0.272
2317.445	1.221	-4.780	0.259
2317.645	2.956	-4.770	0.273
2317.845	4.975	-4.783	0.278
2318.045	7.016	-4.779	0.274
2318.245	9.072	-4.761	0.284
2318.445	11.043	-4.783	0.282
2318.645	13.047	-4.737	0.292
2318.845	15.110	-4.755	0.295
2319.045	17.106	-4.768	0.282
2319.145	18.207	-4.788	0.294
2319.345	20.158	-4.755	0.277
2319.545	22.303	-4.748	0.294
2319.745	24.284	-4.772	0.269
2319.945	26.270	-4.791	0.269
2320.145	28.400	-4.773	0.283
2320.345	30.365	-4.794	0.273
2320.445	31.473	-4.746	0.300
2320.645	33.428	-4.776	0.259
2320.845	35.550	-4.200	0.219
2321.045	37.466	-1.694	-0.064
2321.145	38.612	-1.658	-0.029
2321.345	40.575	-1.689	-0.121
2321.545	42.549	-1.681	-0.130
2321.745	44.707	-1.674	-0.118
2321.945	46.667	-1.677	-0.143
2322.145	48.753	-1.652	-0.154
2322.345	50.756	-1.644	-0.153
2322.545	52.743	-1.621	-0.152
2322.746	54.748	-1.633	-0.170
2322.945	56.923	-1.595	-0.171
2323.145	58.858	-1.595	-0.194
2323.346	60.914	-1.571	-0.208
2323.545	62.882	-1.551	-0.200
2323.745	65.062	-1.528	-0.222
2323.945	67.053	-1.520	-0.208
2324.145	69.073	-1.516	-0.243
2324.345	71.115	-1.515	-0.229
2324.545	73.100	-1.499	-0.255
2324.745	75.254	-1.497	-0.267
2324.945	77.197	-1.485	-0.270
2325.145	79.259	-1.460	-0.259
2325.345	81.286	-1.455	-0.268
2325.545	83.229	-1.443	-0.251
2325.745	85.446	-1.435	-0.203
2325.945	87.284	-1.433	-0.212
2326.145	89.446	-1.440	-0.225
2326.345	91.505	-1.429	-0.223
2326.545	93.563	-1.435	-0.224
2326.745	95.560	-1.398	-0.202
2326.945	97.477	-1.412	-0.214
2327.145	99.498	-1.400	-0.213
2327.245	100.594	-1.363	-0.209
2327.445	102.589	-1.397	-0.237
2327.645	104.613	-1.345	-0.219
2327.845	106.779	-1.372	-0.232
2328.045	108.708	-1.348	-0.237
2328.245	110.805	-1.366	-0.247
2328.445	112.830	-1.363	-0.254
2328.645	114.825	-1.368	-0.253
2328.845	116.799	-1.344	-0.228
2329.045	118.830	-1.358	-0.240
2329.245	120.960	-1.325	-0.227
2329.445	122.971	-1.317	-0.233
2329.645	124.947	-1.303	-0.243
2329.845	126.955	-1.317	-0.250
2330.045	129.143	-1.291	-0.242
2330.245	131.122	-1.302	-0.264
2330.445	133.215	-1.283	-0.251
2330.645	135.219	-1.282	-0.267
2330.845	137.168	-1.269	-0.269
2331.045	139.194	-1.273	-0.270
2331.245	141.277	-1.271	-0.276
2331.445	143.421	-1.274	-0.291
2331.645	145.352	-1.250	-0.266
2331.845	147.328	-1.254	-0.294
2332.045	149.452	-1.221	-0.257
2332.245	151.405	-1.234	-0.295
2332.445	153.481	-1.186	-0.266
2332.645	155.494	-1.222	-0.310
2332.845	157.596	-1.200	-0.312
2333.045	159.644	-1.232	-0.324
2333.245	161.692	-1.188	-0.302
2333.445	163.668	-1.209	-0.308
2333.645	165.733	-1.181	-0.299
2333.845	167.752	-1.191	-0.295
2334.045	169.703	-1.155	-0.283
2334.245	171.740	-1.169	-0.305
2334.445	173.872	-1.134	-0.302
2334.645	175.833	-1.156	-0.319
2334.845	177.855	-1.121	-0.309
2335.045	179.855	-1.145	-0.325
2335.245	182.091	-1.112	-0.308
2335.445	184.018	-1.124	-0.318
2335.645	185.965	-1.119	-0.324
2335.845	188.102	-1.123	-0.318
2336.045	190.085	-1.103	-0.312
2336.245	192.130	-1.107	-0.320
2336.445	194.136	-1.090	-0.296
2336.545	195.227	-1.058	-0.324
2336.745	197.208	-1.056	-0.303
2336.945	199.190	-1.061	-0.324
2337.045	200.337	-1.038	-0.292
2337.245	202.283	-1.043	-0.318
2337.445	204.373	-1.044	-0.349
2337.645	206.414	-1.038	-0.316
2337.845	208.419	-1.045	-0.348
2338.045	210.578	-1.031	-0.321
2338.245	212.406	-1.035	-0.334
2338.345	213.535	-1.004	-0.314
2338.545	215.520	-1.019	-0.330
2338.746	217.523	-1.004	-0.316
2338.845	218.612	-0.961	-0.289
2339.046	220.682	-0.992	-0.345
2339.245	222.655	-0.958	-0.311
2339.445	224.780	-0.973	-0.340
2339.645	226.755	-0.942	-0.318
2339.845	228.723	-0.971	-0.358
2340.045	230.825	-0.946	-0.334
2340.245	232.789	-0.967	-0.352
2340.345	233.927	-0.951	-0.353
2340.545	235.929	-0.933	-0.320
2340.745	237.894	-0.947	-0.337
2340.945	239.888	-0.919	-0.329
2341.145	241.904	-0.909	-0.324
2341.245	243.009	-0.913	-0.341
2341.445	245.068	-0.906	-0.318
2341.645	247.032	-0.882	-0.340
2341.745	248.170	-0.916	-0.399
2341.945	250.047	-0.875	-0.333
2342.045	251.142	-0.837	-0.337
2342.245	253.215	-0.899	-0.366
2342.445	255.153	-0.872	-0.352
2342.545	256.284	-0.869	-0.343
2342.745	258.240	-0.883	-0.346
2342.945	260.225	-0.870	-0.358
2343.045	261.377	-0.885	-0.339
2343.245	263.287	-0.841	-0.328
2343.345	264.427	-0.871	-0.380
2343.545	266.377	-0.849	-0.323
2343.745	268.418	-0.819	-0.337
2343.945	270.477	-0.812	-0.323
2344.145	272.450	-0.812	-0.360
2344.345	274.631	-0.813	-0.357
2344.545	276.573	-0.828	-0.385
2344.746	278.678	-0.795	-0.359
2344.946	280.663	-0.810	-0.358
2345.145	282.608	-0.800	-0.352
2345.345	284.716	-0.790	-0.365
2345.545	286.705	-0.790	-0.343
2345.745	288.817	-0.769	-0.330
2345.945	290.753	-0.783	-0.360
2346.145	292.838	-0.752	-0.348
2346.345	294.925	-0.754	-0.349
2346.545	296.832	-0.749	-0.350
2346.645	297.975	-0.734	-0.357
2346.845	299.982	-0.748	-0.361
2347.045	301.945	-0.760	-0.373
2347.245	304.162	-0.729	-0.354
2347.445	306.142	-0.760	-0.371
2347.645	308.095	-0.715	-0.335
2347.845	310.192	-0.745	-0.350
2348.045	312.116	-0.713	-0.355
2348.145	313.259	-0.738	-0.384
2348.345	315.209	-0.714	-0.338
2348.545	317.192	-0.685	-0.347
2348.745	319.299	-0.697	-0.346
2348.945	321.248	-0.683	-0.374
2349.145	323.409	-0.702	-0.376
2349.345	325.351	-0.678	-0.377
2349.545	327.540	-0.699	-0.369
2349.745	329.534	-0.689	-0.382
2349.945	331.486	-0.679	-0.362
2350.145	333.559	-0.673	-0.370
2350.345	335.544	-0.676	-0.359
2350.545	337.634	-0.657	-0.356
2350.745	339.638	-0.672	-0.361
2350.945	341.638	-0.644	-0.360
2351.146	343.857	-0.647	-0.360
2351.345	345.688	-0.624	-0.370
2351.545	347.778	-0.623	-0.368
2351.745	349.795	-0.637	-0.394
2351.945	351.889	-0.635	-0.388
2352.145	353.801	-0.632	-0.382
2352.345	355.859	-0.634	-0.367
2352.545	357.968	-0.628	-0.375
2352.745	359.935	-0.621	-0.375
2352.945	362.014	-0.597	-0.334
2353.145	364.028	-0.606	-0.375
2353.345	366.052	-0.583	-0.355
2353.545	368.179	-0.595	-0.386
2353.745	370.254	-0.564	-0.377
2353.945	372.226	-0.598	-0.399
2354.145	374.337	-0.580	-0.386
2354.345	376.310	-0.585	-0.388
2354.545	378.263	-0.550	-0.362
2354.745	380.356	-0.587	-0.406
2354.945	382.307	-0.548	-0.358
2355.045	383.446	-0.592	-0.399
2355.245	385.422	-0.533	-0.357
2355.445	387.485	-0.532	-0.379
2355.645	389.472	-0.509	-0.363
2355.845	390.854	-0.510	-0.377
2356.045	391.477	-0.513	-0.382
2356.245	391.507	-0.512	-0.384
2617.045	0.000	-4.762	0.337
2617.246	0.086	-4.767	0.329
2617.445	0.910	-4.772	0.349
2617.645	2.642	-4.775	0.339
2617.845	4.594	-4.773	0.346
2618.045	6.535	-4.754	0.345
2618.245	8.552	-4.763	0.362
2618.346	9.665	-4.783	0.335
2618.545	11.678	-4.749	0.370
2618.745	13.691	-4.762	0.363
2618.945	15.710	-4.747	0.343
2619.145	17.718	-4.740	0.353
2619.245	18.815	-4.763	0.347
2619.445	20.810	-4.736	0.353
2619.645	22.925	-4.773	0.333
2619.845	24.882	-4.764	0.343
2620.045	26.896	-4.778	0.330
2620.245	28.937	-4.767	0.343
2620.446	31.068	-4.760	0.349
2620.645	32.985	-4.758	0.326
2620.745	34.123	-4.745	0.319
2620.945	36.081	-3.222	0.163
2621.145	38.169	-1.666	-0.032
2621.346	40.172	-1.696	-0.097
2621.546	42.255	-1.676	-0.107
2621.745	44.299	-1.676	-0.112
2621.945	46.211	-1.667	-0.132
2622.145	48.347	-1.678	-0.141
2622.345	50.460	-1.640	-0.155
2622.545	52.394	-1.643	-0.157
2622.745	54.379	-1.608	-0.174
2622.945	56.436	-1.610	-0.180
2623.147	58.541	-1.580	-0.193
2623.346	60.502	-1.570	-0.199
2623.546	62.467	-1.555	-0.218
2623.645	63.575	-1.563	-0.253
2623.846	65.582	-1.543	-0.221
2624.045	67.563	-1.523	-0.251
2624.145	68.703	-1.531	-0.252
2624.345	70.727	-1.511	-0.222
2624.545	72.710	-1.520	-0.246
2624.745	74.725	-1.485	-0.210
2624.945	76.729	-1.502	-0.282
2625.045	77.834	-1.481	-0.252
2625.245	79.770	-1.461	-0.281
2625.345	80.878	-1.469	-0.280
2625.545	82.822	-1.445	-0.249
2625.746	84.843	-1.469	-0.186
2625.845	85.953	-1.440	-0.177
2626.046	88.041	-1.445	-0.189
2626.246	89.962	-1.452	-0.189
2626.446	92.155	-1.424	-0.197
2626.645	94.074	-1.436	-0.181
2626.845	96.144	-1.411	-0.185
2627.046	98.112	-1.400	-0.184
2627.246	100.225	-1.386	-0.201
2627.445	102.282	-1.398	-0.209
2627.645	104.232	-1.368	-0.211
2627.846	106.339	-1.391	-0.224
2628.046	108.355	-1.364	-0.230
2628.245	110.368	-1.372	-0.218
2628.446	112.380	-1.363	-0.234
2628.646	114.460	-1.362	-0.230
2628.845	116.523	-1.351	-0.253
2629.045	118.445	-1.344	-0.237
2629.245	120.570	-1.326	-0.237
2629.446	122.621	-1.311	-0.238
2629.645	124.649	-1.307	-0.250
2629.845	126.642	-1.288	-0.256
2630.046	128.583	-1.287	-0.248
2630.246	130.703	-1.293	-0.277
2630.445	132.670	-1.295	-0.277
2630.645	134.791	-1.295	-0.302
2630.845	136.755	-1.272	-0.252
2631.045	138.772	-1.284	-0.286
2631.246	140.939	-1.247	-0.262
2631.445	143.018	-1.259	-0.269
2631.645	144.926	-1.230	-0.263
2631.845	146.968	-1.236	-0.292
2632.045	148.992	-1.216	-0.279
2632.245	151.054	-1.229	-0.295
2632.445	153.150	-1.216	-0.300
2632.645	155.085	-1.229	-0.307
2632.846	157.229	-1.189	-0.290
2633.045	159.193	-1.228	-0.314
2633.245	161.248	-1.187	-0.287
2633.445	163.334	-1.213	-0.313
2633.646	165.320	-1.162	-0.281
2633.846	167.241	-1.191	-0.298
2634.045	169.369	-1.168	-0.302
2634.246	171.373	-1.159	-0.293
2634.445	173.401	-1.133	-0.297
2634.645	175.471	-1.143	-0.327
2634.846	177.455	-1.138	-0.311
2635.045	179.537	-1.139	-0.333
2635.246	181.522	-1.134	-0.321
2635.445	183.571	-1.149	-0.328
2635.645	185.550	-1.118	-0.308
2635.745	186.660	-1.100	-0.306
2635.945	188.731	-1.110	-0.301
2636.145	190.688	-1.094	-0.312
2636.345	192.690	-1.092	-0.317
2636.546	194.861	-1.069	-0.312
2636.745	196.797	-1.056	-0.307
2636.945	198.879	-1.051	-0.334
2637.145	200.855	-1.054	-0.322
2637.345	202.931	-1.057	-0.347
2637.546	204.930	-1.052	-0.325
2637.745	206.955	-1.072	-0.324
2637.945	209.065	-1.043	-0.337
2638.145	210.988	-1.038	-0.310
2638.345	213.179	-1.021	-0.315
2638.545	215.079	-1.001	-0.316
2638.645	216.160	-1.037	-0.357
2638.845	218.266	-0.986	-0.297
2639.045	220.167	-0.996	-0.332
2639.245	222.229	-0.964	-0.337
2639.445	224.329	-0.971	-0.341
2639.646	226.433	-0.961	-0.327
2639.845	228.403	-0.989	-0.358
2640.046	230.445	-0.979	-0.344
2640.246	232.450	-0.963	-0.346
2640.446	234.472	-0.947	-0.326
2640.646	236.491	-0.943	-0.324
2640.846	238.568	-0.927	-0.316
2641.045	240.581	-0.913	-0.333
2641.245	242.699	-0.900	-0.326
2641.446	244.644	-0.913	-0.348
2641.645	246.770	-0.902	-0.341
2641.845	248.755	-0.876	-0.350
2642.045	250.756	-0.897	-0.337
2642.245	252.739	-0.877	-0.362
2642.445	254.765	-0.893	-0.328
2642.645	256.764	-0.874	-0.351
2642.746	257.921	-0.899	-0.342
2642.946	259.909	-0.862	-0.331
2643.145	261.863	-0.850	-0.339
2643.345	263.958	-0.834	-0.320
2643.545	265.937	-0.841	-0.356
2643.645	267.094	-0.831	-0.326
2643.846	268.976	-0.827	-0.345
2643.945	270.082	-0.834	-0.373
2644.145	272.036	-0.803	-0.341
2644.245	273.127	-0.800	-0.370
2644.445	275.093	-0.841	-0.382
2644.646	277.175	-0.831	-0.367
2644.845	279.259	-0.812	-0.344
2645.045	281.225	-0.807	-0.348
2645.245	283.239	-0.791	-0.345
2645.445	285.351	-0.788	-0.343
2645.646	287.429	-0.766	-0.335
2645.845	289.353	-0.776	-0.357
2646.045	291.464	-0.769	-0.349
2646.246	293.446	-0.753	-0.348
2646.446	295.547	-0.764	-0.361
2646.646	297.611	-0.750	-0.358
2646.845	299.625	-0.772	-0.372
2647.045	301.559	-0.736	-0.350
2647.245	303.672	-0.767	-0.371
2647.446	305.707	-0.738	-0.357
2647.645	307.693	-0.763	-0.357
2647.845	309.758	-0.723	-0.355
2648.046	311.779	-0.725	-0.343
2648.246	313.819	-0.706	-0.354
2648.445	315.842	-0.707	-0.338
2648.646	317.924	-0.697	-0.365
2648.845	320.021	-0.711	-0.366
2649.045	321.967	-0.704	-0.380
2649.246	323.929	-0.718	-0.366
2649.446	326.022	-0.689	-0.361
2649.646	328.030	-0.711	-0.363
2649.846	330.189	-0.684	-0.354
2650.045	332.066	-0.682	-0.350
2650.245	334.086	-0.678	-0.360
2650.446	336.267	-0.665	-0.354
2650.645	338.185	-0.661	-0.347
2650.845	340.293	-0.645	-0.365
2651.045	342.319	-0.648	-0.367
2651.245	344.322	-0.646	-0.373
2651.446	346.285	-0.637	-0.359
2651.646	348.418	-0.640	-0.385
2651.845	350.506	-0.635	-0.372
2652.045	352.480	-0.650	-0.389
2652.246	354.441	-0.625	-0.361
2652.345	355.595	-0.625	-0.349
2652.546	357.548	-0.614	-0.369
2652.746	359.658	-0.623	-0.364
2652.945	361.562	-0.602	-0.365
2653.146	363.713	-0.597	-0.369
2653.345	365.684	-0.583	-0.377
2653.546	367.810	-0.589	-0.382
2653.746	369.777	-0.576	-0.373
2653.945	371.909	-0.587	-0.389
2654.146	373.867	-0.584	-0.381
2654.346	375.828	-0.582	-0.381
2654.545	377.912	-0.587	-0.381
2654.746	379.974	-0.560	-0.371
2654.945	381.932	-0.563	-0.371
2655.146	383.957	-0.521	-0.355
2655.346	385.963	-0.537	-0.359
2655.546	388.183	-0.503	-0.386
2655.746	390.016	-0.517	-0.378
2655.946	391.115	-0.516	-0.400
2656.146	391.507	-0.520	-0.379
2917.246	0.000	-4.769	0.276
2917.446	0.278	-4.765	0.278
2917.646	1.231	-4.784	0.289
2917.746	2.095	-4.780	0.293
2917.946	4.037	-4.757	0.318
2918.146	6.210	-4.792	0.289
2918.346	8.167	-4.746	0.341
2918.546	10.138	-4.781	0.311
2918.646	11.239	-4.764	0.336
2918.846	13.283	-4.750	0.315
2919.046	15.346	-4.763	0.322
2919.246	17.354	-4.759	0.307
2919.446	19.307	-4.777	0.312
2919.646	21.423	-4.756	0.295
2919.846	23.388	-4.751	0.317
2920.046	25.500	-4.756	0.300
2920.246	27.434	-4.750	0.294
2920.446	29.571	-4.772	0.282
2920.646	31.545	-4.760	0.292
2920.846	33.578	-4.767	0.270
2921.046	35.590	-3.935	0.202
2921.246	37.707	-1.660	-0.054
2921.445	39.780	-1.670	-0.080
2921.646	41.758	-1.680	-0.115
2921.846	43.811	-1.684	-0.113
2922.046	45.833	-1.671	-0.139
2922.246	47.803	-1.657	-0.133
2922.446	49.883	-1.659	-0.170
2922.646	51.845	-1.652	-0.158
2922.746	52.994	-1.614	-0.126
2922.946	54.959	-1.626	-0.196
2923.146	57.065	-1.611	-0.153
2923.346	59.023	-1.617	-0.201
2923.546	61.014	-1.574	-0.176
2923.646	62.149	-1.540	-0.168
2923.846	64.185	-1.570	-0.219
2924.046	66.193	-1.540	-0.205
2924.246	68.215	-1.543	-0.227
2924.446	70.219	-1.511	-0.222
2924.645	72.212	-1.527	-0.243
2924.846	74.271	-1.499	-0.228
2925.046	76.281	-1.501	-0.241
2925.246	78.393	-1.480	-0.236
2925.446	80.368	-1.486	-0.241
2925.646	82.482	-1.475	-0.241
2925.846	84.563	-1.481	-0.162
2926.046	86.482	-1.452	-0.140
2926.246	88.586	-1.458	-0.163
2926.446	90.600	-1.433	-0.155
2926.646	92.549	-1.415	-0.175
2926.846	94.705	-1.403	-0.184
2927.046	96.717	-1.408	-0.201
2927.246	98.640	-1.408	-0.199
2927.446	100.797	-1.397	-0.210
2927.645	102.708	-1.390	-0.205
2927.845	104.925	-1.399	-0.251
2928.046	106.930	-1.363	-0.199
2928.246	108.925	-1.376	-0.232
2928.446	110.986	-1.349	-0.215
2928.646	112.925	-1.371	-0.251
2928.846	115.006	-1.320	-0.208
2929.046	117.011	-1.345	-0.248
2929.246	119.011	-1.307	-0.234
2929.446	121.016	-1.325	-0.256
2929.646	123.190	-1.283	-0.248
2929.846	125.124	-1.297	-0.258
2930.046	127.212	-1.298	-0.274
2930.246	129.205	-1.306	-0.274
2930.446	131.352	-1.295	-0.279
2930.646	133.347	-1.306	-0.278
2930.846	135.366	-1.274	-0.260
2931.045	137.373	-1.310	-0.287
2931.246	139.332	-1.252	-0.249
2931.346	140.471	-1.267	-0.284
2931.546	142.427	-1.279	-0.287
2931.746	144.404	-1.227	-0.265
2931.946	146.559	-1.246	-0.270
2932.146	148.484	-1.210	-0.281
2932.246	149.642	-1.232	-0.312
2932.446	151.597	-1.214	-0.279
2932.646	153.652	-1.207	-0.292
2932.846	155.726	-1.205	-0.285
2933.046	157.708	-1.208	-0.312
2933.246	159.677	-1.199	-0.290
2933.446	161.724	-1.194	-0.318
2933.646	163.742	-1.198	-0.295
2933.846	165.857	-1.193	-0.319
2934.046	167.924	-1.167	-0.271
2934.246	169.898	-1.177	-0.297
2934.446	171.880	-1.148	-0.271
2934.647	174.038	-1.148	-0.302
2934.846	176.026	-1.138	-0.293
2935.046	178.065	-1.131	-0.317
2935.246	180.030	-1.140	-0.303
2935.346	181.183	-1.119	-0.306
2935.546	183.164	-1.116	-0.318
2935.746	185.245	-1.121	-0.316
2935.946	187.250	-1.130	-0.338
2936.146	189.259	-1.115	-0.303
2936.346	191.218	-1.114	-0.333
2936.546	193.243	-1.071	-0.291
2936.646	194.350	-1.098	-0.328
2936.846	196.413	-1.087	-0.322
2937.046	198.430	-1.063	-0.292
2937.246	200.410	-1.060	-0.307
2937.446	202.545	-1.034	-0.304
2937.646	204.506	-1.030	-0.317
2937.846	206.487	-1.002	-0.310
2938.046	208.572	-1.035	-0.338
2938.246	210.578	-1.021	-0.341
2938.446	212.624	-1.028	-0.342
2938.646	214.613	-1.011	-0.329
2938.746	215.778	-1.013	-0.319
2938.946	217.766	-1.004	-0.330
2939.146	219.742	-1.005	-0.351
2939.346	221.730	-1.001	-0.324
2939.546	223.891	-0.999	-0.335
2939.746	225.936	-0.973	-0.318
2939.946	227.935	-0.966	-0.328
2940.146	229.851	-0.937	-0.323
2940.346	232.100	-0.946	-0.325
2940.546	234.063	-0.947	-0.331
2940.746	235.983	-0.926	-0.345
2940.946	238.130	-0.930	-0.338
2941.146	240.150	-0.924	-0.363
2941.346	242.101	-0.925	-0.326
2941.546	244.197	-0.920	-0.363
2941.746	246.264	-0.906	-0.322
2941.946	248.223	-0.912	-0.362
2942.146	250.267	-0.895	-0.323
2942.346	252.253	-0.890	-0.339
2942.446	253.406	-0.878	-0.314
2942.646	255.404	-0.873	-0.331
2942.846	257.366	-0.872	-0.351
2943.046	259.463	-0.850	-0.314
2943.246	261.480	-0.864	-0.356
2943.445	263.460	-0.827	-0.336
2943.646	265.573	-0.833	-0.359
2943.846	267.524	-0.824	-0.344
2944.046	269.540	-0.828	-0.358
2944.246	271.666	-0.828	-0.352
2944.446	273.677	-0.846	-0.375
2944.646	275.700	-0.810	-0.332
2944.846	277.795	-0.837	-0.371
2945.046	279.821	-0.814	-0.337
2945.246	281.743	-0.823	-0.357
2945.346	282.880	-0.780	-0.330
2945.546	284.876	-0.779	-0.334
2945.746	286.828	-0.802	-0.350
2945.846	288.002	-0.727	-0.318
2946.046	289.967	-0.772	-0.349
2946.246	292.084	-0.764	-0.350
2946.445	294.002	-0.772	-0.376
2946.646	296.027	-0.763	-0.363
2946.846	298.148	-0.753	-0.368
2947.046	300.171	-0.750	-0.364
2947.246	302.083	-0.771	-0.375
2947.446	304.166	-0.741	-0.348
2947.646	306.150	-0.739	-0.362
2947.746	307.237	-0.771	-0.354
2947.946	309.265	-0.719	-0.349
2948.146	311.263	-0.753	-0.359
2948.346	313.309	-0.704	-0.338
2948.546	315.335	-0.728	-0.351
2948.746	317.474	-0.702	-0.360
2948.946	319.567	-0.716	-0.361
2949.146	321.536	-0.701	-0.367
2949.346	323.478	-0.696	-0.364
2949.546	325.553	-0.685	-0.366
2949.746	327.632	-0.686	-0.373
2949.946	329.651	-0.685	-0.368
2950.146	331.697	-0.698	-0.383
2950.346	333.621	-0.697	-0.359
2950.546	335.743	-0.706	-0.384
2950.746	337.702	-0.665	-0.345
2950.946	339.788	-0.686	-0.372
2951.146	341.849	-0.657	-0.344
2951.346	343.834	-0.664	-0.363
2951.546	345.859	-0.637	-0.331
2951.746	347.861	-0.644	-0.376
2951.846	349.033	-0.652	-0.346
2952.046	350.975	-0.619	-0.366
2952.246	353.099	-0.617	-0.366
2952.446	355.005	-0.631	-0.386
2952.646	357.068	-0.633	-0.387
2952.846	359.246	-0.614	-0.375
2953.046	361.074	-0.625	-0.388
2953.246	363.219	-0.618	-0.367
2953.446	365.258	-0.607	-0.385
2953.647	367.251	-0.578	-0.345
2953.846	369.331	-0.607	-0.375
2954.046	371.349	-0.576	-0.356
2954.246	373.314	-0.603	-0.375
2954.446	375.532	-0.551	-0.362
2954.646	377.490	-0.583	-0.379
2954.846	379.425	-0.544	-0.373
2955.046	381.562	-0.548	-0.377
2955.246	383.549	-0.540	-0.380
2955.446	385.530	-0.542	-0.389
2955.646	387.658	-0.529	-0.391
2955.845	389.667	-0.549	-0.405
2956.046	390.914	-0.531	-0.395
2956.246	391.494	-0.530	-0.374
2956.446	391.507	-0.510	-0.370
