TimeSec	Probe1mm	ConductivityP1V	TemperatureP1V
426.614	0.000	-4.661	0.222
426.814	0.001	-4.629	0.279
427.014	0.525	-4.657	0.262
427.213	1.735	-4.664	0.273
427.313	2.764	-4.660	0.296
427.514	4.727	-4.649	0.273
427.714	6.875	-4.657	0.287
427.914	8.893	-4.646	0.268
428.114	10.869	-4.675	0.260
428.314	12.955	-4.644	0.289
428.514	14.939	-4.647	0.297
428.714	16.911	-4.647	0.272
428.914	19.009	-4.672	0.273
429.114	20.982	-4.625	0.294
429.214	22.148	-4.640	0.288
429.414	24.170	-4.681	0.273
429.614	26.152	-4.657	0.306
429.814	28.161	-4.653	0.289
430.014	30.147	-4.647	0.287
430.114	31.227	-4.676	0.283
430.313	33.238	-4.635	0.268
430.413	34.317	-4.676	0.214
430.614	36.347	-4.655	0.237
430.814	38.268	-2.659	0.157
430.914	39.340	-2.287	0.045
431.114	41.347	-2.289	0.058
431.314	43.453	-2.320	0.034
431.514	45.512	-2.309	0.030
431.714	47.471	-2.323	-0.023
431.814	48.599	-2.256	0.010
432.014	50.604	-2.240	-0.001
432.214	52.569	-2.224	-0.020
432.414	54.738	-2.210	-0.032
432.614	56.740	-2.179	-0.017
432.814	58.646	-2.150	-0.062
433.014	60.688	-2.126	-0.055
433.214	62.771	-2.101	-0.084
433.413	64.743	-2.080	-0.039
433.513	65.869	-2.053	-0.069
433.714	67.853	-2.052	-0.081
433.914	69.934	-2.038	-0.101
434.114	71.947	-2.036	-0.115
434.314	73.942	-1.985	-0.101
434.514	76.017	-1.990	-0.149
434.714	78.019	-1.971	-0.130
434.914	79.985	-1.968	-0.136
435.114	82.069	-1.919	-0.133
435.314	84.072	-1.949	-0.141
435.414	85.224	-1.946	-0.077
435.614	87.106	-1.899	-0.069
435.714	88.222	-1.934	-0.070
435.914	90.257	-1.907	-0.055
436.114	92.301	-1.874	-0.069
436.314	94.287	-1.895	-0.074
436.513	96.250	-1.886	-0.068
436.613	97.356	-1.861	-0.041
436.814	99.312	-1.865	-0.098
437.014	101.408	-1.871	-0.071
437.214	103.412	-1.851	-0.085
437.314	104.548	-1.816	-0.081
437.514	106.435	-1.855	-0.090
437.613	107.561	-1.843	-0.073
437.814	109.528	-1.819	-0.083
438.014	111.659	-1.815	-0.108
438.214	113.613	-1.823	-0.092
438.414	115.627	-1.785	-0.083
438.614	117.612	-1.791	-0.100
438.714	118.720	-1.783	-0.097
438.914	120.716	-1.769	-0.090
439.114	122.829	-1.753	-0.098
439.314	124.731	-1.768	-0.116
439.514	126.819	-1.755	-0.078
439.713	128.811	-1.743	-0.110
439.914	130.948	-1.729	-0.107
440.114	132.974	-1.720	-0.103
440.314	134.976	-1.695	-0.098
440.514	137.097	-1.722	-0.133
440.714	139.119	-1.694	-0.090
440.914	141.080	-1.682	-0.110
441.114	143.193	-1.677	-0.111
441.314	145.198	-1.682	-0.112
441.514	147.174	-1.652	-0.116
441.714	149.258	-1.646	-0.114
441.914	151.259	-1.640	-0.101
442.114	153.226	-1.611	-0.125
442.314	155.321	-1.628	-0.129
442.514	157.305	-1.627	-0.119
442.614	158.452	-1.581	-0.089
442.813	160.351	-1.593	-0.137
443.014	162.463	-1.580	-0.128
443.214	164.485	-1.560	-0.111
443.414	166.570	-1.553	-0.126
443.614	168.537	-1.553	-0.138
443.814	170.538	-1.545	-0.123
444.014	172.677	-1.516	-0.137
444.214	174.720	-1.540	-0.132
444.414	176.707	-1.482	-0.117
444.614	178.689	-1.490	-0.147
444.814	180.728	-1.493	-0.161
445.014	182.820	-1.482	-0.121
445.214	184.800	-1.450	-0.156
445.414	186.844	-1.457	-0.136
445.614	188.854	-1.440	-0.141
445.813	190.961	-1.421	-0.143
446.014	192.949	-1.414	-0.157
446.214	194.934	-1.411	-0.139
446.414	197.059	-1.379	-0.150
446.614	199.101	-1.417	-0.168
446.814	201.084	-1.366	-0.139
447.014	203.150	-1.365	-0.159
447.214	205.134	-1.347	-0.158
447.314	206.282	-1.373	-0.162
447.514	208.286	-1.340	-0.146
447.714	210.273	-1.311	-0.161
447.914	212.285	-1.336	-0.162
448.114	214.302	-1.305	-0.165
448.314	216.292	-1.313	-0.173
448.414	217.452	-1.258	-0.145
448.614	219.436	-1.303	-0.168
448.814	221.529	-1.273	-0.176
449.013	223.430	-1.266	-0.176
449.214	225.489	-1.242	-0.156
449.414	227.531	-1.240	-0.170
449.614	229.625	-1.240	-0.185
449.814	231.609	-1.251	-0.178
450.014	233.595	-1.201	-0.156
450.214	235.655	-1.202	-0.188
450.414	237.751	-1.185	-0.177
450.614	239.709	-1.172	-0.161
450.714	240.857	-1.172	-0.180
450.914	242.824	-1.153	-0.179
451.114	244.902	-1.183	-0.183
451.314	246.809	-1.129	-0.180
451.414	247.922	-1.117	-0.162
451.614	250.043	-1.133	-0.193
451.814	252.078	-1.122	-0.174
452.014	254.080	-1.093	-0.183
452.213	256.001	-1.094	-0.193
452.414	258.012	-1.071	-0.170
452.514	259.174	-1.082	-0.188
452.714	261.133	-1.073	-0.201
452.914	263.121	-1.048	-0.172
453.114	265.288	-1.052	-0.190
453.314	267.151	-1.026	-0.190
453.514	269.296	-1.055	-0.199
453.714	271.309	-0.991	-0.166
453.914	273.327	-1.011	-0.216
454.114	275.299	-0.995	-0.202
454.214	276.460	-1.002	-0.166
454.414	278.450	-0.958	-0.188
454.614	280.407	-0.972	-0.210
454.814	282.474	-0.972	-0.200
455.014	284.461	-0.928	-0.173
455.214	286.632	-0.938	-0.207
455.414	288.532	-0.940	-0.217
455.514	289.674	-0.956	-0.212
455.714	291.639	-0.870	-0.179
455.914	293.601	-0.911	-0.221
456.014	294.752	-0.896	-0.193
456.214	296.673	-0.879	-0.194
456.314	297.769	-0.916	-0.232
456.514	299.714	-0.856	-0.200
456.614	300.827	-0.862	-0.209
456.814	302.779	-0.870	-0.206
457.014	304.850	-0.833	-0.196
457.214	306.846	-0.856	-0.226
457.414	309.012	-0.809	-0.193
457.614	310.967	-0.826	-0.213
457.814	313.086	-0.816	-0.219
458.014	315.109	-0.825	-0.206
458.213	317.011	-0.782	-0.200
458.414	319.040	-0.785	-0.208
458.614	321.190	-0.803	-0.219
458.814	323.225	-0.768	-0.201
459.014	325.143	-0.761	-0.202
459.114	326.266	-0.798	-0.273
459.314	328.283	-0.758	-0.204
459.514	330.284	-0.761	-0.212
459.714	332.280	-0.735	-0.210
459.913	334.484	-0.764	-0.224
460.114	336.449	-0.724	-0.212
460.314	338.398	-0.732	-0.236
460.514	340.477	-0.730	-0.218
460.714	342.488	-0.707	-0.202
460.914	344.658	-0.710	-0.225
461.114	346.540	-0.723	-0.231
461.314	348.541	-0.700	-0.203
461.513	350.717	-0.705	-0.233
461.714	352.679	-0.681	-0.227
461.914	354.811	-0.692	-0.222
462.114	356.690	-0.676	-0.223
462.314	358.751	-0.695	-0.241
462.514	360.904	-0.670	-0.212
462.714	362.829	-0.640	-0.206
462.914	364.932	-0.649	-0.245
463.114	366.977	-0.668	-0.220
463.314	368.918	-0.648	-0.217
463.514	371.106	-0.631	-0.213
463.714	372.956	-0.650	-0.230
463.914	375.032	-0.625	-0.214
464.114	377.139	-0.618	-0.236
464.314	379.148	-0.630	-0.236
464.513	381.263	-0.609	-0.214
464.714	383.241	-0.598	-0.230
464.914	385.246	-0.582	-0.234
465.114	387.292	-0.602	-0.238
465.314	389.340	-0.559	-0.226
465.514	390.797	-0.549	-0.235
465.714	391.463	-0.542	-0.224
465.913	391.507	-0.531	-0.217
726.814	0.000	-4.830	0.433
727.014	0.153	-4.824	0.458
727.114	0.530	-4.785	0.434
727.214	1.148	-4.811	0.438
727.414	2.845	-4.821	0.437
727.614	4.934	-4.814	0.450
727.814	6.906	-4.847	0.427
728.014	8.865	-4.815	0.455
728.114	10.008	-4.799	0.468
728.314	12.013	-4.799	0.460
728.514	13.975	-4.811	0.430
728.714	15.989	-4.834	0.434
728.914	18.160	-4.827	0.442
729.114	20.118	-4.818	0.463
729.314	22.166	-4.814	0.457
729.514	24.253	-4.793	0.454
729.714	26.161	-4.812	0.436
729.914	28.225	-4.817	0.424
730.114	30.303	-4.823	0.426
730.314	32.345	-4.819	0.449
730.514	34.346	-4.806	0.448
730.714	36.337	-3.934	0.345
730.914	38.472	-2.338	0.104
731.114	40.475	-2.359	0.062
731.314	42.438	-2.347	0.062
731.514	44.530	-2.337	0.059
731.714	46.514	-2.316	0.055
731.814	47.662	-2.283	0.070
732.014	49.682	-2.278	0.027
732.214	51.666	-2.244	0.011
732.414	53.683	-2.201	0.019
732.614	55.715	-2.186	-0.002
732.814	57.832	-2.130	0.009
733.014	59.917	-2.121	-0.038
733.214	61.922	-2.078	-0.039
733.414	63.882	-2.071	-0.057
733.614	65.991	-2.040	-0.053
733.814	67.952	-2.043	-0.064
734.014	70.031	-2.010	-0.067
734.214	72.011	-2.001	-0.076
734.414	74.102	-1.990	-0.105
734.614	76.121	-1.975	-0.103
734.814	78.061	-1.954	-0.102
734.914	79.234	-1.946	-0.129
735.114	81.218	-1.952	-0.096
735.314	83.180	-1.942	-0.117
735.514	85.232	-1.917	-0.049
735.714	87.189	-1.916	-0.068
735.814	88.354	-1.947	-0.092
736.014	90.369	-1.917	-0.063
736.214	92.383	-1.905	-0.053
736.414	94.363	-1.879	-0.036
736.614	96.352	-1.877	-0.071
736.814	98.507	-1.880	-0.085
737.014	100.421	-1.890	-0.096
737.214	102.487	-1.881	-0.070
737.414	104.489	-1.876	-0.084
737.614	106.706	-1.837	-0.044
737.814	108.692	-1.829	-0.078
738.014	110.643	-1.818	-0.087
738.214	112.720	-1.851	-0.132
738.414	114.691	-1.827	-0.074
738.514	115.849	-1.813	-0.074
738.714	117.735	-1.811	-0.078
738.914	119.878	-1.787	-0.082
739.114	121.900	-1.766	-0.092
739.314	123.914	-1.763	-0.106
739.514	125.956	-1.758	-0.096
739.714	127.946	-1.775	-0.107
739.914	130.003	-1.754	-0.094
740.114	132.048	-1.727	-0.085
740.314	134.049	-1.720	-0.098
740.514	136.142	-1.713	-0.126
740.714	138.107	-1.710	-0.105
740.914	140.213	-1.715	-0.116
741.114	142.159	-1.692	-0.100
741.314	144.163	-1.679	-0.098
741.514	146.283	-1.672	-0.112
741.714	148.306	-1.649	-0.115
741.914	150.309	-1.659	-0.139
742.114	152.490	-1.639	-0.112
742.314	154.414	-1.634	-0.100
742.514	156.423	-1.617	-0.100
742.714	158.529	-1.618	-0.114
742.914	160.496	-1.581	-0.116
743.114	162.532	-1.579	-0.139
743.314	164.585	-1.591	-0.139
743.514	166.659	-1.574	-0.129
743.714	168.677	-1.556	-0.112
743.914	170.715	-1.534	-0.115
744.114	172.731	-1.526	-0.129
744.314	174.731	-1.521	-0.156
744.514	176.755	-1.508	-0.144
744.714	178.779	-1.530	-0.153
744.914	180.915	-1.491	-0.126
745.114	183.001	-1.486	-0.123
745.314	184.982	-1.461	-0.127
745.514	186.927	-1.467	-0.154
745.714	188.981	-1.460	-0.157
745.914	190.951	-1.438	-0.139
746.114	193.147	-1.450	-0.149
746.314	195.069	-1.425	-0.140
746.514	197.217	-1.394	-0.119
746.714	199.221	-1.381	-0.157
746.914	201.186	-1.379	-0.163
747.114	203.189	-1.405	-0.193
747.314	205.217	-1.367	-0.131
747.414	206.322	-1.347	-0.154
747.614	208.373	-1.351	-0.135
747.814	210.313	-1.348	-0.147
747.914	211.441	-1.290	-0.129
748.114	213.432	-1.308	-0.159
748.314	215.430	-1.334	-0.186
748.514	217.556	-1.315	-0.158
748.714	219.544	-1.308	-0.159
748.914	221.639	-1.276	-0.133
749.114	223.626	-1.251	-0.153
749.314	225.647	-1.246	-0.167
749.514	227.683	-1.252	-0.189
749.714	229.611	-1.245	-0.179
749.814	230.732	-1.258	-0.179
750.014	232.781	-1.239	-0.172
750.214	234.814	-1.218	-0.148
750.414	236.789	-1.182	-0.165
750.614	238.808	-1.168	-0.169
750.814	240.826	-1.168	-0.199
751.014	242.947	-1.172	-0.185
751.214	245.019	-1.179	-0.180
751.414	247.024	-1.162	-0.169
751.614	248.999	-1.146	-0.173
751.814	251.081	-1.107	-0.171
752.014	253.075	-1.083	-0.177
752.214	255.053	-1.117	-0.201
752.414	257.150	-1.091	-0.192
752.614	259.290	-1.090	-0.181
752.814	261.152	-1.083	-0.178
752.914	262.259	-1.039	-0.137
753.114	264.264	-1.046	-0.199
753.314	266.285	-1.024	-0.179
753.514	268.271	-1.060	-0.220
753.714	270.487	-1.035	-0.191
753.914	272.475	-1.030	-0.187
754.114	274.386	-0.989	-0.166
754.314	276.494	-0.993	-0.178
754.514	278.445	-0.972	-0.201
754.614	279.594	-0.962	-0.207
754.814	281.509	-0.962	-0.210
755.014	283.645	-0.959	-0.191
755.214	285.607	-0.964	-0.219
755.414	287.596	-0.955	-0.192
755.614	289.624	-0.923	-0.191
755.814	291.669	-0.902	-0.191
756.014	293.730	-0.899	-0.232
756.214	295.731	-0.888	-0.194
756.414	297.950	-0.906	-0.226
756.614	299.932	-0.881	-0.187
756.814	301.899	-0.891	-0.200
757.014	304.002	-0.839	-0.174
757.214	306.003	-0.836	-0.212
757.414	307.969	-0.820	-0.205
757.614	310.078	-0.845	-0.237
757.814	312.090	-0.831	-0.196
758.014	314.064	-0.831	-0.210
758.214	316.132	-0.817	-0.190
758.413	318.138	-0.796	-0.201
758.614	320.335	-0.767	-0.191
758.814	322.317	-0.789	-0.230
759.014	324.295	-0.786	-0.213
759.214	326.371	-0.812	-0.236
759.414	328.294	-0.764	-0.184
759.514	329.450	-0.767	-0.203
759.714	331.413	-0.749	-0.212
759.914	333.397	-0.744	-0.212
760.114	335.424	-0.746	-0.239
760.314	337.447	-0.742	-0.219
760.514	339.595	-0.768	-0.225
760.714	341.508	-0.731	-0.196
760.914	343.583	-0.720	-0.196
761.114	345.675	-0.697	-0.212
761.314	347.794	-0.701	-0.239
761.514	349.649	-0.707	-0.234
761.614	350.840	-0.693	-0.212
761.814	352.775	-0.701	-0.214
762.014	354.788	-0.726	-0.237
762.214	356.787	-0.681	-0.197
762.414	358.883	-0.684	-0.213
762.614	360.883	-0.642	-0.203
762.814	362.869	-0.671	-0.250
763.014	364.972	-0.663	-0.226
763.214	366.967	-0.671	-0.232
763.414	369.151	-0.668	-0.220
763.614	371.048	-0.660	-0.226
763.814	373.039	-0.629	-0.199
763.914	374.206	-0.594	-0.193
764.114	376.102	-0.641	-0.257
764.314	378.239	-0.632	-0.237
764.514	380.197	-0.634	-0.226
764.614	381.306	-0.614	-0.221
764.814	383.263	-0.624	-0.244
765.014	385.351	-0.591	-0.210
765.214	387.334	-0.576	-0.225
765.414	389.461	-0.542	-0.221
765.614	390.793	-0.543	-0.248
765.814	391.464	-0.538	-0.242
766.014	391.507	-0.559	-0.231
1026.914	0.000	-4.799	0.528
1027.114	0.077	-4.810	0.513
1027.314	0.835	-4.814	0.516
1027.514	2.385	-4.812	0.514
1027.715	4.365	-4.829	0.530
1027.914	6.576	-4.811	0.550
1028.114	8.550	-4.816	0.536
1028.314	10.628	-4.791	0.552
1028.514	12.553	-4.811	0.537
1028.714	14.536	-4.780	0.563
1028.914	16.550	-4.797	0.524
1029.114	18.736	-4.782	0.529
1029.314	20.630	-4.806	0.525
1029.514	22.682	-4.804	0.517
1029.714	24.790	-4.808	0.522
1029.914	26.737	-4.820	0.535
1030.114	28.922	-4.814	0.526
1030.314	30.885	-4.813	0.544
1030.514	32.957	-4.814	0.533
1030.714	34.973	-4.811	0.533
1030.914	36.949	-3.325	0.300
1031.114	39.063	-2.318	0.111
1031.314	41.114	-2.321	0.059
1031.514	43.101	-2.308	0.094
1031.714	45.165	-2.316	0.030
1031.915	47.172	-2.303	0.040
1032.114	49.216	-2.305	0.021
1032.314	51.148	-2.264	0.022
1032.514	53.268	-2.232	-0.010
1032.714	55.297	-2.183	0.001
1032.914	57.331	-2.137	-0.011
1033.114	59.323	-2.113	-0.017
1033.314	61.348	-2.084	-0.051
1033.514	63.367	-2.063	-0.039
1033.714	65.498	-2.041	-0.080
1033.914	67.605	-2.035	-0.068
1034.114	69.447	-2.033	-0.109
1034.314	71.579	-2.000	-0.081
1034.514	73.607	-2.000	-0.133
1034.714	75.561	-1.974	-0.106
1034.814	76.715	-1.990	-0.133
1035.014	78.700	-1.975	-0.126
1035.214	80.656	-1.940	-0.117
1035.414	82.722	-1.949	-0.113
1035.614	84.768	-1.921	-0.085
1035.814	86.921	-1.915	-0.052
1036.014	88.903	-1.898	-0.072
1036.214	90.837	-1.919	-0.091
1036.414	92.913	-1.907	-0.076
1036.614	94.881	-1.905	-0.071
1036.714	96.027	-1.855	-0.054
1036.914	97.932	-1.906	-0.081
1037.014	99.057	-1.903	-0.060
1037.214	101.079	-1.860	-0.051
1037.414	103.147	-1.862	-0.062
1037.614	105.049	-1.842	-0.071
1037.814	107.279	-1.844	-0.063
1038.014	109.117	-1.812	-0.067
1038.214	111.283	-1.831	-0.086
1038.415	113.378	-1.796	-0.089
1038.614	115.230	-1.817	-0.102
1038.714	116.338	-1.808	-0.094
1038.914	118.414	-1.812	-0.103
1039.114	120.376	-1.798	-0.086
1039.314	122.350	-1.803	-0.089
1039.514	124.396	-1.766	-0.079
1039.714	126.495	-1.779	-0.078
1039.914	128.503	-1.746	-0.065
1040.114	130.519	-1.740	-0.075
1040.314	132.645	-1.715	-0.077
1040.514	134.721	-1.707	-0.077
1040.714	136.703	-1.679	-0.096
1040.914	138.670	-1.692	-0.093
1041.114	140.754	-1.685	-0.119
1041.314	142.685	-1.676	-0.116
1041.514	144.722	-1.694	-0.124
1041.614	145.838	-1.656	-0.124
1041.814	147.834	-1.673	-0.100
1042.014	149.843	-1.656	-0.114
1042.214	151.964	-1.656	-0.111
1042.414	154.010	-1.623	-0.110
1042.614	155.970	-1.624	-0.111
1042.814	157.997	-1.595	-0.102
1043.014	160.017	-1.590	-0.119
1043.214	162.099	-1.544	-0.109
1043.414	164.201	-1.570	-0.137
1043.614	166.206	-1.547	-0.127
1043.814	168.310	-1.572	-0.159
1044.014	170.273	-1.540	-0.136
1044.214	172.279	-1.561	-0.135
1044.414	174.312	-1.540	-0.137
1044.614	176.377	-1.535	-0.113
1044.814	178.389	-1.509	-0.127
1045.014	180.417	-1.494	-0.119
1045.214	182.453	-1.469	-0.126
1045.414	184.454	-1.462	-0.121
1045.614	186.437	-1.455	-0.138
1045.814	188.461	-1.449	-0.142
1045.914	189.569	-1.438	-0.104
1046.114	191.654	-1.410	-0.149
1046.314	193.644	-1.429	-0.164
1046.514	195.610	-1.424	-0.175
1046.714	197.698	-1.426	-0.156
1046.914	199.699	-1.409	-0.154
1047.114	201.683	-1.410	-0.152
1047.314	203.861	-1.376	-0.156
1047.514	205.803	-1.372	-0.136
1047.714	207.880	-1.346	-0.147
1047.914	209.867	-1.336	-0.136
1048.014	210.946	-1.321	-0.149
1048.214	212.958	-1.312	-0.161
1048.414	214.915	-1.290	-0.153
1048.514	216.070	-1.337	-0.195
1048.714	218.050	-1.294	-0.171
1048.914	220.086	-1.279	-0.178
1049.114	222.123	-1.282	-0.165
1049.314	224.138	-1.278	-0.177
1049.514	226.112	-1.293	-0.175
1049.714	228.285	-1.255	-0.172
1049.914	230.270	-1.263	-0.155
1050.114	232.248	-1.221	-0.164
1050.314	234.255	-1.219	-0.152
1050.414	235.417	-1.201	-0.181
1050.614	237.339	-1.175	-0.166
1050.815	239.362	-1.164	-0.152
1051.015	241.564	-1.151	-0.183
1051.214	243.447	-1.139	-0.172
1051.414	245.448	-1.135	-0.203
1051.514	246.601	-1.152	-0.191
1051.714	248.492	-1.136	-0.204
1051.814	249.601	-1.139	-0.218
1052.014	251.643	-1.118	-0.174
1052.214	253.666	-1.131	-0.194
1052.414	255.652	-1.123	-0.172
1052.614	257.675	-1.107	-0.175
1052.814	259.710	-1.082	-0.152
1053.014	261.835	-1.057	-0.174
1053.214	263.784	-1.055	-0.177
1053.414	265.902	-1.035	-0.192
1053.614	267.867	-1.012	-0.166
1053.814	269.892	-1.014	-0.205
1054.014	271.896	-0.998	-0.194
1054.214	273.920	-1.007	-0.213
1054.414	275.947	-0.994	-0.191
1054.614	278.030	-0.998	-0.222
1054.814	280.102	-0.989	-0.201
1055.014	282.091	-0.977	-0.213
1055.214	284.257	-0.955	-0.190
1055.414	286.147	-0.961	-0.190
1055.614	288.163	-0.932	-0.179
1055.714	289.331	-0.910	-0.175
1055.914	291.244	-0.906	-0.186
1056.114	293.256	-0.899	-0.199
1056.214	294.362	-0.863	-0.192
1056.414	296.414	-0.889	-0.193
1056.614	298.416	-0.877	-0.221
1056.814	300.563	-0.867	-0.205
1057.014	302.421	-0.882	-0.231
1057.214	304.439	-0.852	-0.213
1057.414	306.497	-0.865	-0.222
1057.614	308.536	-0.849	-0.209
1057.814	310.654	-0.854	-0.206
1058.014	312.763	-0.834	-0.205
1058.214	314.764	-0.834	-0.201
1058.414	316.725	-0.819	-0.206
1058.614	318.817	-0.799	-0.196
1058.814	320.829	-0.783	-0.191
1059.014	322.799	-0.768	-0.209
1059.214	324.894	-0.762	-0.208
1059.414	326.921	-0.752	-0.223
1059.614	328.901	-0.763	-0.222
1059.814	330.910	-0.772	-0.227
1060.014	333.032	-0.764	-0.226
1060.214	335.057	-0.767	-0.219
1060.414	336.984	-0.741	-0.214
1060.514	338.146	-0.745	-0.206
1060.714	340.155	-0.768	-0.237
1060.914	342.138	-0.714	-0.186
1061.114	344.129	-0.732	-0.207
1061.314	346.150	-0.698	-0.184
1061.514	348.292	-0.710	-0.220
1061.714	350.408	-0.678	-0.206
1061.914	352.369	-0.699	-0.242
1062.114	354.336	-0.675	-0.228
1062.314	356.402	-0.687	-0.239
1062.514	358.452	-0.682	-0.227
1062.714	360.417	-0.684	-0.242
1062.914	362.473	-0.669	-0.224
1063.114	364.495	-0.685	-0.235
1063.314	366.550	-0.648	-0.213
1063.514	368.623	-0.684	-0.229
1063.714	370.622	-0.654	-0.208
1063.914	372.624	-0.659	-0.219
1064.114	374.648	-0.607	-0.194
1064.314	376.652	-0.626	-0.212
1064.514	378.746	-0.599	-0.210
1064.714	380.775	-0.588	-0.207
1064.914	382.762	-0.591	-0.233
1065.114	384.983	-0.588	-0.242
1065.314	386.970	-0.588	-0.240
1065.514	388.919	-0.583	-0.246
1065.714	390.586	-0.562	-0.243
1065.914	391.384	-0.554	-0.240
1066.014	391.507	-0.527	-0.240
1327.014	0.000	-4.802	0.474
1327.215	0.046	-4.816	0.458
1327.414	0.748	-4.813	0.442
1327.615	2.273	-4.794	0.462
1327.815	4.248	-4.799	0.453
1328.015	6.275	-4.809	0.456
1328.215	8.446	-4.790	0.467
1328.415	10.347	-4.807	0.467
1328.615	12.415	-4.792	0.448
1328.814	14.422	-4.812	0.453
1329.014	16.487	-4.793	0.446
1329.214	18.532	-4.812	0.447
1329.414	20.493	-4.800	0.429
1329.614	22.601	-4.810	0.445
1329.814	24.657	-4.806	0.434
1330.014	26.653	-4.817	0.442
1330.214	28.671	-4.822	0.421
1330.414	30.731	-4.787	0.459
1330.614	32.717	-4.808	0.423
1330.816	34.840	-4.806	0.427
1331.014	36.863	-3.449	0.244
1331.214	38.847	-2.310	0.079
1331.414	41.001	-2.331	0.050
1331.614	42.986	-2.336	0.039
1331.814	44.940	-2.323	0.023
1332.014	47.012	-2.293	0.024
1332.215	48.996	-2.278	-0.006
1332.415	51.164	-2.252	0.001
1332.615	53.047	-2.213	-0.035
1332.815	55.175	-2.156	0.003
1333.015	57.205	-2.160	-0.042
1333.215	59.220	-2.112	-0.011
1333.415	61.203	-2.113	-0.065
1333.614	63.297	-2.048	-0.031
1333.814	65.249	-2.068	-0.085
1333.914	66.382	-2.030	-0.099
1334.114	68.337	-2.008	-0.076
1334.314	70.317	-2.026	-0.100
1334.514	72.334	-1.993	-0.095
1334.714	74.470	-1.987	-0.101
1334.914	76.554	-1.956	-0.110
1335.114	78.516	-1.948	-0.126
1335.314	80.501	-1.936	-0.124
1335.514	82.503	-1.934	-0.129
1335.715	84.700	-1.923	-0.075
1335.914	86.623	-1.940	-0.072
1336.114	88.739	-1.899	-0.074
1336.314	90.700	-1.912	-0.069
1336.515	92.677	-1.888	-0.080
1336.714	94.772	-1.905	-0.076
1336.914	96.809	-1.871	-0.081
1337.114	98.867	-1.883	-0.076
1337.314	100.926	-1.883	-0.095
1337.514	102.959	-1.870	-0.071
1337.714	105.016	-1.877	-0.104
1337.914	107.048	-1.863	-0.095
1338.114	109.047	-1.843	-0.098
1338.314	111.079	-1.836	-0.072
1338.514	113.095	-1.832	-0.091
1338.715	115.095	-1.824	-0.080
1338.914	117.133	-1.818	-0.087
1339.114	119.168	-1.808	-0.073
1339.314	121.180	-1.796	-0.073
1339.514	123.224	-1.789	-0.077
1339.714	125.415	-1.775	-0.068
1339.914	127.381	-1.758	-0.066
1340.114	129.337	-1.762	-0.077
1340.314	131.455	-1.729	-0.058
1340.514	133.519	-1.732	-0.068
1340.714	135.503	-1.708	-0.064
1340.914	137.449	-1.702	-0.083
1341.114	139.502	-1.691	-0.088
1341.314	141.618	-1.678	-0.072
1341.514	143.563	-1.675	-0.098
1341.714	145.692	-1.653	-0.084
1341.914	147.645	-1.635	-0.096
1342.114	149.747	-1.631	-0.097
1342.314	151.754	-1.620	-0.104
1342.514	153.719	-1.609	-0.121
1342.715	155.763	-1.601	-0.119
1342.914	157.841	-1.599	-0.132
1343.114	159.812	-1.591	-0.111
1343.314	161.884	-1.584	-0.124
1343.514	163.895	-1.567	-0.132
1343.714	165.972	-1.552	-0.134
1343.914	168.042	-1.553	-0.142
1344.114	170.040	-1.531	-0.129
1344.314	172.084	-1.547	-0.159
1344.514	174.105	-1.517	-0.149
1344.715	176.093	-1.541	-0.158
1344.914	178.312	-1.499	-0.152
1345.114	180.292	-1.517	-0.157
1345.314	182.279	-1.494	-0.161
1345.515	184.385	-1.487	-0.148
1345.714	186.367	-1.473	-0.145
1345.914	188.317	-1.481	-0.153
1346.114	190.341	-1.464	-0.168
1346.214	191.440	-1.460	-0.159
1346.414	193.497	-1.434	-0.145
1346.614	195.468	-1.444	-0.150
1346.814	197.611	-1.411	-0.146
1347.016	199.621	-1.418	-0.154
1347.214	201.592	-1.394	-0.153
1347.415	203.607	-1.396	-0.146
1347.615	205.628	-1.373	-0.152
1347.815	207.748	-1.359	-0.140
1348.015	209.777	-1.350	-0.141
1348.214	211.778	-1.335	-0.145
1348.415	213.825	-1.320	-0.127
1348.614	215.897	-1.310	-0.149
1348.814	217.910	-1.293	-0.141
1349.015	219.954	-1.288	-0.155
1349.214	221.861	-1.270	-0.145
1349.414	223.898	-1.266	-0.156
1349.515	225.075	-1.252	-0.129
1349.715	227.089	-1.231	-0.157
1349.914	229.078	-1.230	-0.153
1350.114	231.176	-1.218	-0.169
1350.315	233.155	-1.210	-0.155
1350.515	235.119	-1.196	-0.178
1350.714	237.227	-1.176	-0.143
1350.915	239.201	-1.172	-0.179
1351.114	241.386	-1.153	-0.165
1351.315	243.292	-1.136	-0.176
1351.515	245.296	-1.122	-0.169
1351.714	247.482	-1.131	-0.198
1351.915	249.384	-1.124	-0.193
1352.114	251.491	-1.107	-0.182
1352.314	253.456	-1.100	-0.187
1352.414	254.537	-1.074	-0.160
1352.615	256.473	-1.087	-0.198
1352.814	258.540	-1.078	-0.192
1353.015	260.655	-1.087	-0.204
1353.215	262.654	-1.055	-0.201
1353.415	264.677	-1.062	-0.216
1353.614	266.643	-1.042	-0.191
1353.815	268.852	-1.047	-0.215
1354.015	270.786	-1.019	-0.198
1354.215	272.726	-1.046	-0.237
1354.415	274.773	-0.999	-0.190
1354.615	276.858	-1.026	-0.218
1354.815	278.881	-0.989	-0.196
1355.014	280.922	-0.993	-0.214
1355.215	282.932	-0.971	-0.195
1355.414	285.053	-0.971	-0.206
1355.614	287.052	-0.948	-0.211
1355.814	289.029	-0.957	-0.200
1356.014	291.142	-0.918	-0.185
1356.214	293.145	-0.938	-0.215
1356.414	295.107	-0.918	-0.191
1356.614	297.194	-0.913	-0.194
1356.814	299.310	-0.894	-0.191
1357.014	301.347	-0.910	-0.208
1357.215	303.376	-0.861	-0.177
1357.415	305.381	-0.869	-0.184
1357.615	307.427	-0.853	-0.189
1357.815	309.447	-0.843	-0.190
1358.014	311.432	-0.823	-0.194
1358.215	313.465	-0.821	-0.184
1358.414	315.657	-0.826	-0.207
1358.614	317.620	-0.801	-0.189
1358.815	319.546	-0.810	-0.193
1359.015	321.665	-0.781	-0.205
1359.214	323.676	-0.781	-0.191
1359.414	325.634	-0.765	-0.193
1359.514	326.771	-0.784	-0.206
1359.714	328.779	-0.743	-0.200
1359.915	330.750	-0.768	-0.211
1360.114	332.754	-0.739	-0.203
1360.315	334.779	-0.748	-0.205
1360.414	335.906	-0.726	-0.228
1360.615	337.992	-0.727	-0.225
1360.814	339.997	-0.729	-0.220
1361.014	341.968	-0.708	-0.218
1361.215	344.076	-0.712	-0.220
1361.415	346.093	-0.703	-0.233
1361.614	348.185	-0.712	-0.215
1361.814	350.039	-0.694	-0.234
1362.014	352.192	-0.700	-0.233
1362.214	354.234	-0.697	-0.245
1362.414	356.164	-0.691	-0.220
1362.614	358.308	-0.671	-0.240
1362.814	360.334	-0.685	-0.228
1363.014	362.334	-0.677	-0.255
1363.214	364.322	-0.670	-0.227
1363.414	366.332	-0.649	-0.248
1363.614	368.368	-0.667	-0.238
1363.714	369.476	-0.683	-0.264
1363.914	371.573	-0.662	-0.244
1364.114	373.556	-0.638	-0.230
1364.314	375.508	-0.648	-0.241
1364.514	377.562	-0.646	-0.243
1364.714	379.532	-0.637	-0.242
1364.914	381.689	-0.622	-0.244
1365.114	383.658	-0.620	-0.243
1365.314	385.804	-0.613	-0.225
1365.514	387.804	-0.602	-0.233
1365.714	389.706	-0.576	-0.209
1365.914	390.986	-0.571	-0.235
1366.115	391.506	-0.554	-0.224
1627.014	0.000	-4.783	0.495
1627.215	0.001	-4.800	0.500
1627.415	0.536	-4.809	0.497
1627.615	1.713	-4.789	0.525
1627.715	2.732	-4.784	0.529
1627.914	4.715	-4.802	0.494
1628.115	6.723	-4.780	0.526
1628.215	7.831	-4.818	0.500
1628.415	9.897	-4.777	0.522
1628.615	11.901	-4.783	0.511
1628.815	13.883	-4.762	0.530
1629.015	15.927	-4.789	0.516
1629.215	17.932	-4.762	0.536
1629.315	19.080	-4.782	0.562
1629.514	20.959	-4.789	0.516
1629.615	22.068	-4.767	0.538
1629.815	24.166	-4.797	0.522
1630.015	26.168	-4.774	0.538
1630.215	28.130	-4.779	0.536
1630.415	30.230	-4.771	0.534
1630.615	32.212	-4.782	0.518
1630.815	34.174	-4.774	0.527
1631.015	36.272	-4.205	0.423
1631.215	38.252	-2.304	0.099
1631.315	39.394	-2.312	0.066
1631.515	41.399	-2.306	0.044
1631.715	43.381	-2.278	0.064
1631.915	45.392	-2.292	0.038
1632.115	47.547	-2.259	0.044
1632.315	49.470	-2.257	0.013
1632.515	51.521	-2.213	0.025
1632.714	53.618	-2.202	-0.004
1632.915	55.642	-2.147	-0.005
1633.114	57.600	-2.136	-0.004
1633.215	58.730	-2.094	-0.022
1633.415	60.734	-2.094	-0.033
1633.615	62.698	-2.070	-0.042
1633.815	64.855	-2.054	-0.050
1634.015	66.836	-2.031	-0.053
1634.214	68.769	-2.036	-0.075
1634.415	70.839	-2.009	-0.061
1634.615	72.829	-2.004	-0.066
1634.715	73.970	-2.008	-0.104
1634.914	76.002	-1.983	-0.096
1635.115	77.995	-1.976	-0.094
1635.315	80.021	-1.947	-0.109
1635.515	82.062	-1.956	-0.102
1635.715	84.146	-1.940	-0.076
1635.914	86.188	-1.931	-0.031
1636.115	88.193	-1.925	-0.040
1636.315	90.172	-1.909	-0.041
1636.515	92.314	-1.917	-0.053
1636.714	94.291	-1.907	-0.047
1636.914	96.239	-1.905	-0.056
1637.115	98.324	-1.907	-0.062
1637.315	100.323	-1.875	-0.043
1637.415	101.466	-1.880	-0.067
1637.615	103.352	-1.874	-0.067
1637.715	104.459	-1.848	-0.057
1637.915	106.471	-1.868	-0.082
1638.115	108.508	-1.840	-0.074
1638.315	110.518	-1.843	-0.084
1638.515	112.543	-1.836	-0.091
1638.715	114.555	-1.839	-0.092
1638.815	115.663	-1.778	-0.064
1639.014	117.605	-1.810	-0.098
1639.114	118.696	-1.812	-0.110
1639.315	120.678	-1.775	-0.081
1639.515	122.813	-1.782	-0.081
1639.715	124.791	-1.759	-0.080
1639.914	126.862	-1.774	-0.104
1640.115	128.848	-1.744	-0.074
1640.315	130.822	-1.753	-0.101
1640.515	132.902	-1.719	-0.091
1640.715	134.882	-1.734	-0.109
1640.815	136.032	-1.686	-0.083
1641.015	138.056	-1.708	-0.089
1641.215	140.062	-1.690	-0.106
1641.415	142.045	-1.699	-0.112
1641.615	144.091	-1.666	-0.101
1641.815	146.095	-1.653	-0.112
1642.015	148.127	-1.639	-0.101
1642.215	150.215	-1.645	-0.118
1642.415	152.187	-1.627	-0.097
1642.615	154.330	-1.616	-0.110
1642.815	156.366	-1.589	-0.106
1643.015	158.359	-1.603	-0.112
1643.215	160.476	-1.567	-0.089
1643.415	162.464	-1.570	-0.112
1643.615	164.417	-1.568	-0.115
1643.815	166.489	-1.558	-0.118
1644.015	168.505	-1.538	-0.102
1644.215	170.671	-1.537	-0.110
1644.415	172.571	-1.530	-0.109
1644.615	174.554	-1.513	-0.113
1644.714	175.719	-1.518	-0.111
1644.915	177.749	-1.509	-0.126
1645.115	179.735	-1.510	-0.115
1645.314	181.693	-1.478	-0.122
1645.414	182.801	-1.495	-0.153
1645.615	184.757	-1.482	-0.131
1645.815	186.833	-1.480	-0.147
1646.015	188.815	-1.466	-0.123
1646.115	189.967	-1.443	-0.125
1646.315	191.990	-1.454	-0.135
1646.515	193.990	-1.445	-0.158
1646.715	196.006	-1.431	-0.149
1646.915	198.037	-1.428	-0.166
1647.115	200.025	-1.411	-0.150
1647.215	201.180	-1.382	-0.115
1647.415	203.178	-1.407	-0.181
1647.615	205.174	-1.367	-0.139
1647.815	207.286	-1.372	-0.183
1648.015	209.291	-1.350	-0.160
1648.215	211.291	-1.351	-0.184
1648.414	213.343	-1.321	-0.146
1648.615	215.365	-1.326	-0.182
1648.815	217.432	-1.310	-0.174
1649.015	219.362	-1.290	-0.180
1649.215	221.405	-1.266	-0.164
1649.415	223.390	-1.267	-0.195
1649.615	225.506	-1.245	-0.172
1649.815	227.508	-1.252	-0.197
1650.015	229.481	-1.228	-0.168
1650.215	231.573	-1.246	-0.207
1650.415	233.582	-1.194	-0.161
1650.615	235.774	-1.196	-0.194
1650.815	237.671	-1.157	-0.168
1651.015	239.676	-1.177	-0.186
1651.115	240.816	-1.166	-0.198
1651.315	242.819	-1.133	-0.164
1651.514	244.772	-1.162	-0.165
1651.714	246.784	-1.126	-0.152
1651.815	247.895	-1.132	-0.170
1652.015	249.889	-1.112	-0.164
1652.215	251.916	-1.107	-0.164
1652.415	253.898	-1.100	-0.163
1652.615	256.104	-1.093	-0.167
1652.815	258.067	-1.076	-0.156
1653.015	260.010	-1.083	-0.174
1653.214	262.075	-1.056	-0.154
1653.415	264.191	-1.060	-0.161
1653.615	266.193	-1.035	-0.167
1653.815	268.209	-1.047	-0.194
1654.015	270.205	-1.025	-0.174
1654.215	272.230	-1.036	-0.182
1654.415	274.281	-1.023	-0.183
1654.615	276.368	-1.010	-0.180
1654.814	278.402	-0.993	-0.210
1655.015	280.418	-0.979	-0.192
1655.215	282.402	-0.975	-0.194
1655.415	284.547	-0.978	-0.202
1655.615	286.553	-0.969	-0.197
1655.815	288.516	-0.951	-0.208
1656.015	290.615	-0.946	-0.214
1656.215	292.600	-0.938	-0.220
1656.415	294.780	-0.918	-0.223
1656.615	296.684	-0.911	-0.213
1656.815	298.669	-0.890	-0.224
1656.915	299.828	-0.834	-0.191
1657.115	301.712	-0.890	-0.235
1657.215	302.818	-0.873	-0.219
1657.415	304.832	-0.843	-0.211
1657.615	306.824	-0.853	-0.223
1657.814	308.854	-0.831	-0.224
1658.015	310.875	-0.814	-0.202
1658.115	311.983	-0.823	-0.202
1658.315	313.986	-0.819	-0.214
1658.515	315.992	-0.799	-0.212
1658.715	318.096	-0.797	-0.204
1658.915	320.171	-0.773	-0.202
1659.115	322.158	-0.789	-0.213
1659.315	324.108	-0.772	-0.198
1659.514	326.165	-0.772	-0.198
1659.715	328.270	-0.761	-0.194
1659.915	330.273	-0.765	-0.200
1660.115	332.319	-0.750	-0.180
1660.315	334.317	-0.755	-0.198
1660.515	336.331	-0.753	-0.196
1660.715	338.389	-0.740	-0.188
1660.914	340.488	-0.750	-0.191
1661.115	342.500	-0.735	-0.200
1661.315	344.535	-0.742	-0.198
1661.515	346.517	-0.729	-0.212
1661.715	348.644	-0.720	-0.187
1661.915	350.656	-0.725	-0.226
1662.114	352.607	-0.726	-0.209
1662.315	354.668	-0.715	-0.223
1662.515	356.670	-0.705	-0.212
1662.615	357.819	-0.703	-0.249
1662.815	359.723	-0.714	-0.239
1663.015	361.848	-0.680	-0.235
1663.215	363.870	-0.690	-0.227
1663.415	365.895	-0.668	-0.238
1663.615	367.900	-0.675	-0.237
1663.815	369.928	-0.654	-0.249
1664.015	371.916	-0.654	-0.233
1664.214	374.103	-0.636	-0.246
1664.415	376.094	-0.637	-0.241
1664.614	378.070	-0.636	-0.239
1664.815	380.054	-0.613	-0.253
1665.015	382.080	-0.603	-0.238
1665.215	384.205	-0.602	-0.249
1665.415	386.276	-0.580	-0.231
1665.615	388.197	-0.570	-0.241
1665.715	389.314	-0.547	-0.221
1665.915	390.777	-0.548	-0.252
1666.115	391.460	-0.516	-0.208
1666.315	391.507	-0.515	-0.221
1940.515	0.000	-4.789	0.549
1940.715	0.168	-4.793	0.565
1940.915	1.088	-4.801	0.552
1941.015	1.924	-4.764	0.593
1941.215	3.975	-4.794	0.573
1941.415	5.952	-4.819	0.536
1941.615	7.909	-4.797	0.560
1941.815	10.008	-4.811	0.519
1942.015	12.000	-4.799	0.537
1942.215	14.034	-4.816	0.524
1942.415	16.083	-4.804	0.547
1942.615	18.082	-4.801	0.527
1942.815	20.114	-4.799	0.534
1943.015	22.284	-4.792	0.530
1943.215	24.240	-4.779	0.554
1943.415	26.293	-4.771	0.543
1943.615	28.260	-4.776	0.554
1943.715	29.408	-4.806	0.514
1943.915	31.401	-4.778	0.559
1944.115	33.382	-4.793	0.546
1944.315	35.406	-4.777	0.529
1944.515	37.431	-2.887	0.237
1944.715	39.547	-2.317	0.068
1944.915	41.476	-2.291	0.052
1945.015	42.562	-2.317	0.024
1945.215	44.663	-2.278	0.022
1945.415	46.648	-2.271	0.028
1945.615	48.572	-2.240	0.019
1945.815	50.635	-2.242	0.000
1946.015	52.742	-2.198	0.001
1946.215	54.723	-2.174	-0.002
1946.415	56.725	-2.158	-0.023
1946.514	57.836	-2.155	-0.053
1946.715	59.908	-2.106	-0.032
1946.915	61.878	-2.075	-0.039
1947.115	63.964	-2.066	-0.054
1947.315	65.869	-2.041	-0.051
1947.415	66.991	-2.055	-0.059
1947.615	69.021	-2.011	-0.045
1947.815	71.084	-2.019	-0.055
1948.015	73.005	-2.006	-0.053
1948.215	75.215	-2.003	-0.070
1948.415	77.060	-1.983	-0.078
1948.515	78.190	-1.983	-0.098
1948.715	80.330	-1.972	-0.084
1948.915	82.179	-1.954	-0.092
1949.115	84.183	-1.945	-0.028
1949.315	86.220	-1.945	-0.012
1949.515	88.264	-1.941	-0.020
1949.715	90.411	-1.924	-0.032
1949.915	92.494	-1.923	-0.043
1950.115	94.492	-1.915	-0.050
1950.315	96.474	-1.902	-0.059
1950.515	98.564	-1.882	-0.046
1950.715	100.544	-1.870	-0.051
1950.915	102.506	-1.844	-0.060
1951.115	104.575	-1.826	-0.041
1951.315	106.573	-1.804	-0.050
1951.515	108.773	-1.821	-0.030
1951.715	110.755	-1.814	-0.058
1951.915	112.718	-1.804	-0.043
1952.115	114.798	-1.816	-0.039
1952.315	116.787	-1.801	-0.050
1952.515	118.901	-1.803	-0.062
1952.715	120.934	-1.801	-0.080
1952.915	122.920	-1.784	-0.055
1953.115	124.947	-1.793	-0.092
1953.315	126.975	-1.764	-0.073
1953.515	128.992	-1.761	-0.099
1953.715	131.039	-1.734	-0.090
1953.915	133.114	-1.731	-0.113
1954.115	135.127	-1.704	-0.092
1954.314	137.121	-1.704	-0.111
1954.515	139.279	-1.689	-0.080
1954.715	141.276	-1.682	-0.101
1954.915	143.193	-1.662	-0.071
1955.115	145.301	-1.672	-0.077
1955.315	147.317	-1.651	-0.072
1955.515	149.356	-1.666	-0.101
1955.715	151.392	-1.634	-0.074
1955.915	153.386	-1.660	-0.113
1956.115	155.410	-1.640	-0.098
1956.315	157.457	-1.648	-0.133
1956.515	159.462	-1.602	-0.120
1956.715	161.488	-1.611	-0.143
1956.914	163.523	-1.578	-0.140
1957.015	164.632	-1.604	-0.158
1957.215	166.703	-1.544	-0.135
1957.415	168.716	-1.541	-0.130
1957.615	170.689	-1.531	-0.115
1957.815	172.801	-1.537	-0.126
1958.015	174.781	-1.508	-0.122
1958.215	176.833	-1.498	-0.119
1958.415	178.817	-1.499	-0.121
1958.515	179.964	-1.454	-0.075
1958.715	181.848	-1.502	-0.131
1958.915	183.972	-1.470	-0.118
1959.115	185.957	-1.503	-0.147
1959.315	188.087	-1.465	-0.135
1959.515	190.034	-1.475	-0.152
1959.715	192.130	-1.439	-0.146
1959.915	194.146	-1.445	-0.161
1960.115	196.137	-1.430	-0.170
1960.315	198.239	-1.392	-0.167
1960.515	200.280	-1.369	-0.151
1960.715	202.270	-1.373	-0.156
1960.915	204.213	-1.347	-0.134
1961.115	206.374	-1.348	-0.152
1961.315	208.427	-1.312	-0.120
1961.515	210.346	-1.340	-0.149
1961.715	212.479	-1.316	-0.134
1961.915	214.515	-1.318	-0.150
1962.115	216.529	-1.308	-0.140
1962.315	218.532	-1.322	-0.156
1962.515	220.556	-1.303	-0.156
1962.715	222.598	-1.292	-0.169
1962.915	224.604	-1.285	-0.187
1963.115	226.635	-1.258	-0.192
1963.315	228.667	-1.245	-0.167
1963.515	230.792	-1.230	-0.194
1963.715	232.718	-1.213	-0.174
1963.915	234.834	-1.179	-0.171
1964.115	236.814	-1.176	-0.162
1964.315	238.819	-1.173	-0.173
1964.515	240.921	-1.161	-0.158
1964.715	242.932	-1.162	-0.158
1964.915	244.907	-1.158	-0.163
1965.015	246.044	-1.108	-0.141
1965.215	248.047	-1.162	-0.168
1965.415	249.991	-1.132	-0.168
1965.615	252.189	-1.145	-0.173
1965.815	254.196	-1.118	-0.188
1966.015	256.156	-1.121	-0.174
1966.215	258.263	-1.104	-0.195
1966.415	260.248	-1.095	-0.204
1966.615	262.227	-1.056	-0.206
1966.815	264.260	-1.051	-0.203
1967.015	266.267	-1.023	-0.185
1967.215	268.308	-1.014	-0.188
1967.415	270.374	-1.001	-0.185
1967.615	272.390	-1.006	-0.182
1967.815	274.433	-0.982	-0.168
1968.015	276.451	-1.005	-0.188
1968.115	277.559	-0.991	-0.162
1968.315	279.644	-0.964	-0.171
1968.515	281.628	-0.991	-0.188
1968.715	283.577	-0.963	-0.197
1968.915	285.657	-0.988	-0.208
1969.115	287.643	-0.959	-0.212
1969.215	288.792	-0.945	-0.195
1969.415	290.691	-0.930	-0.215
1969.515	291.802	-0.952	-0.252
1969.715	293.798	-0.928	-0.223
1969.915	295.818	-0.878	-0.214
1970.015	296.941	-0.872	-0.205
1970.215	298.861	-0.873	-0.198
1970.415	300.974	-0.869	-0.216
1970.615	303.051	-0.869	-0.201
1970.815	305.014	-0.850	-0.185
1971.015	307.139	-0.851	-0.189
1971.215	309.000	-0.841	-0.192
1971.315	310.112	-0.862	-0.201
1971.514	312.113	-0.830	-0.189
1971.715	314.143	-0.864	-0.194
1971.915	316.244	-0.836	-0.212
1972.115	318.349	-0.848	-0.209
1972.315	320.345	-0.820	-0.212
1972.515	322.336	-0.819	-0.230
1972.715	324.438	-0.809	-0.232
1972.915	326.300	-0.774	-0.232
1973.114	328.510	-0.771	-0.214
1973.315	330.448	-0.769	-0.219
1973.515	332.458	-0.749	-0.223
1973.715	334.438	-0.748	-0.209
1973.915	336.568	-0.725	-0.193
1974.115	338.577	-0.753	-0.201
1974.315	340.540	-0.739	-0.191
1974.515	342.649	-0.738	-0.192
1974.715	344.634	-0.733	-0.200
1974.915	346.813	-0.740	-0.217
1975.115	348.702	-0.743	-0.222
1975.315	350.702	-0.715	-0.229
1975.415	351.852	-0.734	-0.226
1975.615	353.756	-0.714	-0.252
1975.715	354.869	-0.670	-0.219
1975.915	356.890	-0.689	-0.232
1976.115	358.878	-0.693	-0.262
1976.314	360.885	-0.678	-0.215
1976.515	362.942	-0.665	-0.238
1976.715	364.943	-0.644	-0.205
1976.815	366.092	-0.619	-0.189
1977.015	368.126	-0.645	-0.211
1977.215	370.102	-0.631	-0.206
1977.415	372.196	-0.653	-0.211
1977.615	374.181	-0.631	-0.195
1977.815	376.151	-0.658	-0.216
1978.015	378.173	-0.645	-0.230
1978.215	380.292	-0.634	-0.217
1978.415	382.318	-0.632	-0.223
1978.615	384.384	-0.623	-0.234
1978.815	386.395	-0.600	-0.249
1979.015	388.445	-0.577	-0.243
1979.215	390.239	-0.555	-0.242
1979.414	391.256	-0.530	-0.234
1979.615	391.507	-0.526	-0.221
2240.515	0.000	-4.794	0.531
2240.715	0.073	-4.809	0.508
2240.915	0.880	-4.798	0.538
2241.115	2.557	-4.784	0.521
2241.315	4.553	-4.834	0.523
2241.515	6.534	-4.816	0.519
2241.715	8.668	-4.830	0.509
2241.915	10.646	-4.817	0.499
2242.115	12.597	-4.820	0.502
2242.315	14.694	-4.784	0.517
2242.515	16.680	-4.808	0.510
2242.715	18.641	-4.788	0.528
2242.915	20.732	-4.805	0.538
2243.115	22.720	-4.785	0.553
2243.215	23.860	-4.826	0.574
2243.415	25.888	-4.804	0.549
2243.615	27.870	-4.814	0.543
2243.816	30.018	-4.805	0.543
2244.015	31.862	-4.823	0.508
2244.115	32.988	-4.825	0.499
2244.315	34.970	-4.798	0.480
2244.515	36.956	-3.419	0.300
2244.715	39.170	-2.296	0.116
2244.915	41.150	-2.309	0.061
2245.115	43.087	-2.279	0.067
2245.315	45.159	-2.276	0.024
2245.515	47.124	-2.223	0.042
2245.615	48.261	-2.243	0.028
2245.815	50.276	-2.213	0.024
2246.015	52.263	-2.176	0.029
2246.215	54.308	-2.188	0.013
2246.415	56.362	-2.153	-0.019
2246.615	58.363	-2.126	-0.016
2246.815	60.401	-2.084	-0.046
2247.015	62.491	-2.087	-0.058
2247.215	64.486	-2.050	-0.070
2247.415	66.627	-2.016	-0.054
2247.615	68.499	-2.015	-0.079
2247.815	70.510	-2.009	-0.072
2248.015	72.570	-1.994	-0.071
2248.215	74.619	-1.971	-0.067
2248.415	76.622	-1.977	-0.087
2248.615	78.668	-1.978	-0.086
2248.815	80.693	-1.953	-0.097
2249.015	82.812	-1.947	-0.110
2249.215	84.908	-1.943	-0.047
2249.415	86.895	-1.940	-0.048
2249.615	88.872	-1.920	-0.053
2249.815	90.970	-1.897	-0.046
2250.015	92.951	-1.897	-0.065
2250.215	95.035	-1.880	-0.038
2250.415	97.126	-1.876	-0.038
2250.615	99.081	-1.863	-0.038
2250.815	101.163	-1.857	-0.026
2251.015	103.165	-1.858	-0.043
2251.215	105.117	-1.836	-0.021
2251.415	107.190	-1.856	-0.059
2251.615	109.158	-1.839	-0.053
2251.715	110.293	-1.865	-0.086
2251.915	112.297	-1.815	-0.067
2252.115	114.271	-1.819	-0.083
2252.315	116.498	-1.788	-0.071
2252.515	118.339	-1.787	-0.087
2252.715	120.485	-1.756	-0.062
2252.915	122.603	-1.756	-0.070
2253.115	124.436	-1.750	-0.057
2253.315	126.509	-1.773	-0.076
2253.515	128.544	-1.748	-0.058
2253.715	130.574	-1.761	-0.080
2253.915	132.563	-1.739	-0.078
2254.115	134.709	-1.744	-0.106
2254.315	136.700	-1.704	-0.095
2254.515	138.677	-1.701	-0.116
2254.715	140.744	-1.684	-0.114
2254.915	142.737	-1.661	-0.093
2255.015	143.896	-1.650	-0.109
2255.215	145.798	-1.653	-0.089
2255.315	146.905	-1.640	-0.084
2255.515	148.949	-1.647	-0.088
2255.715	150.968	-1.645	-0.094
2255.915	152.960	-1.644	-0.098
2256.115	154.991	-1.663	-0.130
2256.315	156.995	-1.638	-0.130
2256.515	159.181	-1.621	-0.134
2256.715	161.042	-1.595	-0.129
2256.915	163.166	-1.575	-0.134
2257.115	165.171	-1.552	-0.138
2257.315	167.178	-1.539	-0.111
2257.515	169.280	-1.545	-0.132
2257.715	171.347	-1.531	-0.116
2257.915	173.319	-1.529	-0.111
2258.115	175.471	-1.518	-0.117
2258.315	177.352	-1.526	-0.126
2258.515	179.474	-1.521	-0.139
2258.715	181.501	-1.516	-0.144
2258.915	183.423	-1.491	-0.145
2259.115	185.567	-1.482	-0.165
2259.315	187.592	-1.450	-0.152
2259.515	189.647	-1.440	-0.142
2259.715	191.650	-1.412	-0.130
2259.915	193.796	-1.426	-0.149
2260.115	195.647	-1.386	-0.112
2260.315	197.778	-1.421	-0.134
2260.515	199.901	-1.401	-0.129
2260.715	201.861	-1.420	-0.154
2260.915	203.833	-1.370	-0.149
2261.115	205.917	-1.389	-0.172
2261.315	207.896	-1.348	-0.177
2261.515	210.025	-1.350	-0.173
2261.715	211.909	-1.303	-0.161
2261.815	213.015	-1.302	-0.160
2262.015	215.040	-1.297	-0.146
2262.215	217.053	-1.286	-0.148
2262.415	219.047	-1.273	-0.132
2262.615	221.247	-1.303	-0.158
2262.815	223.097	-1.279	-0.158
2262.915	224.209	-1.253	-0.143
2263.115	226.189	-1.279	-0.180
2263.315	228.290	-1.249	-0.164
2263.515	230.367	-1.260	-0.191
2263.715	232.341	-1.217	-0.192
2263.915	234.420	-1.216	-0.186
2264.115	236.428	-1.179	-0.181
2264.315	238.389	-1.184	-0.171
2264.515	240.390	-1.154	-0.156
2264.715	242.583	-1.160	-0.157
2264.915	244.544	-1.151	-0.151
2265.115	246.551	-1.163	-0.174
2265.315	248.547	-1.143	-0.169
2265.415	249.647	-1.159	-0.209
2265.615	251.701	-1.143	-0.193
2265.815	253.623	-1.116	-0.198
2266.015	255.829	-1.112	-0.199
2266.215	257.827	-1.062	-0.183
2266.415	259.815	-1.086	-0.193
2266.615	261.952	-1.038	-0.173
2266.815	263.812	-1.059	-0.178
2267.015	265.951	-1.028	-0.161
2267.215	268.047	-1.056	-0.169
2267.415	270.038	-1.033	-0.175
2267.615	272.012	-1.046	-0.185
2267.815	274.093	-1.023	-0.215
2268.015	276.073	-1.021	-0.208
2268.215	278.046	-0.979	-0.214
2268.415	280.118	-0.973	-0.205
2268.615	282.105	-0.951	-0.199
2268.715	283.254	-0.937	-0.199
2268.915	285.141	-0.949	-0.196
2269.015	286.302	-0.912	-0.137
2269.215	288.319	-0.957	-0.192
2269.415	290.284	-0.929	-0.175
2269.615	292.269	-0.947	-0.197
2269.815	294.342	-0.905	-0.200
2270.015	296.346	-0.915	-0.193
2270.115	297.444	-0.938	-0.228
2270.315	299.471	-0.898	-0.229
2270.515	301.449	-0.896	-0.209
2270.715	303.649	-0.853	-0.219
2270.915	305.643	-0.866	-0.211
2271.115	307.619	-0.839	-0.210
2271.315	309.744	-0.844	-0.189
2271.515	311.759	-0.838	-0.195
2271.715	313.754	-0.849	-0.194
2271.915	315.874	-0.841	-0.193
2272.115	317.728	-0.857	-0.210
2272.315	319.741	-0.817	-0.218
2272.515	321.881	-0.826	-0.234
2272.716	323.908	-0.784	-0.222
2272.916	325.931	-0.801	-0.224
2273.116	328.074	-0.756	-0.212
2273.315	330.071	-0.772	-0.203
2273.515	331.948	-0.740	-0.191
2273.715	333.997	-0.768	-0.177
2273.915	336.042	-0.769	-0.199
2274.115	338.044	-0.784	-0.204
2274.315	340.085	-0.762	-0.220
2274.515	342.116	-0.762	-0.228
2274.715	344.257	-0.740	-0.240
2274.915	346.342	-0.739	-0.240
2275.115	348.340	-0.705	-0.227
2275.315	350.463	-0.692	-0.225
2275.516	352.393	-0.691	-0.206
2275.716	354.415	-0.708	-0.210
2275.916	356.428	-0.672	-0.192
2276.116	358.459	-0.692	-0.201
2276.316	360.467	-0.695	-0.210
2276.516	362.491	-0.695	-0.214
2276.715	364.533	-0.681	-0.222
2276.915	366.650	-0.676	-0.250
2277.115	368.738	-0.665	-0.253
2277.315	370.744	-0.639	-0.242
2277.515	372.731	-0.625	-0.230
2277.715	374.854	-0.630	-0.232
2277.915	376.719	-0.619	-0.200
2278.115	378.733	-0.625	-0.211
2278.315	380.785	-0.612	-0.183
2278.515	382.851	-0.618	-0.226
2278.715	384.862	-0.623	-0.221
2278.915	386.986	-0.621	-0.235
2279.115	389.028	-0.586	-0.225
2279.315	390.593	-0.561	-0.256
2279.515	391.416	-0.553	-0.238
2279.715	391.507	-0.521	-0.221
2540.515	0.000	-4.805	0.498
2540.715	0.001	-4.814	0.527
2540.915	0.536	-4.821	0.498
2541.115	1.857	-4.810	0.501
2541.315	3.840	-4.818	0.500
2541.515	5.808	-4.812	0.488
2541.715	8.006	-4.797	0.494
2541.915	9.989	-4.790	0.503
2542.115	11.935	-4.781	0.542
2542.315	14.015	-4.794	0.515
2542.515	16.005	-4.793	0.525
2542.615	17.147	-4.853	0.478
2542.815	19.010	-4.822	0.513
2542.915	20.120	-4.785	0.507
2543.116	22.123	-4.820	0.472
2543.315	24.111	-4.801	0.492
2543.515	26.257	-4.810	0.500
2543.715	28.245	-4.774	0.538
2543.915	30.201	-4.792	0.507
2544.115	32.417	-4.791	0.522
2544.315	34.375	-4.814	0.508
2544.515	36.327	-4.189	0.423
2544.716	38.383	-2.317	0.086
2544.915	40.493	-2.300	0.063
2545.115	42.479	-2.294	0.000
2545.315	44.472	-2.241	0.022
2545.516	46.586	-2.239	-0.015
2545.715	48.684	-2.199	0.003
2545.915	50.696	-2.195	-0.006
2546.115	52.662	-2.168	0.001
2546.315	54.779	-2.169	-0.026
2546.515	56.823	-2.137	-0.022
2546.716	58.805	-2.125	-0.033
2546.917	60.848	-2.094	-0.052
2547.117	62.872	-2.071	-0.067
2547.316	64.906	-2.038	-0.060
2547.517	66.842	-2.041	-0.079
2547.717	68.980	-2.001	-0.069
2547.915	71.012	-2.011	-0.089
2548.116	73.046	-1.980	-0.063
2548.315	75.031	-2.007	-0.097
2548.515	77.073	-1.968	-0.082
2548.715	79.101	-1.973	-0.110
2548.916	81.103	-1.953	-0.111
2549.115	83.118	-1.950	-0.109
2549.315	85.143	-1.927	-0.039
2549.415	86.262	-1.886	-0.010
2549.615	88.328	-1.908	-0.034
2549.815	90.308	-1.911	-0.043
2550.015	92.283	-1.905	-0.006
2550.215	94.316	-1.890	-0.012
2550.415	96.436	-1.911	-0.022
2550.615	98.497	-1.906	-0.036
2550.815	100.465	-1.894	-0.037
2551.015	102.444	-1.865	-0.048
2551.215	104.469	-1.869	-0.073
2551.415	106.605	-1.807	-0.039
2551.615	108.567	-1.818	-0.046
2551.815	110.585	-1.777	-0.032
2552.016	112.740	-1.826	-0.040
2552.215	114.806	-1.789	-0.044
2552.415	116.766	-1.811	-0.051
2552.615	118.750	-1.779	-0.076
2552.815	120.875	-1.806	-0.099
2553.015	122.860	-1.753	-0.085
2553.215	124.905	-1.755	-0.083
2553.415	126.857	-1.737	-0.089
2553.615	129.003	-1.732	-0.073
2553.815	131.089	-1.712	-0.065
2554.015	132.994	-1.737	-0.075
2554.215	134.977	-1.728	-0.093
2554.315	136.130	-1.724	-0.111
2554.515	138.028	-1.720	-0.105
2554.715	140.176	-1.702	-0.108
2554.915	142.205	-1.697	-0.123
2555.115	144.250	-1.648	-0.107
2555.315	146.258	-1.645	-0.090
2555.516	148.274	-1.627	-0.092
2555.715	150.313	-1.652	-0.081
2555.915	152.290	-1.637	-0.102
2556.115	154.362	-1.644	-0.111
2556.315	156.474	-1.621	-0.132
2556.515	158.493	-1.615	-0.124
2556.715	160.530	-1.604	-0.140
2556.915	162.508	-1.567	-0.127
2557.115	164.473	-1.549	-0.134
2557.315	166.673	-1.556	-0.117
2557.515	168.647	-1.537	-0.103
2557.715	170.684	-1.568	-0.115
2557.915	172.664	-1.545	-0.125
2558.115	174.822	-1.559	-0.136
2558.315	176.726	-1.514	-0.149
2558.515	178.736	-1.503	-0.131
2558.615	179.897	-1.486	-0.169
2558.815	181.818	-1.471	-0.151
2559.015	183.832	-1.457	-0.134
2559.215	185.948	-1.457	-0.123
2559.415	187.941	-1.468	-0.126
2559.615	189.983	-1.464	-0.142
2559.815	192.049	-1.439	-0.120
2560.015	194.006	-1.450	-0.166
2560.215	196.027	-1.425	-0.154
2560.315	197.200	-1.410	-0.184
2560.515	199.086	-1.400	-0.159
2560.715	201.229	-1.360	-0.150
2560.915	203.274	-1.365	-0.137
2561.115	205.296	-1.355	-0.134
2561.315	207.281	-1.363	-0.125
2561.516	209.307	-1.351	-0.145
2561.715	211.331	-1.362	-0.162
2561.915	213.335	-1.331	-0.184
2562.115	215.350	-1.311	-0.160
2562.315	217.559	-1.292	-0.189
2562.515	219.537	-1.283	-0.175
2562.715	221.481	-1.261	-0.166
2562.915	223.609	-1.262	-0.142
2563.115	225.682	-1.255	-0.149
2563.315	227.685	-1.283	-0.167
2563.515	229.655	-1.245	-0.168
2563.715	231.775	-1.244	-0.182
2563.915	233.737	-1.214	-0.186
2564.115	235.686	-1.215	-0.190
2564.315	237.746	-1.169	-0.175
2564.515	239.873	-1.162	-0.154
2564.715	241.857	-1.162	-0.161
2564.915	243.922	-1.153	-0.152
2565.116	245.938	-1.164	-0.166
2565.315	247.977	-1.156	-0.183
2565.515	250.055	-1.157	-0.196
2565.715	252.032	-1.121	-0.197
2565.916	254.168	-1.099	-0.190
2566.115	256.169	-1.089	-0.200
2566.315	258.160	-1.068	-0.161
2566.515	260.278	-1.073	-0.165
2566.715	262.283	-1.062	-0.159
2566.916	264.247	-1.075	-0.182
2567.115	266.331	-1.067	-0.192
2567.315	268.311	-1.041	-0.205
2567.515	270.437	-1.026	-0.209
2567.716	272.300	-1.003	-0.202
2567.815	273.408	-1.017	-0.215
2568.015	275.423	-0.979	-0.191
2568.215	277.438	-0.969	-0.161
2568.416	279.532	-0.973	-0.175
2568.615	281.495	-0.983	-0.168
2568.815	283.590	-0.970	-0.201
2569.015	285.559	-0.964	-0.215
2569.216	287.557	-0.951	-0.210
2569.415	289.681	-0.937	-0.219
2569.615	291.750	-0.899	-0.193
2569.815	293.730	-0.913	-0.208
2570.015	295.810	-0.878	-0.192
2570.215	297.827	-0.908	-0.182
2570.415	299.799	-0.893	-0.193
2570.615	301.980	-0.903	-0.198
2570.815	303.917	-0.894	-0.225
2571.015	305.891	-0.880	-0.217
2571.215	307.991	-0.870	-0.226
2571.415	309.992	-0.845	-0.219
2571.615	312.084	-0.813	-0.189
2571.815	314.061	-0.823	-0.186
2572.015	316.082	-0.827	-0.179
2572.215	318.141	-0.834	-0.203
2572.415	320.203	-0.832	-0.202
2572.615	322.208	-0.821	-0.227
2572.815	324.223	-0.803	-0.223
2573.015	326.238	-0.803	-0.238
2573.215	328.384	-0.780	-0.214
2573.415	330.459	-0.756	-0.200
2573.615	332.463	-0.770	-0.190
2573.816	334.435	-0.777	-0.197
2574.015	336.525	-0.772	-0.197
2574.216	338.514	-0.772	-0.224
2574.416	340.481	-0.755	-0.216
2574.616	342.628	-0.754	-0.234
2574.815	344.649	-0.713	-0.216
2575.015	346.673	-0.712	-0.218
2575.216	348.666	-0.703	-0.195
2575.415	350.640	-0.717	-0.212
2575.616	352.733	-0.700	-0.190
2575.815	354.738	-0.715	-0.219
2575.915	355.887	-0.746	-0.219
2576.116	357.863	-0.701	-0.227
2576.315	359.832	-0.706	-0.241
2576.515	362.001	-0.656	-0.223
2576.716	363.968	-0.654	-0.232
2576.915	365.935	-0.650	-0.220
2577.116	368.001	-0.638	-0.204
2577.315	370.026	-0.651	-0.207
2577.515	372.024	-0.656	-0.221
2577.716	374.143	-0.658	-0.215
2577.915	376.124	-0.645	-0.231
2578.115	378.182	-0.626	-0.237
2578.315	380.257	-0.626	-0.250
2578.515	382.275	-0.600	-0.225
2578.715	384.340	-0.591	-0.222
2578.915	386.247	-0.582	-0.198
2579.115	388.393	-0.593	-0.222
2579.315	390.206	-0.579	-0.214
2579.516	391.249	-0.570	-0.229
2579.716	391.507	-0.561	-0.244
2840.715	0.000	-4.789	0.464
2840.915	0.230	-4.785	0.476
2841.016	0.674	-4.802	0.486
2841.216	2.148	-4.794	0.487
2841.416	4.082	-4.803	0.477
2841.516	5.199	-4.801	0.449
2841.716	7.188	-4.833	0.450
2841.915	9.191	-4.812	0.440
2842.116	11.170	-4.813	0.454
2842.215	12.278	-4.783	0.473
2842.416	14.261	-4.800	0.456
2842.615	16.268	-4.800	0.481
2842.715	17.376	-4.822	0.446
2842.916	19.442	-4.819	0.492
2843.115	21.402	-4.812	0.485
2843.316	23.553	-4.841	0.456
2843.515	25.413	-4.816	0.447
2843.616	26.529	-4.848	0.430
2843.816	28.527	-4.802	0.460
2844.016	30.521	-4.807	0.434
2844.216	32.657	-4.795	0.475
2844.416	34.758	-4.800	0.458
2844.616	36.709	-4.008	0.375
2844.816	38.669	-2.328	0.147
2845.015	40.788	-2.301	0.128
2845.215	42.767	-2.291	0.084
2845.416	44.813	-2.259	0.089
2845.616	46.864	-2.240	0.053
2845.816	48.898	-2.207	0.056
2846.015	50.946	-2.189	0.058
2846.216	52.981	-2.181	0.039
2846.415	54.974	-2.177	0.008
2846.616	56.983	-2.148	0.012
2846.816	59.011	-2.132	-0.029
2847.015	61.136	-2.100	-0.039
2847.216	63.223	-2.072	-0.052
2847.416	65.215	-2.038	-0.044
2847.616	67.192	-2.019	-0.053
2847.816	69.306	-2.022	-0.055
2848.016	71.292	-2.017	-0.087
2848.215	73.378	-1.991	-0.074
2848.416	75.299	-1.990	-0.124
2848.616	77.302	-1.956	-0.088
2848.816	79.345	-1.957	-0.127
2849.015	81.388	-1.927	-0.095
2849.215	83.495	-1.921	-0.108
2849.416	85.587	-1.908	-0.046
2849.615	87.582	-1.897	-0.018
2849.816	89.543	-1.900	-0.029
2850.016	91.605	-1.908	-0.027
2850.216	93.585	-1.908	-0.035
2850.316	94.733	-1.880	-0.044
2850.516	96.674	-1.902	-0.064
2850.716	98.688	-1.880	-0.045
2850.916	100.875	-1.864	-0.061
2851.115	102.795	-1.838	-0.027
2851.316	104.883	-1.844	-0.033
2851.516	106.894	-1.835	-0.026
2851.715	108.890	-1.850	-0.048
2851.915	110.913	-1.818	-0.034
2852.115	112.955	-1.842	-0.075
2852.316	115.007	-1.784	-0.056
2852.516	116.994	-1.789	-0.072
2852.716	119.029	-1.752	-0.055
2852.915	121.060	-1.776	-0.057
2853.115	123.069	-1.748	-0.052
2853.316	125.308	-1.782	-0.058
2853.516	127.131	-1.768	-0.078
2853.616	128.243	-1.769	-0.088
2853.816	130.331	-1.750	-0.104
2854.016	132.346	-1.724	-0.097
2854.216	134.316	-1.697	-0.100
2854.416	136.354	-1.690	-0.098
2854.615	138.327	-1.708	-0.083
2854.716	139.519	-1.657	-0.040
2854.916	141.512	-1.713	-0.099
2855.115	143.455	-1.678	-0.092
2855.316	145.541	-1.703	-0.124
2855.516	147.477	-1.655	-0.125
2855.615	148.629	-1.637	-0.112
2855.816	150.641	-1.652	-0.137
2856.016	152.620	-1.603	-0.117
2856.216	154.622	-1.618	-0.098
2856.415	156.798	-1.594	-0.086
2856.616	158.709	-1.623	-0.104
2856.816	160.825	-1.601	-0.114
2857.016	162.831	-1.599	-0.123
2857.216	164.802	-1.579	-0.146
2857.416	166.923	-1.564	-0.146
2857.616	168.983	-1.529	-0.131
2857.815	170.985	-1.553	-0.127
2858.016	173.004	-1.520	-0.105
2858.216	175.016	-1.551	-0.133
2858.415	177.061	-1.514	-0.113
2858.616	179.112	-1.539	-0.153
2858.816	181.111	-1.489	-0.154
2859.016	183.124	-1.490	-0.155
2859.215	185.154	-1.439	-0.145
2859.416	187.285	-1.450	-0.125
2859.616	189.371	-1.432	-0.122
2859.816	191.367	-1.448	-0.119
2860.016	193.331	-1.437	-0.128
2860.215	195.436	-1.445	-0.155
2860.416	197.436	-1.412	-0.158
2860.616	199.381	-1.412	-0.170
2860.815	201.459	-1.376	-0.155
2861.016	203.543	-1.386	-0.147
2861.215	205.549	-1.340	-0.128
2861.415	207.526	-1.367	-0.143
2861.515	208.653	-1.346	-0.118
2861.715	210.664	-1.344	-0.158
2861.915	212.624	-1.356	-0.168
2862.116	214.809	-1.317	-0.169
2862.316	216.736	-1.316	-0.173
2862.516	218.848	-1.275	-0.175
2862.715	220.833	-1.276	-0.150
2862.916	222.792	-1.258	-0.154
2863.116	224.818	-1.267	-0.145
2863.316	226.965	-1.263	-0.164
2863.516	228.934	-1.266	-0.169
2863.716	230.974	-1.241	-0.184
2863.916	233.039	-1.225	-0.189
2864.116	235.010	-1.193	-0.172
2864.316	237.044	-1.202	-0.172
2864.516	239.068	-1.153	-0.146
2864.715	241.098	-1.188	-0.159
2864.916	243.156	-1.163	-0.162
2865.116	245.154	-1.188	-0.175
2865.316	247.365	-1.151	-0.197
2865.516	249.352	-1.148	-0.193
2865.716	251.329	-1.108	-0.204
2865.916	253.421	-1.089	-0.174
2866.116	255.404	-1.083	-0.154
2866.315	257.377	-1.097	-0.155
2866.516	259.471	-1.090	-0.169
2866.716	261.458	-1.096	-0.179
2866.815	262.604	-1.042	-0.152
2867.016	264.573	-1.082	-0.223
2867.215	266.557	-1.044	-0.188
2867.416	268.603	-1.012	-0.195
2867.616	270.587	-1.013	-0.178
2867.715	271.734	-0.992	-0.165
2867.915	273.722	-1.012	-0.169
2868.115	275.699	-1.007	-0.178
2868.315	277.867	-1.010	-0.182
2868.516	279.830	-1.009	-0.209
2868.715	281.793	-0.994	-0.211
2868.915	283.861	-0.967	-0.215
2869.116	285.825	-0.941	-0.211
2869.215	286.975	-0.910	-0.170
2869.416	288.874	-0.930	-0.201
2869.616	291.022	-0.923	-0.178
2869.816	293.067	-0.929	-0.184
2870.016	295.108	-0.929	-0.194
2870.215	297.024	-0.937	-0.214
2870.415	299.249	-0.894	-0.198
2870.616	301.254	-0.876	-0.215
2870.816	303.241	-0.879	-0.217
2871.015	305.365	-0.848	-0.199
2871.215	307.214	-0.859	-0.176
2871.416	309.353	-0.843	-0.187
2871.616	311.256	-0.879	-0.191
2871.816	313.454	-0.862	-0.214
2872.016	315.400	-0.851	-0.215
2872.216	317.507	-0.833	-0.235
2872.415	319.493	-0.810	-0.212
2872.616	321.471	-0.796	-0.210
2872.816	323.579	-0.796	-0.190
2873.016	325.557	-0.799	-0.198
2873.216	327.690	-0.814	-0.201
2873.415	329.577	-0.809	-0.218
2873.516	330.679	-0.809	-0.222
2873.716	332.736	-0.781	-0.220
2873.915	334.723	-0.764	-0.238
2874.116	336.862	-0.765	-0.216
2874.316	338.742	-0.729	-0.215
2874.516	340.889	-0.746	-0.201
2874.716	342.914	-0.732	-0.200
2874.915	344.896	-0.757	-0.195
2875.116	346.877	-0.753	-0.231
2875.316	349.098	-0.742	-0.215
2875.516	350.928	-0.723	-0.243
2875.716	353.035	-0.705	-0.218
2875.916	355.149	-0.681	-0.219
2876.116	357.163	-0.682	-0.203
2876.316	359.162	-0.682	-0.202
2876.516	361.132	-0.704	-0.198
2876.716	363.156	-0.675	-0.219
2876.815	364.336	-0.731	-0.251
2877.017	366.261	-0.674	-0.227
2877.216	368.281	-0.652	-0.237
2877.415	370.273	-0.635	-0.228
2877.616	372.379	-0.633	-0.224
2877.816	374.366	-0.624	-0.200
2878.016	376.549	-0.627	-0.209
2878.216	378.458	-0.652	-0.202
2878.416	380.457	-0.649	-0.250
2878.516	381.612	-0.653	-0.234
2878.716	383.501	-0.609	-0.234
2878.916	385.637	-0.604	-0.242
2879.116	387.675	-0.573	-0.241
2879.315	389.632	-0.563	-0.198
2879.515	390.936	-0.541	-0.204
2879.716	391.489	-0.551	-0.196
2879.816	391.507	-0.570	-0.238
3140.716	0.001	-4.833	0.443
3140.916	0.334	-4.802	0.485
3141.116	1.559	-4.804	0.476
3141.316	3.357	-4.814	0.511
3141.516	5.421	-4.825	0.485
3141.716	7.514	-4.831	0.481
3141.916	9.475	-4.829	0.471
3142.115	11.474	-4.806	0.475
3142.215	12.586	-4.815	0.447
3142.416	14.542	-4.804	0.471
3142.616	16.646	-4.789	0.494
3142.816	18.704	-4.809	0.483
3143.016	20.727	-4.820	0.493
3143.216	22.710	-4.839	0.472
3143.416	24.720	-4.828	0.482
3143.515	25.812	-4.834	0.440
3143.716	27.872	-4.824	0.468
3143.916	29.795	-4.808	0.468
3144.015	30.921	-4.790	0.503
3144.216	32.925	-4.796	0.490
3144.416	34.992	-4.825	0.464
3144.616	37.038	-3.508	0.318
3144.816	39.042	-2.316	0.107
3145.015	40.989	-2.292	0.091
3145.215	43.080	-2.276	0.073
3145.416	45.100	-2.241	0.034
3145.616	47.136	-2.218	0.030
3145.816	49.170	-2.192	0.023
3146.016	51.163	-2.182	0.018
3146.216	53.200	-2.160	0.028
3146.416	55.212	-2.159	0.007
3146.516	56.331	-2.149	-0.014
3146.716	58.411	-2.137	-0.020
3146.916	60.365	-2.102	-0.023
3147.116	62.509	-2.082	-0.028
3147.316	64.391	-2.057	-0.031
3147.516	66.517	-2.034	-0.028
3147.716	68.545	-2.020	-0.028
3147.916	70.562	-2.015	-0.030
3148.116	72.533	-2.020	-0.059
3148.315	74.582	-1.998	-0.068
3148.516	76.659	-1.968	-0.039
3148.716	78.650	-1.962	-0.081
3148.916	80.666	-1.950	-0.085
3149.116	82.722	-1.933	-0.062
3149.316	84.735	-1.927	-0.005
3149.516	86.870	-1.924	-0.009
3149.716	88.773	-1.920	0.007
3149.916	90.947	-1.915	-0.009
3150.116	92.900	-1.907	-0.032
3150.316	94.962	-1.901	-0.043
3150.516	96.964	-1.884	-0.055
3150.716	99.090	-1.845	-0.031
3150.916	100.994	-1.841	-0.037
3151.115	103.137	-1.841	-0.036
3151.316	105.191	-1.840	-0.030
3151.515	107.093	-1.839	-0.049
3151.716	109.248	-1.826	-0.058
3151.916	111.159	-1.822	-0.074
3152.115	113.226	-1.813	-0.066
3152.316	115.230	-1.776	-0.065
3152.516	117.266	-1.773	-0.061
3152.716	119.286	-1.771	-0.050
3152.816	120.406	-1.769	-0.036
3153.016	122.493	-1.773	-0.046
3153.216	124.481	-1.798	-0.090
3153.416	126.443	-1.760	-0.087
3153.616	128.558	-1.750	-0.099
3153.816	130.564	-1.719	-0.085
3154.016	132.535	-1.709	-0.083
3154.216	134.632	-1.701	-0.074
3154.416	136.592	-1.702	-0.069
3154.516	137.729	-1.680	-0.064
3154.716	139.804	-1.712	-0.114
3154.916	141.724	-1.700	-0.095
3155.116	143.739	-1.678	-0.112
3155.316	145.861	-1.669	-0.119
3155.516	147.867	-1.637	-0.111
3155.716	149.889	-1.641	-0.100
3155.916	151.876	-1.625	-0.090
3156.116	153.889	-1.631	-0.093
3156.316	155.897	-1.624	-0.095
3156.416	157.010	-1.639	-0.125
3156.616	159.087	-1.615	-0.122
3156.816	161.071	-1.610	-0.143
3157.016	163.054	-1.580	-0.129
3157.216	165.115	-1.550	-0.129
3157.416	167.122	-1.555	-0.102
3157.616	169.313	-1.556	-0.106
3157.815	171.231	-1.555	-0.125
3158.016	173.244	-1.559	-0.143
3158.216	175.291	-1.528	-0.135
3158.416	177.365	-1.516	-0.166
3158.616	179.385	-1.481	-0.128
3158.816	181.425	-1.465	-0.130
3159.016	183.470	-1.468	-0.110
3159.216	185.472	-1.483	-0.130
3159.416	187.512	-1.480	-0.137
3159.616	189.544	-1.471	-0.149
3159.816	191.552	-1.467	-0.170
3160.016	193.597	-1.420	-0.173
3160.215	195.630	-1.404	-0.151
3160.416	197.627	-1.394	-0.147
3160.616	199.666	-1.394	-0.130
3160.816	201.846	-1.381	-0.140
3161.015	203.838	-1.383	-0.136
3161.216	205.829	-1.367	-0.165
3161.416	207.808	-1.372	-0.163
3161.616	210.010	-1.322	-0.184
3161.816	212.014	-1.305	-0.149
3162.016	213.966	-1.295	-0.157
3162.216	216.037	-1.309	-0.146
3162.416	218.028	-1.299	-0.152
3162.616	220.166	-1.302	-0.155
3162.815	222.031	-1.288	-0.181
3162.916	223.150	-1.323	-0.204
3163.116	225.114	-1.261	-0.177
3163.316	227.155	-1.231	-0.172
3163.516	229.173	-1.221	-0.161
3163.716	231.194	-1.224	-0.160
3163.916	233.289	-1.218	-0.132
3164.115	235.297	-1.213	-0.173
3164.315	237.418	-1.203	-0.170
3164.516	239.445	-1.203	-0.193
3164.716	241.429	-1.173	-0.174
3164.916	243.569	-1.158	-0.185
3165.116	245.542	-1.132	-0.158
3165.315	247.498	-1.149	-0.171
3165.516	249.582	-1.131	-0.151
3165.716	251.543	-1.145	-0.178
3165.816	252.702	-1.131	-0.163
3166.016	254.583	-1.116	-0.197
3166.116	255.689	-1.126	-0.235
3166.315	257.695	-1.084	-0.180
3166.516	259.718	-1.074	-0.194
3166.716	261.700	-1.065	-0.161
3166.916	263.873	-1.055	-0.174
3167.116	265.861	-1.049	-0.170
3167.315	267.839	-1.060	-0.203
3167.516	269.930	-1.038	-0.192
3167.716	272.056	-1.034	-0.222
3167.916	273.905	-0.993	-0.183
3168.016	275.004	-0.993	-0.186
3168.216	276.989	-0.979	-0.194
3168.416	278.997	-0.961	-0.171
3168.516	280.108	-0.996	-0.203
3168.716	282.170	-0.980	-0.172
3168.916	284.134	-0.984	-0.201
3169.015	285.256	-0.968	-0.196
3169.216	287.199	-0.959	-0.198
3169.416	289.199	-0.934	-0.217
3169.516	290.367	-0.950	-0.208
3169.716	292.372	-0.913	-0.203
3169.916	294.313	-0.899	-0.177
3170.116	296.413	-0.911	-0.197
3170.316	298.476	-0.917	-0.188
3170.515	300.432	-0.908	-0.202
3170.716	302.489	-0.896	-0.213
3170.916	304.487	-0.882	-0.230
3171.116	306.542	-0.864	-0.220
3171.316	308.594	-0.843	-0.191
3171.516	310.583	-0.843	-0.188
3171.716	312.606	-0.842	-0.184
3171.916	314.622	-0.861	-0.196
3172.116	316.768	-0.856	-0.218
3172.316	318.661	-0.844	-0.210
3172.516	320.856	-0.821	-0.230
3172.716	322.821	-0.795	-0.205
3172.915	324.909	-0.788	-0.194
3173.116	326.894	-0.786	-0.178
3173.316	328.836	-0.798	-0.190
3173.516	330.970	-0.815	-0.216
3173.716	332.910	-0.793	-0.225
3173.816	334.073	-0.809	-0.241
3174.018	336.033	-0.764	-0.220
3174.216	338.166	-0.766	-0.230
3174.416	340.037	-0.722	-0.197
3174.616	342.144	-0.739	-0.210
3174.816	344.164	-0.736	-0.195
3175.016	346.173	-0.750	-0.216
3175.216	348.288	-0.743	-0.203
3175.416	350.365	-0.731	-0.240
3175.616	352.366	-0.719	-0.241
3175.816	354.284	-0.700	-0.237
3176.016	356.330	-0.673	-0.188
3176.216	358.425	-0.696	-0.214
3176.416	360.467	-0.692	-0.193
3176.616	362.551	-0.712	-0.216
3176.816	364.518	-0.674	-0.216
3177.016	366.648	-0.681	-0.223
3177.216	368.659	-0.660	-0.233
3177.416	370.632	-0.636	-0.229
3177.616	372.724	-0.627	-0.210
3177.816	374.712	-0.629	-0.214
3178.016	376.675	-0.653	-0.200
3178.216	378.757	-0.643	-0.213
3178.416	380.748	-0.651	-0.230
3178.616	382.938	-0.626	-0.243
3178.816	384.814	-0.610	-0.242
3179.015	386.935	-0.579	-0.227
3179.216	388.970	-0.562	-0.207
3179.416	390.584	-0.572	-0.214
3179.615	391.397	-0.553	-0.196
3179.816	391.507	-0.573	-0.239
3440.816	0.000	-4.807	0.478
3441.016	0.015	-4.780	0.498
3441.216	0.596	-4.819	0.500
3441.416	1.985	-4.790	0.504
3441.616	3.949	-4.822	0.501
3441.816	5.906	-4.823	0.498
3441.916	7.045	-4.793	0.499
3442.116	9.071	-4.818	0.480
3442.316	11.051	-4.804	0.493
3442.516	13.076	-4.796	0.499
3442.716	15.130	-4.789	0.523
3442.916	17.128	-4.803	0.511
3443.116	19.306	-4.792	0.526
3443.316	21.305	-4.838	0.484
3443.516	23.213	-4.784	0.501
3443.716	25.246	-4.826	0.479
3443.916	27.257	-4.769	0.497
3444.016	28.411	-4.804	0.483
3444.216	30.331	-4.781	0.490
3444.416	32.355	-4.808	0.503
3444.516	33.489	-4.809	0.490
3444.716	35.527	-4.808	0.466
3444.916	37.534	-3.004	0.204
3445.116	39.551	-2.294	0.049
3445.316	41.562	-2.284	0.037
3445.516	43.543	-2.258	0.069
3445.716	45.766	-2.245	0.082
3445.916	47.721	-2.192	0.016
3446.116	49.674	-2.195	0.000
3446.316	51.770	-2.167	-0.016
3446.516	53.720	-2.174	-0.012
3446.616	54.846	-2.119	-0.018
3446.816	56.864	-2.152	-0.047
3447.016	58.973	-2.119	-0.029
3447.216	60.834	-2.076	-0.047
3447.316	61.945	-2.074	-0.052
3447.516	63.876	-2.058	-0.069
3447.716	66.058	-2.044	-0.045
3447.916	67.980	-2.019	-0.050
3448.116	69.981	-2.028	-0.065
3448.216	71.079	-2.017	-0.072
3448.416	73.062	-2.021	-0.089
3448.616	75.066	-1.985	-0.065
3448.716	76.172	-1.945	-0.068
3448.916	78.237	-1.964	-0.090
3449.116	80.171	-1.948	-0.083
3449.216	81.329	-1.964	-0.079
3449.416	83.218	-1.934	-0.069
3449.516	84.327	-1.915	0.005
3449.716	86.292	-1.938	-0.000
3449.916	88.390	-1.922	0.001
3450.116	90.373	-1.924	-0.043
3450.316	92.406	-1.898	-0.024
3450.516	94.404	-1.886	-0.042
3450.616	95.552	-1.847	-0.034
3450.816	97.455	-1.871	-0.047
3450.916	98.565	-1.855	-0.010
3451.116	100.592	-1.839	-0.009
3451.316	102.599	-1.854	-0.033
3451.516	104.567	-1.841	-0.020
3451.716	106.599	-1.855	-0.074
3451.916	108.771	-1.815	-0.049
3452.116	110.730	-1.832	-0.089
3452.316	112.818	-1.775	-0.064
3452.516	114.789	-1.788	-0.053
3452.716	116.962	-1.763	-0.040
3452.916	118.798	-1.795	-0.048
3453.116	120.930	-1.755	-0.060
3453.316	122.971	-1.796	-0.081
3453.516	124.958	-1.758	-0.093
3453.716	127.116	-1.759	-0.097
3453.916	128.985	-1.714	-0.084
3454.016	130.083	-1.714	-0.091
3454.216	132.092	-1.712	-0.079
3454.416	134.097	-1.722	-0.086
3454.616	136.194	-1.709	-0.082
3454.816	138.262	-1.704	-0.082
3455.016	140.181	-1.707	-0.095
3455.116	141.309	-1.666	-0.124
3455.316	143.355	-1.683	-0.115
3455.516	145.356	-1.654	-0.114
3455.716	147.343	-1.648	-0.112
3455.916	149.385	-1.632	-0.087
3456.116	151.475	-1.638	-0.088
3456.316	153.494	-1.635	-0.117
3456.516	155.505	-1.647	-0.130
3456.716	157.482	-1.624	-0.118
3456.916	159.617	-1.614	-0.127
3457.116	161.623	-1.562	-0.120
3457.316	163.595	-1.569	-0.126
3457.516	165.681	-1.553	-0.092
3457.716	167.677	-1.566	-0.108
3457.816	168.819	-1.569	-0.111
3458.016	170.706	-1.570	-0.140
3458.216	172.857	-1.555	-0.141
3458.416	174.871	-1.527	-0.158
3458.616	176.903	-1.499	-0.136
3458.816	178.907	-1.491	-0.148
3459.016	180.933	-1.467	-0.101
3459.216	182.922	-1.488	-0.136
3459.416	185.112	-1.484	-0.125
3459.616	186.975	-1.481	-0.160
3459.816	189.096	-1.458	-0.143
3460.016	191.102	-1.451	-0.160
3460.216	193.063	-1.421	-0.167
3460.316	194.190	-1.380	-0.113
3460.516	196.199	-1.408	-0.155
3460.716	198.261	-1.386	-0.121
3460.916	200.267	-1.404	-0.148
3461.116	202.291	-1.381	-0.125
3461.316	204.274	-1.383	-0.154
3461.516	206.292	-1.368	-0.169
3461.716	208.351	-1.362	-0.179
3461.916	210.371	-1.303	-0.133
3462.016	211.552	-1.322	-0.152
3462.216	213.565	-1.312	-0.144
3462.416	215.486	-1.314	-0.143
3462.616	217.530	-1.309	-0.162
3462.816	219.549	-1.295	-0.152
3463.016	221.754	-1.307	-0.184
3463.216	223.693	-1.269	-0.178
3463.416	225.720	-1.262	-0.182
3463.616	227.683	-1.221	-0.166
3463.816	229.788	-1.240	-0.163
3464.016	231.774	-1.212	-0.149
3464.216	233.944	-1.242	-0.146
3464.416	235.846	-1.216	-0.170
3464.616	237.852	-1.225	-0.198
3464.816	240.045	-1.179	-0.189
3465.016	241.953	-1.161	-0.177
3465.216	243.956	-1.138	-0.181
3465.316	245.115	-1.174	-0.194
3465.516	247.105	-1.120	-0.148
3465.716	249.107	-1.156	-0.165
3465.916	251.172	-1.139	-0.181
3466.116	253.165	-1.130	-0.194
3466.316	255.277	-1.124	-0.190
3466.516	257.161	-1.089	-0.201
3466.616	258.278	-1.090	-0.208
3466.816	260.311	-1.069	-0.198
3467.016	262.347	-1.061	-0.159
3467.216	264.340	-1.050	-0.173
3467.416	266.356	-1.049	-0.160
3467.616	268.333	-1.047	-0.176
3467.716	269.458	-1.067	-0.206
3467.916	271.574	-1.026	-0.178
3468.116	273.425	-1.033	-0.226
3468.316	275.591	-0.991	-0.195
3468.516	277.497	-0.977	-0.202
3468.716	279.571	-0.963	-0.157
3468.916	281.572	-0.976	-0.197
3469.116	283.702	-0.986	-0.183
3469.316	285.715	-0.975	-0.206
3469.516	287.711	-0.966	-0.190
3469.716	289.864	-0.954	-0.228
3469.916	291.832	-0.913	-0.195
3470.116	293.801	-0.910	-0.206
3470.316	295.901	-0.879	-0.184
3470.516	297.882	-0.922	-0.193
3470.716	300.052	-0.906	-0.174
3470.916	301.932	-0.915	-0.210
3471.116	304.055	-0.904	-0.216
3471.316	306.104	-0.897	-0.223
3471.516	308.117	-0.850	-0.218
3471.716	310.099	-0.841	-0.205
3471.916	312.126	-0.836	-0.192
3472.116	314.212	-0.863	-0.195
3472.316	316.306	-0.844	-0.179
3472.516	318.276	-0.852	-0.202
3472.716	320.243	-0.841	-0.213
3472.916	322.307	-0.836	-0.231
3473.116	324.363	-0.799	-0.216
3473.316	326.519	-0.801	-0.217
3473.516	328.494	-0.786	-0.217
3473.716	330.456	-0.778	-0.182
3473.916	332.524	-0.795	-0.203
3474.116	334.504	-0.805	-0.199
3474.316	336.680	-0.809	-0.222
3474.516	338.584	-0.768	-0.231
3474.716	340.588	-0.763	-0.237
3474.916	342.784	-0.726	-0.221
3475.116	344.684	-0.740	-0.197
3475.316	346.676	-0.722	-0.198
3475.516	348.704	-0.740	-0.196
3475.716	350.730	-0.732	-0.216
3475.816	351.855	-0.731	-0.225
3476.016	353.980	-0.717	-0.226
3476.216	355.978	-0.721	-0.249
3476.416	357.952	-0.692	-0.228
3476.616	360.017	-0.681	-0.228
3476.816	361.977	-0.664	-0.198
3477.016	364.153	-0.680	-0.207
3477.216	366.015	-0.685	-0.209
3477.416	368.141	-0.676	-0.218
3477.616	370.137	-0.678	-0.224
3477.816	372.151	-0.661	-0.243
3478.016	374.231	-0.640	-0.240
3478.216	376.293	-0.642	-0.249
3478.416	378.223	-0.627	-0.203
3478.616	380.438	-0.628	-0.215
3478.818	382.403	-0.615	-0.189
3479.016	384.489	-0.636	-0.231
3479.216	386.422	-0.610	-0.218
3479.416	388.398	-0.615	-0.258
3479.516	389.510	-0.563	-0.211
3479.716	390.866	-0.558	-0.240
3479.916	391.486	-0.543	-0.230
3480.116	391.507	-0.533	-0.215
3740.916	0.001	-4.855	0.451
3741.116	0.333	-4.818	0.459
3741.316	1.486	-4.793	0.495
3741.516	3.405	-4.807	0.494
3741.716	5.367	-4.810	0.501
3741.916	7.411	-4.831	0.484
3742.116	9.386	-4.840	0.467
3742.216	10.523	-4.842	0.434
3742.416	12.548	-4.818	0.481
3742.616	14.510	-4.805	0.470
3742.816	16.507	-4.799	0.490
3743.016	18.669	-4.813	0.485
3743.216	20.625	-4.790	0.498
3743.416	22.718	-4.835	0.472
3743.616	24.726	-4.833	0.456
3743.816	26.703	-4.834	0.441
3744.016	28.814	-4.817	0.453
3744.216	30.821	-4.824	0.450
3744.416	32.933	-4.815	0.449
3744.616	34.907	-4.813	0.448
3744.816	36.934	-3.578	0.317
3745.016	39.014	-2.298	0.093
3745.216	40.952	-2.295	0.067
3745.416	42.954	-2.262	0.050
3745.516	44.102	-2.235	0.069
3745.716	45.993	-2.227	0.019
3745.816	47.113	-2.252	0.005
3746.016	49.151	-2.187	0.035
3746.216	51.160	-2.170	0.015
3746.416	53.157	-2.166	0.008
3746.616	55.186	-2.166	-0.034
3746.816	57.223	-2.139	-0.012
3747.016	59.216	-2.119	-0.043
3747.216	61.437	-2.093	-0.038
3747.416	63.429	-2.071	-0.045
3747.616	65.404	-2.047	-0.041
3747.816	67.418	-2.056	-0.061
3748.016	69.409	-2.027	-0.048
3748.216	71.596	-2.018	-0.074
3748.416	73.582	-1.990	-0.059
3748.616	75.549	-1.992	-0.090
3748.816	77.623	-1.958	-0.071
3749.016	79.599	-1.954	-0.081
3749.216	81.753	-1.936	-0.051
3749.416	83.714	-1.949	-0.044
3749.616	85.685	-1.934	0.006
3749.816	87.892	-1.929	-0.006
3750.016	89.908	-1.910	-0.003
3750.216	91.890	-1.904	-0.034
3750.416	93.955	-1.882	-0.018
3750.616	96.010	-1.882	-0.041
3750.816	98.015	-1.859	-0.006
3751.016	99.955	-1.883	-0.023
3751.216	101.967	-1.848	-0.004
3751.316	103.125	-1.862	-0.014
3751.516	105.076	-1.863	-0.061
3751.716	107.072	-1.821	-0.050
3751.916	109.248	-1.825	-0.057
3752.116	111.129	-1.782	-0.046
3752.316	113.232	-1.798	-0.056
3752.516	115.255	-1.790	-0.034
3752.716	117.281	-1.801	-0.044
3752.916	119.285	-1.796	-0.080
3753.116	121.319	-1.795	-0.093
3753.316	123.350	-1.746	-0.092
3753.516	125.458	-1.739	-0.081
3753.716	127.520	-1.716	-0.060
3753.916	129.498	-1.751	-0.077
3754.116	131.484	-1.714	-0.059
3754.316	133.616	-1.736	-0.104
3754.516	135.572	-1.716	-0.105
3754.716	137.597	-1.719	-0.109
3754.916	139.586	-1.669	-0.101
3755.016	140.753	-1.702	-0.131
3755.216	142.724	-1.675	-0.101
3755.416	144.787	-1.663	-0.083
3755.616	146.858	-1.667	-0.082
3755.816	148.839	-1.661	-0.102
3756.016	150.928	-1.671	-0.113
3756.216	152.856	-1.636	-0.137
3756.416	154.871	-1.613	-0.115
3756.616	156.984	-1.610	-0.122
3756.816	159.035	-1.587	-0.091
3757.016	161.023	-1.592	-0.113
3757.216	163.149	-1.582	-0.105
3757.416	165.161	-1.595	-0.132
3757.616	167.127	-1.594	-0.135
3757.816	169.300	-1.537	-0.144
3758.016	171.113	-1.535	-0.131
3758.116	172.251	-1.510	-0.112
3758.316	174.316	-1.514	-0.119
3758.516	176.270	-1.521	-0.106
3758.716	178.428	-1.516	-0.125
3758.916	180.307	-1.521	-0.143
3759.116	182.431	-1.501	-0.174
3759.316	184.439	-1.477	-0.143
3759.516	186.454	-1.457	-0.156
3759.716	188.434	-1.440	-0.121
3759.916	190.622	-1.442	-0.138
3760.116	192.475	-1.426	-0.109
3760.216	193.612	-1.416	-0.149
3760.417	195.545	-1.445	-0.159
3760.616	197.657	-1.417	-0.172
3760.817	199.708	-1.399	-0.164
3761.017	201.680	-1.372	-0.161
3761.217	203.766	-1.359	-0.139
3761.416	205.717	-1.375	-0.148
3761.516	206.821	-1.349	-0.122
3761.717	208.894	-1.356	-0.135
3761.917	210.868	-1.360	-0.173
3762.116	212.993	-1.330	-0.154
3762.317	214.902	-1.328	-0.191
3762.516	216.912	-1.292	-0.154
3762.716	219.022	-1.293	-0.164
3762.916	221.068	-1.265	-0.135
3763.116	223.141	-1.288	-0.149
3763.316	225.180	-1.255	-0.158
3763.516	227.192	-1.262	-0.186
3763.716	229.209	-1.241	-0.174
3763.916	231.137	-1.225	-0.190
3764.116	233.184	-1.208	-0.152
3764.216	234.289	-1.210	-0.183
3764.416	236.355	-1.197	-0.151
3764.616	238.343	-1.208	-0.156
3764.816	240.307	-1.212	-0.190
3765.016	242.392	-1.189	-0.189
3765.216	244.381	-1.159	-0.203
3765.416	246.572	-1.130	-0.175
3765.616	248.450	-1.127	-0.180
3765.816	250.459	-1.109	-0.144
3765.916	251.624	-1.157	-0.184
3766.116	253.622	-1.117	-0.170
3766.316	255.636	-1.120	-0.180
3766.516	257.650	-1.100	-0.203
3766.716	259.707	-1.083	-0.193
3766.916	261.727	-1.060	-0.189
3767.116	263.730	-1.047	-0.171
3767.316	265.837	-1.035	-0.151
3767.516	267.909	-1.050	-0.172
3767.716	269.895	-1.050	-0.176
3767.916	271.867	-1.048	-0.209
3768.116	273.877	-1.015	-0.196
3768.316	276.007	-0.998	-0.204
3768.516	277.956	-0.976	-0.183
3768.716	280.028	-0.975	-0.172
3768.916	282.052	-0.975	-0.180
3769.116	284.101	-0.981	-0.188
3769.316	286.164	-0.985	-0.210
3769.516	288.249	-0.951	-0.196
3769.716	290.300	-0.926	-0.198
3769.916	292.330	-0.912	-0.197
3770.116	294.319	-0.921	-0.192
3770.316	296.252	-0.915	-0.187
3770.516	298.339	-0.916	-0.172
3770.716	300.339	-0.931	-0.194
3770.916	302.388	-0.915	-0.214
3771.116	304.420	-0.879	-0.215
3771.316	306.406	-0.867	-0.206
3771.516	308.648	-0.845	-0.200
3771.716	310.613	-0.883	-0.192
3771.916	312.571	-0.849	-0.180
3772.116	314.662	-0.880	-0.195
3772.316	316.654	-0.857	-0.222
3772.516	318.741	-0.858	-0.224
3772.716	320.764	-0.814	-0.212
3772.916	322.708	-0.816	-0.210
3773.116	324.729	-0.804	-0.202
3773.316	326.827	-0.815	-0.181
3773.516	328.836	-0.815	-0.202
3773.716	330.861	-0.824	-0.212
3773.916	332.987	-0.801	-0.224
3774.116	335.062	-0.791	-0.224
3774.316	337.043	-0.751	-0.213
3774.516	339.009	-0.760	-0.207
3774.716	341.094	-0.743	-0.206
3774.916	343.105	-0.779	-0.196
3775.116	345.081	-0.744	-0.207
3775.316	347.133	-0.765	-0.229
3775.516	349.148	-0.746	-0.238
3775.616	350.297	-0.736	-0.233
3775.816	352.180	-0.714	-0.216
3776.016	354.364	-0.702	-0.221
3776.216	356.278	-0.706	-0.186
3776.416	358.357	-0.707	-0.216
3776.616	360.359	-0.702	-0.195
3776.816	362.401	-0.707	-0.243
3777.016	364.440	-0.685	-0.235
3777.216	366.445	-0.658	-0.240
3777.416	368.661	-0.643	-0.209
3777.616	370.491	-0.651	-0.215
3777.716	371.603	-0.654	-0.177
3777.916	373.706	-0.652	-0.191
3778.116	375.675	-0.668	-0.228
3778.316	377.635	-0.666	-0.247
3778.516	379.732	-0.632	-0.247
3778.716	381.822	-0.619	-0.234
3778.916	383.776	-0.601	-0.228
3779.116	385.870	-0.606	-0.199
3779.316	387.815	-0.605	-0.223
3779.516	389.837	-0.587	-0.201
3779.716	391.055	-0.592	-0.257
3779.916	391.507	-0.558	-0.231
