TimeSec	Probe1mm	ConductivityP1V	TemperatureP1V
14.636	0.000	-4.817	0.160
14.836	0.232	-4.829	0.157
14.935	0.641	-4.831	0.150
15.036	1.249	-4.800	0.184
15.136	2.057	-4.815	0.162
15.235	3.045	-4.839	0.161
15.336	4.066	-4.839	0.167
15.436	5.083	-4.814	0.174
15.535	6.098	-4.818	0.176
15.636	7.118	-4.841	0.170
15.736	8.136	-4.839	0.171
15.835	9.151	-4.826	0.182
15.936	10.167	-4.815	0.177
16.036	11.184	-4.839	0.183
16.136	12.200	-4.832	0.188
16.236	13.220	-4.811	0.185
16.335	14.232	-4.821	0.167
16.435	15.251	-4.837	0.172
16.536	16.273	-4.831	0.178
16.636	17.290	-4.830	0.193
16.735	18.301	-4.816	0.173
16.836	19.321	-4.840	0.162
16.936	20.338	-4.827	0.190
17.035	21.357	-4.818	0.183
17.136	22.372	-4.828	0.172
17.236	23.393	-4.845	0.169
17.335	24.407	-4.839	0.178
17.436	25.430	-4.812	0.194
17.535	26.444	-4.812	0.189
17.636	27.461	-4.832	0.185
17.736	28.481	-4.844	0.184
17.835	29.493	-4.817	0.189
17.935	30.515	-4.813	0.187
18.036	31.532	-4.831	0.171
18.135	32.546	-4.835	0.173
18.235	33.564	-4.830	0.161
18.336	34.584	-4.062	0.123
18.436	35.601	-2.561	-0.011
18.535	36.615	-2.574	-0.021
18.636	37.637	-2.568	-0.050
18.735	38.649	-2.567	-0.070
18.836	39.666	-2.563	-0.077
18.936	40.685	-2.557	-0.075
19.035	41.703	-2.537	-0.055
19.135	42.718	-2.534	-0.088
19.236	43.736	-2.508	-0.087
19.335	44.752	-2.501	-0.090
19.435	45.767	-2.467	-0.070
19.536	46.786	-2.457	-0.100
19.635	47.803	-2.447	-0.115
19.735	48.820	-2.424	-0.100
19.836	49.836	-2.400	-0.090
19.935	50.854	-2.391	-0.099
20.035	51.874	-2.409	-0.141
20.136	52.888	-2.391	-0.132
20.235	53.906	-2.367	-0.112
20.335	54.925	-2.357	-0.112
20.436	55.945	-2.365	-0.151
20.535	56.956	-2.365	-0.142
20.635	57.971	-2.333	-0.130
20.736	58.994	-2.324	-0.130
20.835	60.010	-2.333	-0.160
20.935	61.028	-2.335	-0.173
21.036	62.047	-2.306	-0.150
21.135	63.060	-2.277	-0.161
21.235	64.076	-2.292	-0.168
21.336	65.098	-2.284	-0.167
21.435	66.114	-2.270	-0.164
21.536	67.132	-2.259	-0.163
21.636	68.151	-2.277	-0.189
21.735	69.169	-2.274	-0.187
21.835	70.184	-2.263	-0.167
21.936	71.201	-2.241	-0.160
22.035	72.218	-2.252	-0.187
22.135	73.233	-2.242	-0.183
22.236	74.252	-2.226	-0.171
22.335	75.269	-2.214	-0.166
22.435	76.286	-2.231	-0.201
22.536	77.301	-2.231	-0.187
22.635	78.320	-2.200	-0.171
22.735	79.334	-2.176	-0.156
22.836	80.358	-2.191	-0.184
22.936	81.373	-2.207	-0.196
23.036	82.388	-2.180	-0.160
23.136	83.408	-2.157	-0.134
23.236	84.423	-2.170	-0.147
23.336	85.441	-2.184	-0.163
23.436	86.460	-2.155	-0.153
23.536	87.473	-2.129	-0.147
23.636	88.491	-2.127	-0.149
23.736	89.511	-2.147	-0.167
23.836	90.526	-2.140	-0.173
23.936	91.545	-2.114	-0.174
24.036	92.564	-2.095	-0.169
24.135	93.576	-2.121	-0.165
24.235	94.595	-2.106	-0.170
24.336	95.615	-2.091	-0.177
24.435	96.631	-2.067	-0.179
24.535	97.648	-2.095	-0.179
24.636	98.669	-2.082	-0.168
24.735	99.682	-2.074	-0.185
24.835	100.698	-2.068	-0.195
24.936	101.719	-2.055	-0.188
25.035	102.736	-2.052	-0.171
25.136	103.754	-2.026	-0.175
25.236	104.770	-2.034	-0.199
25.335	105.785	-2.034	-0.209
25.435	106.804	-2.035	-0.187
25.536	107.822	-2.008	-0.185
25.635	108.839	-2.007	-0.204
25.735	109.856	-2.009	-0.210
25.836	110.873	-1.994	-0.200
25.935	111.891	-1.986	-0.192
26.035	112.904	-1.980	-0.207
26.136	113.925	-2.000	-0.222
26.235	114.939	-1.990	-0.207
26.335	115.957	-1.961	-0.196
26.436	116.977	-1.951	-0.200
26.535	117.991	-1.954	-0.214
26.635	119.008	-1.961	-0.205
26.736	120.028	-1.934	-0.191
26.836	121.042	-1.931	-0.223
26.935	122.058	-1.925	-0.219
27.036	123.078	-1.939	-0.211
27.135	124.095	-1.921	-0.204
27.235	125.145	-1.912	-0.214
27.436	127.367	-1.892	-0.203
27.635	129.324	-1.898	-0.229
27.835	131.289	-1.888	-0.219
28.035	133.387	-1.863	-0.200
28.235	135.372	-1.855	-0.218
28.436	137.519	-1.849	-0.225
28.635	139.396	-1.846	-0.219
28.836	141.527	-1.801	-0.205
29.035	143.521	-1.827	-0.228
29.235	145.534	-1.792	-0.221
29.436	147.495	-1.815	-0.232
29.635	149.599	-1.766	-0.211
29.835	151.677	-1.770	-0.241
30.035	153.701	-1.756	-0.214
30.236	155.704	-1.749	-0.246
30.436	157.772	-1.723	-0.200
30.635	159.833	-1.710	-0.238
30.836	161.735	-1.710	-0.214
30.935	162.805	-1.683	-0.213
31.135	164.810	-1.685	-0.230
31.335	166.935	-1.687	-0.215
31.535	168.980	-1.682	-0.252
31.735	170.971	-1.648	-0.192
31.935	173.038	-1.635	-0.238
32.135	174.974	-1.645	-0.217
32.336	177.129	-1.644	-0.233
32.535	179.030	-1.609	-0.204
32.735	181.096	-1.608	-0.226
32.935	183.200	-1.602	-0.233
33.135	185.268	-1.609	-0.227
33.335	187.235	-1.568	-0.213
33.535	189.384	-1.576	-0.220
33.735	191.267	-1.546	-0.220
33.935	193.389	-1.571	-0.240
34.135	195.395	-1.509	-0.203
34.335	197.462	-1.524	-0.249
34.535	199.368	-1.506	-0.207
34.736	201.511	-1.520	-0.247
34.935	203.493	-1.488	-0.217
35.135	205.672	-1.471	-0.218
35.335	207.572	-1.465	-0.241
35.535	209.658	-1.454	-0.230
35.735	211.652	-1.432	-0.229
35.935	213.649	-1.433	-0.212
36.135	215.851	-1.412	-0.230
36.335	217.784	-1.409	-0.241
36.535	219.762	-1.379	-0.213
36.735	221.880	-1.373	-0.235
36.935	223.881	-1.368	-0.218
37.135	225.915	-1.337	-0.234
37.335	227.975	-1.352	-0.228
37.535	229.970	-1.320	-0.215
37.735	231.987	-1.327	-0.225
37.935	234.000	-1.280	-0.218
38.135	236.005	-1.295	-0.253
38.335	238.220	-1.278	-0.227
38.536	240.187	-1.267	-0.236
38.735	242.153	-1.220	-0.220
38.935	244.237	-1.246	-0.230
39.135	246.239	-1.217	-0.246
39.336	248.204	-1.225	-0.216
39.535	250.375	-1.163	-0.224
39.735	252.332	-1.200	-0.230
39.935	254.406	-1.163	-0.244
40.135	256.475	-1.165	-0.227
40.335	258.421	-1.134	-0.219
40.535	260.438	-1.123	-0.240
40.735	262.522	-1.128	-0.249
40.935	264.508	-1.110	-0.235
41.135	266.516	-1.072	-0.233
41.235	267.680	-1.108	-0.268
41.435	269.613	-1.070	-0.236
41.635	271.684	-1.041	-0.246
41.836	273.672	-1.070	-0.246
42.035	275.746	-1.021	-0.255
42.235	277.764	-1.037	-0.249
42.435	279.799	-0.995	-0.241
42.635	281.822	-0.987	-0.242
42.836	283.829	-0.989	-0.260
43.036	285.853	-0.974	-0.244
43.235	287.895	-0.983	-0.258
43.435	290.043	-0.933	-0.218
43.635	292.132	-0.922	-0.263
43.836	294.138	-0.934	-0.260
44.035	296.018	-0.894	-0.234
44.235	298.170	-0.891	-0.262
44.436	300.174	-0.890	-0.246
44.636	302.197	-0.869	-0.267
44.835	304.182	-0.866	-0.264
45.036	306.262	-0.839	-0.234
45.236	308.233	-0.813	-0.257
45.436	310.306	-0.824	-0.250
45.636	312.494	-0.797	-0.239
45.835	314.320	-0.800	-0.250
46.036	316.461	-0.785	-0.236
46.235	318.501	-0.769	-0.269
46.435	320.546	-0.767	-0.253
46.635	322.558	-0.756	-0.258
46.835	324.629	-0.724	-0.239
47.035	326.657	-0.735	-0.258
47.235	328.740	-0.687	-0.234
47.435	330.642	-0.742	-0.285
47.635	332.634	-0.702	-0.231
47.735	333.796	-0.661	-0.257
47.935	335.692	-0.710	-0.272
48.135	337.782	-0.673	-0.238
48.335	339.812	-0.673	-0.267
48.535	341.826	-0.655	-0.244
48.735	343.854	-0.645	-0.257
48.935	345.927	-0.646	-0.258
49.135	348.000	-0.659	-0.268
49.335	350.011	-0.614	-0.239
49.535	351.978	-0.620	-0.269
49.635	353.081	-0.619	-0.227
49.835	355.044	-0.600	-0.259
50.035	357.128	-0.594	-0.267
50.236	359.095	-0.605	-0.253
50.435	361.197	-0.573	-0.253
50.635	363.174	-0.574	-0.258
50.835	365.225	-0.561	-0.252
51.036	367.220	-0.544	-0.260
51.235	369.332	-0.561	-0.252
51.435	371.352	-0.544	-0.255
51.635	373.339	-0.541	-0.263
51.835	375.454	-0.518	-0.239
52.035	377.455	-0.529	-0.267
52.236	379.628	-0.522	-0.262
52.435	381.502	-0.513	-0.246
52.635	383.508	-0.462	-0.258
52.735	384.662	-0.527	-0.302
52.936	386.681	-0.444	-0.236
53.135	388.665	-0.428	-0.267
53.336	390.406	-0.410	-0.270
53.535	391.319	-0.405	-0.244
53.736	391.506	-0.364	-0.255
313.935	0.000	-4.807	0.442
314.135	0.194	-4.783	0.498
314.335	1.134	-4.794	0.440
314.535	2.865	-4.800	0.456
314.735	4.881	-4.797	0.480
314.835	5.975	-4.791	0.459
315.035	8.024	-4.767	0.489
315.236	10.010	-4.804	0.449
315.436	12.175	-4.770	0.474
315.636	14.052	-4.804	0.457
315.836	16.161	-4.781	0.469
316.035	18.123	-4.793	0.450
316.135	19.216	-4.798	0.457
316.336	21.278	-4.790	0.452
316.535	23.302	-4.783	0.463
316.736	25.268	-4.787	0.437
316.935	27.400	-4.797	0.464
317.135	29.297	-4.786	0.456
317.235	30.386	-4.822	0.429
317.436	32.350	-4.770	0.441
317.535	33.455	-4.806	0.375
317.736	35.470	-3.782	0.257
317.936	37.475	-2.571	-0.008
318.136	39.537	-2.571	-0.063
318.336	41.600	-2.546	-0.061
318.535	43.594	-2.540	-0.064
318.735	45.713	-2.507	-0.102
318.935	47.719	-2.453	-0.127
319.135	49.699	-2.414	-0.136
319.335	51.769	-2.407	-0.133
319.535	53.747	-2.380	-0.158
319.736	55.922	-2.366	-0.165
319.936	57.801	-2.351	-0.164
320.136	59.927	-2.336	-0.174
320.336	61.938	-2.293	-0.192
320.536	63.953	-2.290	-0.221
320.736	66.001	-2.279	-0.223
320.935	67.971	-2.273	-0.224
321.136	70.077	-2.246	-0.232
321.335	72.080	-2.230	-0.221
321.535	74.085	-2.234	-0.235
321.735	76.171	-2.216	-0.241
321.936	78.139	-2.197	-0.248
322.135	80.211	-2.181	-0.238
322.336	82.396	-2.167	-0.224
322.535	84.336	-2.154	-0.172
322.736	86.321	-2.159	-0.176
322.935	88.390	-2.162	-0.177
323.136	90.411	-2.122	-0.148
323.335	92.358	-2.110	-0.155
323.536	94.413	-2.083	-0.163
323.736	96.432	-2.120	-0.168
323.836	97.603	-2.090	-0.139
324.036	99.536	-2.068	-0.156
324.236	101.528	-2.062	-0.170
324.335	102.695	-2.089	-0.204
324.536	104.592	-2.038	-0.152
324.736	106.594	-2.003	-0.165
324.836	107.753	-2.042	-0.207
325.035	109.649	-1.993	-0.178
325.236	111.814	-2.017	-0.203
325.436	113.859	-1.990	-0.182
325.635	115.853	-1.972	-0.203
325.835	117.881	-1.948	-0.208
326.035	119.933	-1.955	-0.201
326.236	121.924	-1.925	-0.188
326.436	123.897	-1.913	-0.225
326.636	125.930	-1.926	-0.223
326.836	127.998	-1.918	-0.223
327.035	130.175	-1.865	-0.186
327.236	132.119	-1.876	-0.223
327.436	134.092	-1.866	-0.219
327.635	136.155	-1.878	-0.234
327.836	138.184	-1.815	-0.201
328.035	140.176	-1.827	-0.223
328.235	142.322	-1.822	-0.229
328.436	144.339	-1.822	-0.212
328.636	146.392	-1.777	-0.212
328.836	148.312	-1.805	-0.242
329.035	150.470	-1.777	-0.213
329.236	152.496	-1.756	-0.211
329.436	154.529	-1.730	-0.217
329.636	156.544	-1.740	-0.244
329.835	158.583	-1.739	-0.219
330.036	160.618	-1.727	-0.230
330.236	162.626	-1.682	-0.208
330.436	164.578	-1.682	-0.237
330.635	166.664	-1.679	-0.225
330.836	168.792	-1.666	-0.208
331.035	170.807	-1.645	-0.220
331.236	172.807	-1.660	-0.242
331.435	174.779	-1.644	-0.191
331.635	176.793	-1.620	-0.232
331.835	178.877	-1.617	-0.219
332.036	180.904	-1.646	-0.256
332.236	182.889	-1.603	-0.207
332.336	183.995	-1.565	-0.199
332.536	185.983	-1.591	-0.248
332.736	187.982	-1.571	-0.229
332.935	190.114	-1.588	-0.212
333.136	192.122	-1.544	-0.201
333.336	194.094	-1.547	-0.239
333.535	196.241	-1.523	-0.237
333.735	198.243	-1.539	-0.226
333.935	200.189	-1.501	-0.213
334.136	202.224	-1.496	-0.232
334.336	204.348	-1.491	-0.237
334.536	206.373	-1.483	-0.218
334.736	208.409	-1.447	-0.225
334.936	210.394	-1.455	-0.237
335.136	212.387	-1.442	-0.237
335.235	213.591	-1.453	-0.253
335.436	215.570	-1.418	-0.201
335.635	217.493	-1.401	-0.236
335.835	219.597	-1.389	-0.223
336.035	221.579	-1.382	-0.235
336.235	223.688	-1.360	-0.217
336.435	225.779	-1.365	-0.260
336.636	227.746	-1.351	-0.225
336.836	229.699	-1.346	-0.238
337.035	231.802	-1.304	-0.206
337.236	233.820	-1.315	-0.247
337.436	235.932	-1.289	-0.242
337.636	237.849	-1.306	-0.234
337.835	239.974	-1.245	-0.211
338.036	241.885	-1.251	-0.235
338.235	243.925	-1.254	-0.246
338.435	246.072	-1.229	-0.231
338.635	248.143	-1.220	-0.226
338.836	250.055	-1.189	-0.254
339.036	252.232	-1.201	-0.233
339.236	254.098	-1.175	-0.229
339.335	255.220	-1.170	-0.234
339.536	257.205	-1.140	-0.231
339.736	259.216	-1.159	-0.252
339.936	261.316	-1.141	-0.223
340.135	263.261	-1.132	-0.239
340.235	264.364	-1.073	-0.210
340.435	266.312	-1.066	-0.249
340.635	268.493	-1.107	-0.247
340.835	270.383	-1.077	-0.244
341.035	272.401	-1.061	-0.231
341.136	273.509	-1.008	-0.216
341.335	275.606	-1.061	-0.267
341.536	277.582	-1.031	-0.219
341.735	279.706	-1.004	-0.239
341.936	281.572	-0.974	-0.226
342.136	283.676	-1.009	-0.278
342.336	285.701	-0.965	-0.211
342.536	287.794	-0.971	-0.246
342.735	289.785	-0.926	-0.240
342.935	291.827	-0.958	-0.268
343.135	293.847	-0.917	-0.235
343.335	295.991	-0.901	-0.233
343.535	297.875	-0.896	-0.265
343.735	300.008	-0.911	-0.267
343.936	302.048	-0.878	-0.230
344.136	304.071	-0.842	-0.238
344.335	306.050	-0.841	-0.262
344.536	308.063	-0.850	-0.267
344.736	310.053	-0.827	-0.228
344.935	312.098	-0.794	-0.243
345.135	314.228	-0.787	-0.258
345.336	316.229	-0.809	-0.275
345.535	318.344	-0.774	-0.231
345.735	320.326	-0.762	-0.262
345.936	322.435	-0.752	-0.258
346.135	324.417	-0.750	-0.258
346.335	326.349	-0.724	-0.224
346.535	328.487	-0.716	-0.253
346.735	330.489	-0.720	-0.271
346.936	332.454	-0.742	-0.266
347.136	334.528	-0.678	-0.221
347.336	336.618	-0.674	-0.263
347.536	338.638	-0.674	-0.267
347.736	340.568	-0.700	-0.267
347.936	342.740	-0.668	-0.245
348.136	344.803	-0.650	-0.255
348.336	346.693	-0.648	-0.266
348.535	348.815	-0.633	-0.240
348.736	350.813	-0.616	-0.228
348.936	352.849	-0.613	-0.278
349.136	354.925	-0.627	-0.268
349.336	356.995	-0.601	-0.258
349.536	359.003	-0.580	-0.225
349.735	361.118	-0.589	-0.286
349.936	363.022	-0.582	-0.248
350.136	365.106	-0.585	-0.266
350.335	367.140	-0.557	-0.242
350.535	369.074	-0.544	-0.262
350.735	371.114	-0.546	-0.246
350.935	373.145	-0.548	-0.259
351.136	375.278	-0.531	-0.247
351.336	377.270	-0.528	-0.266
351.536	379.295	-0.521	-0.253
351.736	381.290	-0.510	-0.254
351.936	383.427	-0.477	-0.244
352.136	385.490	-0.474	-0.273
352.335	387.490	-0.451	-0.265
352.535	389.468	-0.457	-0.251
352.735	390.873	-0.396	-0.242
352.935	391.482	-0.384	-0.258
353.136	391.507	-0.408	-0.268
613.936	0.000	-4.776	0.509
614.136	0.216	-4.761	0.515
614.336	1.214	-4.768	0.509
614.536	3.066	-4.766	0.520
614.736	5.049	-4.779	0.516
614.936	7.056	-4.746	0.532
615.136	9.163	-4.784	0.523
615.336	11.232	-4.761	0.525
615.536	13.178	-4.792	0.537
615.735	15.288	-4.760	0.535
615.936	17.331	-4.776	0.535
616.136	19.392	-4.766	0.529
616.336	21.270	-4.775	0.520
616.536	23.380	-4.787	0.516
616.736	25.518	-4.769	0.521
616.936	27.500	-4.748	0.539
617.136	29.508	-4.744	0.496
617.336	31.495	-4.762	0.513
617.536	33.557	-4.782	0.461
617.736	35.543	-3.456	0.296
617.936	37.543	-2.573	0.026
618.035	38.709	-2.555	-0.057
618.236	40.622	-2.549	-0.039
618.436	42.634	-2.551	-0.073
618.636	44.693	-2.526	-0.071
618.836	46.730	-2.483	-0.088
619.036	48.841	-2.439	-0.142
619.236	50.825	-2.403	-0.125
619.436	52.804	-2.407	-0.163
619.536	53.959	-2.367	-0.114
619.736	55.973	-2.370	-0.159
619.936	57.945	-2.351	-0.190
620.136	59.929	-2.318	-0.200
620.336	61.942	-2.325	-0.203
620.436	63.038	-2.270	-0.208
620.636	64.983	-2.279	-0.238
620.735	66.085	-2.247	-0.197
620.936	68.070	-2.241	-0.218
621.136	70.086	-2.258	-0.248
621.337	72.160	-2.234	-0.229
621.536	74.272	-2.236	-0.248
621.736	76.196	-2.180	-0.235
621.936	78.403	-2.187	-0.286
622.136	80.313	-2.150	-0.252
622.336	82.371	-2.191	-0.272
622.536	84.418	-2.146	-0.171
622.736	86.379	-2.133	-0.171
622.935	88.491	-2.098	-0.199
623.136	90.498	-2.116	-0.194
623.336	92.493	-2.099	-0.186
623.536	94.648	-2.077	-0.162
623.736	96.600	-2.080	-0.189
623.936	98.578	-2.056	-0.187
624.136	100.664	-2.062	-0.169
624.336	102.667	-2.051	-0.179
624.436	103.820	-2.030	-0.168
624.636	105.697	-2.028	-0.174
624.836	107.823	-1.990	-0.176
625.036	109.849	-2.010	-0.212
625.236	111.837	-1.996	-0.192
625.436	113.856	-1.989	-0.184
625.636	115.929	-1.931	-0.165
625.836	117.909	-1.943	-0.197
625.937	119.069	-1.932	-0.233
626.138	121.041	-1.934	-0.207
626.337	123.038	-1.943	-0.203
626.536	125.129	-1.900	-0.185
626.736	127.057	-1.894	-0.208
626.836	128.156	-1.897	-0.221
627.036	130.128	-1.885	-0.227
627.236	132.238	-1.875	-0.206
627.436	134.300	-1.860	-0.216
627.636	136.323	-1.849	-0.201
627.836	138.319	-1.831	-0.226
628.036	140.379	-1.833	-0.219
628.236	142.404	-1.838	-0.228
628.436	144.414	-1.815	-0.189
628.636	146.462	-1.794	-0.222
628.836	148.465	-1.767	-0.212
629.036	150.504	-1.809	-0.256
629.236	152.552	-1.761	-0.212
629.436	154.555	-1.755	-0.203
629.636	156.599	-1.720	-0.211
629.836	158.644	-1.730	-0.227
630.035	160.711	-1.723	-0.240
630.236	162.748	-1.712	-0.220
630.436	164.725	-1.702	-0.211
630.636	166.820	-1.679	-0.201
630.837	168.818	-1.649	-0.206
631.037	170.904	-1.650	-0.238
631.236	172.887	-1.662	-0.218
631.436	174.894	-1.650	-0.217
631.636	176.993	-1.622	-0.199
631.836	178.922	-1.617	-0.233
632.036	181.083	-1.626	-0.220
632.236	183.068	-1.609	-0.220
632.436	185.152	-1.617	-0.216
632.635	187.185	-1.577	-0.214
632.836	189.100	-1.571	-0.217
633.036	191.182	-1.570	-0.241
633.236	193.215	-1.555	-0.214
633.436	195.299	-1.551	-0.229
633.636	197.358	-1.493	-0.204
633.836	199.381	-1.512	-0.245
634.036	201.423	-1.502	-0.230
634.236	203.432	-1.513	-0.233
634.436	205.437	-1.457	-0.204
634.636	207.482	-1.440	-0.208
634.836	209.457	-1.453	-0.249
635.036	211.670	-1.445	-0.241
635.237	213.526	-1.438	-0.230
635.437	215.648	-1.414	-0.225
635.637	217.676	-1.394	-0.198
635.837	219.658	-1.368	-0.245
636.037	221.662	-1.372	-0.228
636.136	222.834	-1.383	-0.235
636.336	224.814	-1.371	-0.229
636.535	226.838	-1.339	-0.220
636.736	228.899	-1.343	-0.234
636.936	230.903	-1.312	-0.235
637.136	232.890	-1.327	-0.242
637.336	234.976	-1.295	-0.218
637.536	236.973	-1.298	-0.231
637.736	239.114	-1.240	-0.207
637.936	241.128	-1.273	-0.247
638.136	243.147	-1.255	-0.236
638.336	245.238	-1.253	-0.241
638.536	247.245	-1.213	-0.207
638.736	249.215	-1.206	-0.234
638.936	251.221	-1.155	-0.213
639.136	253.217	-1.209	-0.258
639.336	255.386	-1.177	-0.232
639.536	257.292	-1.178	-0.209
639.736	259.306	-1.119	-0.221
639.936	261.498	-1.143	-0.249
640.136	263.424	-1.103	-0.247
640.336	265.399	-1.117	-0.235
640.536	267.413	-1.097	-0.223
640.736	269.540	-1.082	-0.230
640.936	271.513	-1.054	-0.227
641.136	273.650	-1.063	-0.254
641.336	275.695	-1.042	-0.227
641.536	277.690	-1.042	-0.250
641.736	279.706	-0.996	-0.214
641.936	281.758	-1.005	-0.256
642.136	283.694	-0.977	-0.237
642.335	285.834	-1.009	-0.255
642.536	287.980	-0.961	-0.206
642.736	289.827	-0.958	-0.249
642.937	291.981	-0.928	-0.241
643.136	293.885	-0.937	-0.254
643.336	295.929	-0.912	-0.221
643.536	297.955	-0.920	-0.233
643.736	299.984	-0.876	-0.226
643.936	302.020	-0.885	-0.252
644.136	304.159	-0.870	-0.259
644.336	306.265	-0.881	-0.254
644.536	308.305	-0.849	-0.222
644.735	310.290	-0.823	-0.224
644.936	312.299	-0.810	-0.248
645.136	314.299	-0.805	-0.268
645.336	316.326	-0.813	-0.244
645.536	318.299	-0.792	-0.256
645.736	320.387	-0.761	-0.217
645.936	322.424	-0.761	-0.265
646.136	324.496	-0.733	-0.238
646.336	326.633	-0.767	-0.282
646.536	328.482	-0.723	-0.224
646.736	330.507	-0.739	-0.255
646.936	332.569	-0.696	-0.233
647.136	334.683	-0.702	-0.259
647.336	336.677	-0.699	-0.254
647.536	338.781	-0.702	-0.250
647.736	340.819	-0.658	-0.234
647.936	342.784	-0.674	-0.250
648.136	344.859	-0.654	-0.254
648.336	346.881	-0.667	-0.263
648.536	348.854	-0.639	-0.239
648.735	350.943	-0.643	-0.247
648.936	352.936	-0.620	-0.246
649.136	354.909	-0.607	-0.260
649.335	357.023	-0.609	-0.252
649.535	359.034	-0.607	-0.260
649.735	361.053	-0.603	-0.230
649.935	363.151	-0.557	-0.241
650.136	365.157	-0.577	-0.259
650.336	367.133	-0.581	-0.286
650.536	369.219	-0.557	-0.227
650.736	371.184	-0.550	-0.245
650.936	373.269	-0.508	-0.228
651.136	375.376	-0.543	-0.268
651.336	377.332	-0.525	-0.258
651.536	379.493	-0.543	-0.240
651.736	381.433	-0.513	-0.243
651.935	383.440	-0.479	-0.232
652.137	385.507	-0.464	-0.251
652.336	387.558	-0.453	-0.263
652.536	389.539	-0.462	-0.271
652.736	390.906	-0.427	-0.258
652.937	391.485	-0.385	-0.226
653.136	391.507	-0.387	-0.266
914.036	0.000	-4.785	0.568
914.236	0.214	-4.770	0.598
914.436	1.158	-4.765	0.568
914.636	2.811	-4.737	0.598
914.736	3.970	-4.795	0.586
914.936	5.941	-4.774	0.573
915.136	8.015	-4.776	0.580
915.336	10.045	-4.781	0.584
915.536	11.970	-4.783	0.596
915.636	13.157	-4.747	0.613
915.836	15.106	-4.763	0.595
916.036	17.103	-4.787	0.569
916.236	19.231	-4.758	0.579
916.436	21.232	-4.783	0.581
916.636	23.278	-4.782	0.578
916.836	25.193	-4.763	0.590
916.936	26.309	-4.772	0.572
917.136	28.337	-4.749	0.569
917.336	30.364	-4.774	0.563
917.536	32.343	-4.751	0.526
917.736	34.350	-4.763	0.517
917.936	36.531	-2.558	0.125
918.136	38.496	-2.571	0.067
918.336	40.593	-2.576	0.028
918.536	42.555	-2.559	-0.006
918.736	44.665	-2.548	-0.059
918.936	46.572	-2.499	-0.041
919.036	47.666	-2.490	-0.090
919.236	49.731	-2.458	-0.076
919.436	51.696	-2.371	-0.076
919.636	53.774	-2.386	-0.116
919.836	55.786	-2.356	-0.130
920.036	57.771	-2.376	-0.159
920.236	59.928	-2.334	-0.158
920.436	61.893	-2.307	-0.150
920.636	63.995	-2.274	-0.173
920.836	65.980	-2.264	-0.185
921.036	68.079	-2.254	-0.196
921.236	70.116	-2.255	-0.204
921.436	72.106	-2.232	-0.214
921.636	74.093	-2.231	-0.225
921.836	76.197	-2.189	-0.221
922.036	78.196	-2.190	-0.232
922.236	80.147	-2.158	-0.249
922.436	82.267	-2.149	-0.251
922.636	84.248	-2.148	-0.190
922.836	86.397	-2.150	-0.185
923.036	88.281	-2.107	-0.169
923.236	90.383	-2.092	-0.162
923.436	92.354	-2.068	-0.201
923.536	93.450	-2.091	-0.212
923.736	95.381	-2.054	-0.184
923.936	97.433	-2.068	-0.197
924.136	99.526	-2.045	-0.179
924.336	101.624	-2.032	-0.195
924.536	103.569	-2.026	-0.191
924.736	105.673	-2.001	-0.201
924.936	107.637	-2.003	-0.183
925.136	109.644	-2.009	-0.208
925.336	111.830	-1.981	-0.157
925.536	113.784	-1.985	-0.185
925.736	115.907	-1.934	-0.157
925.936	117.888	-1.959	-0.215
926.136	119.912	-1.913	-0.198
926.336	121.954	-1.941	-0.210
926.536	123.880	-1.925	-0.195
926.736	125.892	-1.909	-0.190
926.836	127.048	-1.900	-0.206
927.036	128.956	-1.869	-0.187
927.136	130.058	-1.851	-0.199
927.336	132.074	-1.867	-0.219
927.536	134.118	-1.872	-0.225
927.736	136.100	-1.857	-0.208
927.936	138.120	-1.851	-0.210
928.136	140.196	-1.828	-0.188
928.236	141.324	-1.855	-0.230
928.436	143.201	-1.796	-0.187
928.636	145.347	-1.790	-0.229
928.836	147.289	-1.800	-0.228
929.036	149.435	-1.766	-0.213
929.236	151.398	-1.783	-0.214
929.436	153.426	-1.758	-0.217
929.636	155.497	-1.742	-0.195
929.836	157.644	-1.724	-0.225
930.036	159.486	-1.704	-0.215
930.236	161.496	-1.729	-0.229
930.436	163.621	-1.718	-0.239
930.636	165.637	-1.682	-0.201
930.836	167.628	-1.684	-0.209
931.036	169.771	-1.646	-0.210
931.236	171.791	-1.655	-0.215
931.436	173.735	-1.625	-0.221
931.636	175.816	-1.663	-0.230
931.836	177.799	-1.629	-0.220
931.936	178.964	-1.654	-0.198
932.136	180.857	-1.597	-0.202
932.336	182.996	-1.598	-0.229
932.536	185.020	-1.600	-0.221
932.736	187.042	-1.593	-0.232
932.936	189.062	-1.573	-0.223
933.136	191.143	-1.574	-0.220
933.336	193.142	-1.544	-0.188
933.536	195.118	-1.518	-0.212
933.736	197.133	-1.508	-0.222
933.936	199.219	-1.519	-0.247
934.136	201.164	-1.510	-0.218
934.336	203.317	-1.501	-0.232
934.536	205.235	-1.475	-0.211
934.736	207.337	-1.461	-0.228
934.936	209.440	-1.418	-0.198
935.136	211.505	-1.444	-0.251
935.336	213.429	-1.418	-0.224
935.536	215.434	-1.443	-0.248
935.736	217.506	-1.397	-0.198
935.936	219.572	-1.409	-0.219
936.136	221.597	-1.358	-0.213
936.336	223.634	-1.347	-0.218
936.536	225.676	-1.350	-0.239
936.736	227.680	-1.363	-0.244
936.936	229.721	-1.358	-0.223
937.136	231.770	-1.311	-0.206
937.336	233.790	-1.302	-0.201
937.536	235.802	-1.272	-0.240
937.736	237.865	-1.266	-0.217
937.936	239.986	-1.270	-0.253
938.136	241.877	-1.264	-0.237
938.336	244.017	-1.260	-0.229
938.536	245.978	-1.219	-0.211
938.736	247.973	-1.224	-0.235
938.936	250.045	-1.191	-0.234
939.136	252.140	-1.191	-0.258
939.336	254.130	-1.172	-0.229
939.536	256.113	-1.188	-0.247
939.736	258.214	-1.167	-0.211
939.936	260.221	-1.145	-0.221
940.136	262.362	-1.091	-0.202
940.336	264.324	-1.108	-0.250
940.536	266.365	-1.093	-0.234
940.736	268.470	-1.105	-0.246
940.936	270.383	-1.079	-0.231
941.136	272.384	-1.076	-0.227
941.236	273.546	-1.085	-0.228
941.436	275.478	-1.019	-0.230
941.636	277.557	-1.019	-0.225
941.836	279.564	-1.000	-0.251
942.036	281.605	-1.015	-0.236
942.236	283.589	-1.009	-0.234
942.436	285.788	-0.994	-0.232
942.636	287.646	-0.975	-0.210
942.736	288.786	-0.935	-0.233
942.936	290.790	-0.922	-0.209
943.136	292.795	-0.943	-0.258
943.336	294.751	-0.936	-0.245
943.536	296.877	-0.935	-0.249
943.736	298.920	-0.895	-0.218
943.936	300.879	-0.891	-0.221
944.136	302.965	-0.872	-0.236
944.336	305.021	-0.872	-0.258
944.536	306.982	-0.863	-0.247
944.736	309.169	-0.873	-0.255
944.936	311.108	-0.847	-0.229
945.136	313.121	-0.812	-0.232
945.336	315.185	-0.807	-0.220
945.536	317.253	-0.786	-0.258
945.736	319.271	-0.800	-0.272
945.936	321.316	-0.794	-0.253
946.136	323.342	-0.790	-0.241
946.336	325.337	-0.754	-0.252
946.536	327.358	-0.744	-0.216
946.736	329.388	-0.707	-0.227
946.936	331.393	-0.720	-0.243
947.136	333.418	-0.733	-0.284
947.336	335.586	-0.723	-0.223
947.536	337.569	-0.724	-0.263
947.736	339.529	-0.689	-0.215
947.936	341.592	-0.675	-0.234
948.136	343.619	-0.637	-0.232
948.336	345.691	-0.654	-0.259
948.536	347.665	-0.667	-0.266
948.736	349.811	-0.661	-0.250
948.936	351.786	-0.628	-0.229
949.136	353.833	-0.608	-0.225
949.336	355.850	-0.602	-0.243
949.536	357.840	-0.588	-0.260
949.736	359.985	-0.594	-0.267
949.936	361.998	-0.612	-0.260
950.136	364.084	-0.602	-0.247
950.336	366.025	-0.565	-0.225
950.536	368.072	-0.547	-0.228
950.736	370.077	-0.539	-0.252
950.936	372.205	-0.551	-0.270
951.136	374.183	-0.535	-0.264
951.336	376.158	-0.559	-0.254
951.536	378.266	-0.528	-0.256
951.736	380.275	-0.515	-0.219
951.936	382.251	-0.484	-0.238
952.136	384.311	-0.474	-0.247
952.336	386.324	-0.487	-0.270
952.536	388.505	-0.448	-0.265
952.736	390.236	-0.444	-0.268
952.936	391.238	-0.407	-0.232
953.136	391.506	-0.395	-0.228
1214.036	0.000	-4.782	0.583
1214.236	0.090	-4.776	0.580
1214.436	0.879	-4.778	0.573
1214.536	1.679	-4.794	0.593
1214.736	3.587	-4.738	0.597
1214.936	5.582	-4.780	0.566
1215.136	7.708	-4.756	0.585
1215.337	9.707	-4.745	0.592
1215.536	11.717	-4.764	0.576
1215.736	13.803	-4.762	0.556
1215.937	15.753	-4.790	0.585
1216.136	17.908	-4.762	0.568
1216.336	19.777	-4.770	0.587
1216.536	21.910	-4.760	0.563
1216.736	23.935	-4.749	0.587
1216.936	25.938	-4.763	0.561
1217.136	28.035	-4.736	0.584
1217.336	29.986	-4.779	0.541
1217.536	32.081	-4.746	0.584
1217.736	34.100	-4.796	0.510
1217.936	36.111	-2.913	0.240
1218.136	38.094	-2.569	0.074
1218.236	39.242	-2.523	0.076
1218.436	41.205	-2.542	-0.017
1218.636	43.148	-2.557	-0.041
1218.836	45.256	-2.522	-0.050
1219.036	47.235	-2.499	-0.057
1219.236	49.260	-2.434	-0.079
1219.436	51.410	-2.402	-0.097
1219.636	53.462	-2.367	-0.081
1219.836	55.412	-2.375	-0.119
1220.036	57.416	-2.341	-0.145
1220.237	59.474	-2.339	-0.157
1220.437	61.552	-2.306	-0.166
1220.637	63.545	-2.283	-0.152
1220.836	65.570	-2.282	-0.178
1221.036	67.611	-2.243	-0.154
1221.236	69.598	-2.246	-0.198
1221.436	71.815	-2.234	-0.187
1221.636	73.798	-2.227	-0.209
1221.836	75.741	-2.187	-0.216
1222.036	77.844	-2.172	-0.231
1222.236	79.790	-2.181	-0.231
1222.436	81.944	-2.157	-0.221
1222.636	83.941	-2.140	-0.155
1222.836	86.000	-2.118	-0.173
1223.036	88.016	-2.113	-0.180
1223.236	89.948	-2.090	-0.192
1223.336	91.108	-2.071	-0.164
1223.536	93.051	-2.085	-0.196
1223.736	95.147	-2.088	-0.189
1223.936	97.071	-2.033	-0.155
1224.136	99.230	-2.035	-0.173
1224.336	101.213	-1.996	-0.169
1224.536	103.179	-2.017	-0.205
1224.736	105.210	-1.980	-0.198
1224.936	107.288	-2.026	-0.218
1225.136	109.364	-1.984	-0.190
1225.336	111.364	-2.006	-0.176
1225.536	113.409	-1.954	-0.163
1225.736	115.455	-1.953	-0.159
1225.936	117.455	-1.921	-0.171
1226.136	119.469	-1.933	-0.198
1226.336	121.502	-1.919	-0.209
1226.536	123.509	-1.942	-0.209
1226.736	125.586	-1.900	-0.193
1226.936	127.700	-1.900	-0.189
1227.136	129.711	-1.876	-0.180
1227.336	131.739	-1.874	-0.187
1227.536	133.680	-1.844	-0.201
1227.636	134.838	-1.876	-0.226
1227.836	136.825	-1.829	-0.193
1228.036	138.789	-1.844	-0.240
1228.236	140.804	-1.824	-0.208
1228.436	142.889	-1.839	-0.235
1228.636	144.874	-1.816	-0.195
1228.836	146.951	-1.811	-0.218
1229.036	149.070	-1.751	-0.182
1229.236	151.117	-1.762	-0.210
1229.436	153.128	-1.745	-0.228
1229.636	155.130	-1.751	-0.229
1229.836	157.252	-1.749	-0.235
1230.036	159.237	-1.747	-0.223
1230.236	161.219	-1.731	-0.201
1230.436	163.246	-1.695	-0.194
1230.636	165.236	-1.665	-0.184
1230.736	166.399	-1.675	-0.232
1230.936	168.410	-1.678	-0.221
1231.136	170.405	-1.645	-0.227
1231.336	172.405	-1.652	-0.231
1231.536	174.464	-1.644	-0.234
1231.736	176.578	-1.669	-0.229
1231.936	178.550	-1.630	-0.204
1232.136	180.516	-1.637	-0.216
1232.236	181.667	-1.604	-0.175
1232.436	183.630	-1.584	-0.221
1232.636	185.662	-1.579	-0.215
1232.836	187.678	-1.591	-0.251
1233.036	189.659	-1.576	-0.230
1233.236	191.845	-1.577	-0.233
1233.436	193.799	-1.533	-0.196
1233.636	195.904	-1.540	-0.210
1233.836	197.841	-1.506	-0.209
1234.036	199.857	-1.520	-0.211
1234.236	201.916	-1.465	-0.207
1234.436	203.966	-1.481	-0.229
1234.636	205.987	-1.479	-0.239
1234.836	208.012	-1.462	-0.225
1235.036	210.056	-1.456	-0.213
1235.236	212.042	-1.437	-0.223
1235.436	214.071	-1.427	-0.214
1235.636	216.245	-1.401	-0.207
1235.836	218.212	-1.395	-0.221
1236.036	220.310	-1.384	-0.235
1236.236	222.317	-1.355	-0.224
1236.436	224.296	-1.354	-0.233
1236.636	226.281	-1.373	-0.239
1236.836	228.361	-1.345	-0.229
1237.036	230.376	-1.343	-0.209
1237.236	232.452	-1.303	-0.222
1237.436	234.409	-1.285	-0.220
1237.636	236.418	-1.279	-0.238
1237.736	237.539	-1.292	-0.263
1237.936	239.525	-1.266	-0.228
1238.136	241.623	-1.276	-0.250
1238.336	243.555	-1.243	-0.209
1238.536	245.629	-1.255	-0.234
1238.736	247.731	-1.209	-0.199
1238.936	249.783	-1.225	-0.239
1239.136	251.794	-1.167	-0.210
1239.336	253.797	-1.179	-0.244
1239.536	255.912	-1.156	-0.231
1239.736	257.913	-1.180	-0.247
1239.936	259.888	-1.147	-0.224
1240.136	261.982	-1.140	-0.213
1240.336	263.967	-1.108	-0.223
1240.536	266.079	-1.100	-0.239
1240.736	267.963	-1.073	-0.224
1240.936	270.092	-1.071	-0.237
1241.136	272.144	-1.059	-0.257
1241.336	274.121	-1.055	-0.254
1241.536	276.090	-1.052	-0.234
1241.736	278.125	-1.042	-0.242
1241.836	279.246	-1.037	-0.202
1242.036	281.273	-0.990	-0.229
1242.236	283.308	-0.983	-0.219
1242.436	285.313	-0.967	-0.249
1242.636	287.438	-0.972	-0.248
1242.836	289.443	-0.978	-0.256
1243.036	291.365	-0.957	-0.244
1243.236	293.439	-0.951	-0.243
1243.436	295.522	-0.938	-0.232
1243.636	297.550	-0.912	-0.224
1243.836	299.563	-0.909	-0.240
1244.036	301.580	-0.885	-0.242
1244.236	303.624	-0.889	-0.266
1244.436	305.666	-0.863	-0.241
1244.636	307.672	-0.875	-0.249
1244.836	309.723	-0.865	-0.236
1245.036	311.774	-0.852	-0.227
1245.236	313.768	-0.824	-0.238
1245.436	315.798	-0.830	-0.233
1245.636	317.847	-0.789	-0.251
1245.836	319.910	-0.778	-0.226
1246.036	321.946	-0.770	-0.247
1246.236	323.949	-0.788	-0.267
1246.436	326.065	-0.757	-0.247
1246.636	328.118	-0.764	-0.223
1246.836	330.121	-0.745	-0.235
1247.036	332.091	-0.748	-0.252
1247.236	334.109	-0.709	-0.233
1247.436	336.193	-0.676	-0.237
1247.636	338.238	-0.697	-0.266
1247.836	340.254	-0.700	-0.270
1248.036	342.392	-0.695	-0.241
1248.236	344.337	-0.694	-0.247
1248.436	346.332	-0.668	-0.219
1248.636	348.375	-0.661	-0.246
1248.836	350.362	-0.619	-0.216
1249.036	352.521	-0.630	-0.261
1249.236	354.423	-0.599	-0.247
1249.436	356.621	-0.634	-0.281
1249.636	358.550	-0.601	-0.243
1249.836	360.650	-0.628	-0.254
1250.036	362.654	-0.591	-0.245
1250.236	364.616	-0.586	-0.229
1250.436	366.676	-0.543	-0.222
1250.636	368.744	-0.553	-0.254
1250.836	370.808	-0.557	-0.264
1251.036	372.741	-0.547	-0.275
1251.136	373.900	-0.545	-0.248
1251.336	375.916	-0.547	-0.262
1251.536	377.847	-0.547	-0.257
1251.736	380.000	-0.521	-0.245
1251.936	381.904	-0.522	-0.230
1252.036	383.063	-0.469	-0.215
1252.236	385.072	-0.483	-0.267
1252.436	387.036	-0.476	-0.265
1252.636	389.210	-0.461	-0.277
1252.836	390.698	-0.433	-0.248
1253.036	391.421	-0.416	-0.253
1253.236	391.507	-0.404	-0.240
1514.236	0.000	-4.799	0.526
1514.436	0.197	-4.810	0.517
1514.636	1.176	-4.762	0.543
1514.836	2.943	-4.792	0.521
1515.036	5.054	-4.765	0.524
1515.237	6.954	-4.771	0.514
1515.436	9.039	-4.771	0.524
1515.636	11.042	-4.769	0.518
1515.837	13.087	-4.771	0.523
1516.036	15.193	-4.795	0.509
1516.236	17.185	-4.792	0.518
1516.436	19.171	-4.783	0.515
1516.636	21.143	-4.781	0.539
1516.736	22.249	-4.768	0.539
1516.936	24.309	-4.783	0.526
1517.136	26.238	-4.749	0.533
1517.337	28.396	-4.783	0.507
1517.536	30.419	-4.766	0.499
1517.737	32.468	-4.793	0.467
1517.936	34.453	-4.759	0.481
1518.136	36.486	-2.722	0.137
1518.337	38.503	-2.562	0.020
1518.537	40.494	-2.560	-0.026
1518.736	42.540	-2.534	-0.025
1518.936	44.745	-2.526	-0.040
1519.138	46.714	-2.501	-0.086
1519.338	48.713	-2.442	-0.086
1519.536	50.677	-2.410	-0.086
1519.738	52.826	-2.395	-0.121
1519.937	54.753	-2.376	-0.107
1520.138	56.867	-2.375	-0.141
1520.336	58.889	-2.344	-0.133
1520.537	60.953	-2.329	-0.155
1520.736	63.000	-2.272	-0.139
1520.936	65.001	-2.269	-0.158
1521.136	66.983	-2.256	-0.188
1521.336	69.106	-2.256	-0.210
1521.536	71.111	-2.235	-0.185
1521.736	73.167	-2.218	-0.206
1521.937	75.094	-2.202	-0.212
1522.136	77.092	-2.188	-0.237
1522.236	78.240	-2.167	-0.224
1522.437	80.277	-2.157	-0.219
1522.637	82.260	-2.143	-0.211
1522.836	84.276	-2.111	-0.150
1523.036	86.296	-2.108	-0.152
1523.236	88.404	-2.079	-0.166
1523.436	90.500	-2.103	-0.190
1523.636	92.496	-2.074	-0.182
1523.836	94.609	-2.076	-0.168
1524.036	96.513	-2.048	-0.184
1524.236	98.542	-2.033	-0.153
1524.436	100.514	-2.009	-0.175
1524.636	102.588	-1.989	-0.151
1524.836	104.742	-1.988	-0.197
1525.036	106.681	-1.989	-0.201
1525.236	108.660	-1.971	-0.201
1525.437	110.673	-1.969	-0.196
1525.636	112.822	-1.972	-0.192
1525.837	114.845	-1.981	-0.195
1526.036	116.885	-1.959	-0.179
1526.236	118.808	-1.949	-0.176
1526.436	121.035	-1.929	-0.167
1526.636	122.909	-1.907	-0.176
1526.836	124.945	-1.889	-0.179
1527.036	126.999	-1.891	-0.209
1527.236	129.043	-1.885	-0.207
1527.437	131.013	-1.867	-0.210
1527.637	133.055	-1.865	-0.198
1527.836	135.077	-1.874	-0.229
1527.936	136.205	-1.877	-0.186
1528.136	138.316	-1.851	-0.203
1528.337	140.325	-1.815	-0.177
1528.536	142.269	-1.823	-0.197
1528.736	144.227	-1.807	-0.199
1528.836	145.336	-1.790	-0.187
1529.036	147.338	-1.768	-0.194
1529.236	149.369	-1.760	-0.209
1529.438	151.467	-1.787	-0.248
1529.637	153.490	-1.757	-0.233
1529.836	155.419	-1.773	-0.217
1529.936	156.520	-1.728	-0.177
1530.137	158.543	-1.742	-0.218
1530.336	160.630	-1.720	-0.195
1530.536	162.690	-1.703	-0.214
1530.737	164.698	-1.683	-0.193
1530.936	166.685	-1.685	-0.218
1531.136	168.659	-1.662	-0.209
1531.336	170.704	-1.639	-0.203
1531.436	171.875	-1.679	-0.256
1531.637	173.743	-1.652	-0.221
1531.836	175.784	-1.652	-0.223
1531.936	176.948	-1.651	-0.241
1532.137	178.843	-1.628	-0.213
1532.336	180.852	-1.637	-0.199
1532.436	182.017	-1.585	-0.216
1532.637	183.912	-1.593	-0.201
1532.736	185.021	-1.594	-0.163
1532.936	187.061	-1.564	-0.218
1533.136	189.091	-1.561	-0.218
1533.336	191.096	-1.561	-0.237
1533.536	193.086	-1.537	-0.216
1533.636	194.204	-1.520	-0.206
1533.836	196.151	-1.555	-0.265
1534.036	198.241	-1.521	-0.216
1534.236	200.228	-1.528	-0.233
1534.436	202.338	-1.507	-0.199
1534.636	204.371	-1.489	-0.232
1534.836	206.367	-1.456	-0.191
1535.037	208.340	-1.427	-0.212
1535.237	210.386	-1.431	-0.212
1535.436	212.492	-1.430	-0.239
1535.636	214.628	-1.412	-0.221
1535.836	216.496	-1.432	-0.258
1536.037	218.527	-1.406	-0.210
1536.236	220.671	-1.409	-0.234
1536.436	222.710	-1.366	-0.211
1536.636	224.720	-1.375	-0.219
1536.837	226.824	-1.343	-0.202
1537.036	228.661	-1.333	-0.217
1537.236	230.828	-1.309	-0.215
1537.437	232.912	-1.311	-0.230
1537.636	234.909	-1.295	-0.241
1537.836	236.880	-1.286	-0.237
1538.036	238.938	-1.276	-0.232
1538.236	240.928	-1.274	-0.231
1538.437	242.924	-1.274	-0.242
1538.637	245.056	-1.241	-0.235
1538.837	246.975	-1.237	-0.223
1539.037	249.046	-1.207	-0.213
1539.237	251.132	-1.191	-0.223
1539.437	253.281	-1.164	-0.223
1539.636	255.263	-1.161	-0.241
1539.836	257.232	-1.143	-0.236
1540.037	259.236	-1.166	-0.261
1540.236	261.263	-1.138	-0.240
1540.437	263.399	-1.154	-0.238
1540.636	265.343	-1.106	-0.224
1540.836	267.362	-1.112	-0.234
1541.036	269.415	-1.072	-0.221
1541.236	271.521	-1.081	-0.218
1541.437	273.566	-1.038	-0.240
1541.636	275.586	-1.047	-0.236
1541.836	277.620	-1.028	-0.260
1542.036	279.623	-1.025	-0.259
1542.236	281.649	-1.007	-0.243
1542.437	283.674	-1.015	-0.247
1542.637	285.679	-0.985	-0.213
1542.837	287.690	-1.002	-0.244
1543.036	289.858	-0.981	-0.242
1543.236	291.841	-0.946	-0.222
1543.436	293.761	-0.923	-0.228
1543.536	294.893	-0.910	-0.235
1543.736	296.958	-0.916	-0.238
1543.936	298.884	-0.914	-0.260
1544.036	300.027	-0.901	-0.227
1544.236	301.994	-0.892	-0.242
1544.436	304.038	-0.906	-0.262
1544.637	306.042	-0.897	-0.227
1544.836	308.110	-0.881	-0.249
1545.036	310.226	-0.853	-0.215
1545.237	312.221	-0.864	-0.248
1545.436	314.147	-0.791	-0.199
1545.636	316.188	-0.825	-0.249
1545.836	318.259	-0.793	-0.236
1546.036	320.342	-0.808	-0.273
1546.236	322.377	-0.790	-0.241
1546.436	324.373	-0.801	-0.263
1546.636	326.420	-0.784	-0.254
1546.836	328.444	-0.783	-0.244
1547.036	330.447	-0.743	-0.223
1547.236	332.442	-0.756	-0.236
1547.437	334.453	-0.724	-0.220
1547.536	335.564	-0.715	-0.248
1547.737	337.604	-0.687	-0.225
1547.936	339.599	-0.670	-0.226
1548.136	341.597	-0.695	-0.256
1548.337	343.771	-0.671	-0.250
1548.537	345.736	-0.695	-0.259
1548.738	347.781	-0.664	-0.238
1548.936	349.724	-0.684	-0.249
1549.036	350.825	-0.635	-0.237
1549.237	352.824	-0.630	-0.227
1549.436	354.884	-0.631	-0.234
1549.636	356.888	-0.615	-0.246
1549.836	358.971	-0.607	-0.226
1550.036	360.994	-0.574	-0.254
1550.237	363.070	-0.570	-0.249
1550.436	365.061	-0.590	-0.266
1550.636	367.199	-0.565	-0.257
1550.836	369.082	-0.584	-0.254
1551.036	371.119	-0.573	-0.245
1551.236	373.292	-0.558	-0.256
1551.436	375.304	-0.550	-0.231
1551.637	377.260	-0.519	-0.228
1551.836	379.268	-0.529	-0.234
1552.037	381.255	-0.504	-0.253
1552.136	382.416	-0.503	-0.266
1552.336	384.425	-0.480	-0.239
1552.536	386.408	-0.471	-0.267
1552.736	388.481	-0.472	-0.266
1552.936	390.209	-0.450	-0.288
1553.036	390.902	-0.419	-0.210
1553.236	391.482	-0.429	-0.265
1553.436	391.506	-0.409	-0.249
1814.337	0.001	-4.804	0.445
1814.537	0.450	-4.778	0.451
1814.736	1.712	-4.799	0.439
1814.937	3.713	-4.800	0.442
1815.137	5.727	-4.785	0.451
1815.337	7.739	-4.780	0.469
1815.537	9.701	-4.780	0.463
1815.737	11.878	-4.773	0.455
1815.937	13.873	-4.807	0.449
1816.136	15.810	-4.748	0.480
1816.336	17.839	-4.781	0.449
1816.537	19.975	-4.770	0.459
1816.737	22.005	-4.777	0.443
1816.937	24.049	-4.792	0.435
1817.136	25.976	-4.816	0.441
1817.336	28.188	-4.790	0.456
1817.536	30.019	-4.798	0.440
1817.736	32.181	-4.790	0.443
1817.937	34.286	-4.774	0.423
1818.136	36.265	-2.964	0.169
1818.337	38.209	-2.551	0.005
1818.537	40.272	-2.543	-0.027
1818.737	42.255	-2.562	-0.055
1818.836	43.389	-2.504	-0.041
1819.037	45.407	-2.528	-0.040
1819.237	47.391	-2.490	-0.094
1819.437	49.520	-2.449	-0.107
1819.636	51.508	-2.423	-0.128
1819.837	53.484	-2.373	-0.109
1820.037	55.488	-2.380	-0.122
1820.237	57.544	-2.348	-0.147
1820.437	59.550	-2.319	-0.136
1820.637	61.654	-2.308	-0.160
1820.837	63.597	-2.275	-0.164
1821.036	65.726	-2.278	-0.202
1821.237	67.689	-2.250	-0.188
1821.437	69.738	-2.251	-0.212
1821.637	71.847	-2.224	-0.207
1821.837	73.894	-2.213	-0.216
1822.037	75.819	-2.200	-0.220
1822.237	77.826	-2.170	-0.227
1822.337	79.014	-2.190	-0.255
1822.537	81.052	-2.145	-0.230
1822.737	83.041	-2.122	-0.183
1822.936	85.119	-2.111	-0.154
1823.137	87.111	-2.099	-0.179
1823.337	89.078	-2.081	-0.157
1823.537	91.169	-2.078	-0.194
1823.737	93.165	-2.051	-0.168
1823.937	95.142	-2.062	-0.198
1824.137	97.239	-2.030	-0.159
1824.336	99.261	-2.060	-0.182
1824.536	101.244	-2.014	-0.166
1824.736	103.420	-2.025	-0.177
1824.936	105.334	-1.975	-0.163
1825.136	107.362	-1.982	-0.176
1825.337	109.446	-1.963	-0.174
1825.536	111.407	-1.958	-0.179
1825.737	113.591	-1.923	-0.180
1825.937	115.505	-1.962	-0.194
1826.137	117.551	-1.927	-0.183
1826.337	119.560	-1.947	-0.194
1826.536	121.696	-1.924	-0.188
1826.737	123.613	-1.946	-0.191
1826.936	125.764	-1.893	-0.161
1827.136	127.689	-1.914	-0.173
1827.337	129.737	-1.867	-0.163
1827.537	131.782	-1.864	-0.168
1827.737	133.812	-1.846	-0.189
1827.937	135.865	-1.833	-0.185
1828.137	137.869	-1.827	-0.211
1828.337	139.917	-1.825	-0.218
1828.537	141.939	-1.811	-0.197
1828.736	144.061	-1.818	-0.219
1828.937	146.159	-1.803	-0.195
1829.136	148.183	-1.819	-0.243
1829.336	150.174	-1.767	-0.188
1829.537	152.146	-1.798	-0.219
1829.737	154.235	-1.764	-0.188
1829.937	156.322	-1.748	-0.209
1830.137	158.259	-1.718	-0.174
1830.337	160.222	-1.711	-0.208
1830.536	162.389	-1.684	-0.199
1830.736	164.320	-1.686	-0.227
1830.836	165.479	-1.687	-0.214
1831.037	167.507	-1.671	-0.222
1831.237	169.491	-1.669	-0.224
1831.437	171.608	-1.669	-0.233
1831.637	173.451	-1.670	-0.239
1831.837	175.662	-1.664	-0.213
1832.037	177.599	-1.674	-0.231
1832.237	179.624	-1.612	-0.185
1832.437	181.629	-1.624	-0.197
1832.637	183.721	-1.579	-0.184
1832.836	185.690	-1.591	-0.205
1832.937	186.848	-1.576	-0.240
1833.137	188.726	-1.560	-0.209
1833.336	190.858	-1.547	-0.225
1833.537	192.875	-1.534	-0.217
1833.737	194.900	-1.523	-0.228
1833.937	196.961	-1.535	-0.232
1834.136	198.928	-1.535	-0.229
1834.337	201.024	-1.532	-0.242
1834.537	202.974	-1.499	-0.211
1834.737	205.011	-1.479	-0.212
1834.936	207.011	-1.455	-0.201
1835.137	209.172	-1.437	-0.196
1835.337	211.179	-1.439	-0.211
1835.537	213.149	-1.404	-0.207
1835.736	215.184	-1.422	-0.230
1835.937	217.272	-1.394	-0.238
1836.137	219.257	-1.396	-0.232
1836.337	221.322	-1.384	-0.242
1836.537	223.429	-1.371	-0.211
1836.737	225.478	-1.360	-0.241
1836.937	227.420	-1.367	-0.225
1837.137	229.413	-1.356	-0.233
1837.337	231.532	-1.340	-0.207
1837.537	233.515	-1.317	-0.210
1837.737	235.683	-1.298	-0.207
1837.937	237.559	-1.269	-0.218
1838.137	239.699	-1.258	-0.204
1838.337	241.745	-1.227	-0.217
1838.537	243.638	-1.241	-0.242
1838.636	244.764	-1.262	-0.255
1838.837	246.767	-1.216	-0.231
1839.036	248.821	-1.206	-0.236
1839.237	250.926	-1.215	-0.257
1839.437	252.807	-1.192	-0.238
1839.637	254.939	-1.200	-0.253
1839.837	256.920	-1.161	-0.210
1840.037	259.053	-1.170	-0.238
1840.237	260.967	-1.121	-0.197
1840.437	262.983	-1.133	-0.228
1840.637	265.041	-1.063	-0.208
1840.837	267.232	-1.092	-0.251
1841.037	269.238	-1.063	-0.241
1841.237	271.205	-1.074	-0.252
1841.436	273.171	-1.049	-0.250
1841.636	275.198	-1.056	-0.263
1841.737	276.358	-1.032	-0.234
1841.937	278.265	-1.040	-0.238
1842.137	280.288	-1.043	-0.247
1842.237	281.436	-1.020	-0.186
1842.436	283.439	-1.009	-0.222
1842.636	285.424	-0.988	-0.223
1842.836	287.415	-0.973	-0.214
1843.036	289.410	-0.958	-0.211
1843.137	290.542	-0.918	-0.197
1843.336	292.532	-0.949	-0.246
1843.537	294.505	-0.914	-0.227
1843.636	295.634	-0.944	-0.231
1843.836	297.700	-0.924	-0.256
1844.037	299.612	-0.893	-0.240
1844.237	301.636	-0.922	-0.249
1844.437	303.754	-0.894	-0.255
1844.637	305.848	-0.918	-0.242
1844.837	307.831	-0.873	-0.244
1845.036	309.938	-0.870	-0.225
1845.237	311.816	-0.841	-0.236
1845.336	312.920	-0.848	-0.253
1845.537	314.888	-0.831	-0.219
1845.737	316.933	-0.820	-0.239
1845.937	319.022	-0.791	-0.229
1846.137	321.162	-0.784	-0.242
1846.336	323.017	-0.780	-0.238
1846.436	324.181	-0.782	-0.269
1846.637	326.117	-0.781	-0.255
1846.836	328.130	-0.759	-0.260
1847.037	330.102	-0.779	-0.255
1847.237	332.194	-0.755	-0.249
1847.436	334.200	-0.748	-0.228
1847.536	335.354	-0.758	-0.234
1847.737	337.252	-0.717	-0.238
1847.937	339.318	-0.713	-0.212
1848.137	341.343	-0.697	-0.250
1848.337	343.370	-0.678	-0.218
1848.537	345.434	-0.687	-0.265
1848.736	347.393	-0.635	-0.218
1848.836	348.502	-0.657	-0.243
1849.037	350.458	-0.644	-0.266
1849.237	352.644	-0.647	-0.234
1849.437	354.619	-0.655	-0.270
1849.637	356.626	-0.624	-0.235
1849.837	358.693	-0.634	-0.254
1850.036	360.662	-0.609	-0.233
1850.237	362.686	-0.618	-0.243
1850.437	364.819	-0.590	-0.229
1850.637	366.881	-0.596	-0.253
1850.837	368.886	-0.562	-0.229
1851.036	370.825	-0.554	-0.248
1851.236	372.866	-0.527	-0.228
1851.436	374.941	-0.548	-0.261
1851.636	377.005	-0.521	-0.239
1851.836	378.927	-0.537	-0.267
1851.936	380.068	-0.548	-0.287
1852.137	382.104	-0.514	-0.245
1852.337	384.021	-0.542	-0.267
1852.537	386.163	-0.482	-0.228
1852.737	388.188	-0.499	-0.257
1852.937	390.078	-0.438	-0.240
1853.137	391.173	-0.447	-0.258
1853.337	391.507	-0.407	-0.238
2114.237	0.000	-4.785	0.528
2114.437	0.100	-4.771	0.508
2114.637	0.851	-4.774	0.497
2114.737	1.622	-4.783	0.481
2114.937	3.440	-4.767	0.490
2115.137	5.444	-4.790	0.486
2115.337	7.495	-4.779	0.471
2115.537	9.535	-4.777	0.471
2115.737	11.656	-4.792	0.463
2115.937	13.728	-4.796	0.441
2116.137	15.719	-4.787	0.476
2116.337	17.672	-4.782	0.464
2116.537	19.731	-4.780	0.478
2116.737	21.705	-4.787	0.450
2116.837	22.866	-4.796	0.467
2117.037	24.868	-4.775	0.476
2117.237	26.897	-4.770	0.457
2117.437	28.872	-4.780	0.463
2117.637	30.984	-4.775	0.454
2117.837	33.096	-4.768	0.454
2118.037	35.008	-4.363	0.353
2118.237	37.044	-2.534	0.055
2118.437	39.173	-2.564	0.016
2118.637	41.110	-2.546	0.008
2118.837	43.072	-2.539	0.001
2118.936	44.199	-2.551	-0.030
2119.137	46.163	-2.513	-0.014
2119.337	48.328	-2.459	-0.021
2119.537	50.293	-2.415	-0.040
2119.736	52.265	-2.399	-0.037
2119.937	54.399	-2.379	-0.067
2120.137	56.404	-2.365	-0.082
2120.337	58.464	-2.361	-0.118
2120.537	60.465	-2.315	-0.108
2120.737	62.490	-2.291	-0.134
2120.937	64.481	-2.284	-0.129
2121.137	66.599	-2.273	-0.159
2121.337	68.696	-2.253	-0.149
2121.537	70.672	-2.249	-0.171
2121.737	72.601	-2.219	-0.170
2121.937	74.667	-2.212	-0.176
2122.137	76.689	-2.161	-0.177
2122.337	78.856	-2.173	-0.220
2122.537	80.819	-2.135	-0.191
2122.737	82.753	-2.119	-0.179
2122.937	84.908	-2.115	-0.157
2123.137	86.833	-2.107	-0.166
2123.337	89.028	-2.095	-0.154
2123.537	90.952	-2.077	-0.157
2123.737	92.926	-2.063	-0.150
2123.937	94.972	-2.056	-0.169
2124.137	97.130	-2.016	-0.141
2124.337	99.089	-2.026	-0.155
2124.537	101.161	-2.015	-0.145
2124.736	103.179	-1.988	-0.168
2124.937	105.324	-1.964	-0.150
2125.137	107.167	-1.962	-0.169
2125.337	109.310	-1.964	-0.174
2125.537	111.409	-1.961	-0.189
2125.737	113.399	-1.956	-0.180
2125.937	115.376	-1.950	-0.189
2126.137	117.461	-1.952	-0.179
2126.337	119.453	-1.938	-0.187
2126.537	121.427	-1.925	-0.170
2126.737	123.518	-1.938	-0.179
2126.937	125.529	-1.892	-0.146
2127.137	127.693	-1.891	-0.181
2127.337	129.676	-1.864	-0.145
2127.537	131.582	-1.877	-0.181
2127.737	133.746	-1.831	-0.181
2127.937	135.672	-1.836	-0.205
2128.137	137.696	-1.821	-0.192
2128.337	139.875	-1.835	-0.215
2128.537	141.836	-1.823	-0.201
2128.737	143.831	-1.805	-0.199
2128.937	145.854	-1.811	-0.213
2129.137	148.044	-1.801	-0.215
2129.337	149.975	-1.798	-0.204
2129.536	151.994	-1.781	-0.218
2129.737	154.053	-1.754	-0.179
2129.937	156.118	-1.744	-0.198
2130.137	158.150	-1.740	-0.182
2130.337	160.186	-1.694	-0.193
2130.537	162.231	-1.696	-0.189
2130.737	164.233	-1.669	-0.211
2130.937	166.268	-1.676	-0.192
2131.137	168.286	-1.671	-0.233
2131.337	170.279	-1.675	-0.215
2131.537	172.310	-1.661	-0.232
2131.737	174.335	-1.661	-0.195
2131.936	176.354	-1.644	-0.217
2132.137	178.421	-1.640	-0.215
2132.337	180.410	-1.631	-0.218
2132.437	181.572	-1.650	-0.231
2132.637	183.551	-1.604	-0.190
2132.837	185.534	-1.604	-0.207
2133.037	187.559	-1.560	-0.173
2133.237	189.602	-1.559	-0.213
2133.436	191.680	-1.545	-0.217
2133.637	193.741	-1.541	-0.229
2133.837	195.708	-1.520	-0.214
2134.037	197.701	-1.522	-0.235
2134.237	199.827	-1.505	-0.223
2134.437	201.860	-1.509	-0.232
2134.637	203.931	-1.483	-0.218
2134.837	205.870	-1.502	-0.235
2135.037	207.879	-1.461	-0.205
2135.137	209.048	-1.473	-0.203
2135.337	210.954	-1.455	-0.208
2135.537	212.957	-1.415	-0.193
2135.637	214.119	-1.453	-0.227
2135.836	216.001	-1.411	-0.204
2136.037	218.169	-1.388	-0.207
2136.237	220.193	-1.362	-0.203
2136.437	222.217	-1.367	-0.230
2136.636	224.250	-1.356	-0.222
2136.837	226.233	-1.349	-0.238
2137.037	228.217	-1.337	-0.216
2137.137	229.353	-1.312	-0.225
2137.337	231.360	-1.346	-0.246
2137.537	233.422	-1.320	-0.232
2137.737	235.378	-1.318	-0.227
2137.937	237.503	-1.289	-0.214
2138.137	239.432	-1.287	-0.215
2138.337	241.461	-1.245	-0.191
2138.537	243.561	-1.259	-0.219
2138.737	245.627	-1.220	-0.207
2138.937	247.639	-1.213	-0.205
2139.136	249.573	-1.181	-0.226
2139.337	251.622	-1.184	-0.224
2139.537	253.778	-1.166	-0.236
2139.736	255.821	-1.159	-0.239
2139.937	257.722	-1.160	-0.235
2140.137	259.866	-1.168	-0.253
2140.337	261.890	-1.131	-0.217
2140.537	263.911	-1.137	-0.254
2140.737	265.893	-1.099	-0.215
2140.937	267.926	-1.120	-0.241
2141.137	269.956	-1.083	-0.206
2141.337	272.082	-1.080	-0.215
2141.536	274.030	-1.046	-0.214
2141.737	276.130	-1.054	-0.216
2141.937	278.080	-1.010	-0.222
2142.137	280.229	-1.014	-0.243
2142.337	282.185	-1.001	-0.244
2142.537	284.261	-1.008	-0.242
2142.737	286.200	-0.966	-0.231
2142.837	287.353	-0.985	-0.240
2143.037	289.315	-0.990	-0.249
2143.237	291.307	-0.971	-0.255
2143.337	292.486	-0.985	-0.235
2143.537	294.497	-0.930	-0.228
2143.737	296.467	-0.957	-0.241
2143.936	298.457	-0.929	-0.234
2144.137	300.494	-0.922	-0.229
2144.337	302.497	-0.911	-0.222
2144.537	304.634	-0.891	-0.226
2144.737	306.627	-0.864	-0.221
2144.937	308.602	-0.859	-0.235
2145.137	310.709	-0.836	-0.222
2145.337	312.701	-0.849	-0.260
2145.537	314.692	-0.837	-0.250
2145.737	316.790	-0.844	-0.265
2145.937	318.796	-0.826	-0.242
2146.137	320.892	-0.837	-0.268
2146.337	322.972	-0.796	-0.231
2146.537	324.920	-0.812	-0.246
2146.737	326.895	-0.788	-0.229
2146.937	329.027	-0.777	-0.235
2147.137	331.139	-0.755	-0.218
2147.337	333.066	-0.751	-0.234
2147.537	335.206	-0.738	-0.231
2147.737	337.101	-0.725	-0.237
2147.936	339.173	-0.684	-0.223
2148.137	341.211	-0.701	-0.247
2148.337	343.217	-0.679	-0.234
2148.537	345.254	-0.699	-0.275
2148.737	347.271	-0.689	-0.273
2148.937	349.433	-0.670	-0.247
2149.137	351.416	-0.661	-0.257
2149.337	353.542	-0.660	-0.246
2149.537	355.386	-0.658	-0.230
2149.737	357.526	-0.619	-0.229
2149.937	359.618	-0.619	-0.233
2150.137	361.597	-0.608	-0.227
2150.337	363.551	-0.606	-0.231
2150.537	365.664	-0.560	-0.228
2150.737	367.651	-0.575	-0.235
2150.937	369.627	-0.553	-0.249
2151.136	371.740	-0.537	-0.237
2151.337	373.686	-0.544	-0.250
2151.537	375.893	-0.545	-0.264
2151.737	377.862	-0.529	-0.257
2151.937	379.916	-0.540	-0.261
2152.137	381.881	-0.529	-0.262
2152.337	383.941	-0.528	-0.247
2152.537	386.036	-0.496	-0.233
2152.737	388.028	-0.486	-0.227
2152.937	390.011	-0.454	-0.240
2153.137	391.110	-0.415	-0.220
2153.337	391.507	-0.400	-0.221
2414.337	0.000	-4.797	0.532
2414.537	0.054	-4.807	0.540
2414.737	0.741	-4.783	0.541
2414.937	2.234	-4.808	0.547
2415.137	4.173	-4.783	0.570
2415.337	6.171	-4.792	0.556
2415.537	8.185	-4.775	0.574
2415.637	9.293	-4.824	0.514
2415.837	11.378	-4.775	0.571
2416.037	13.353	-4.771	0.561
2416.237	15.426	-4.786	0.540
2416.437	17.491	-4.761	0.558
2416.637	19.465	-4.772	0.546
2416.837	21.493	-4.773	0.542
2417.037	23.558	-4.796	0.528
2417.237	25.502	-4.770	0.531
2417.437	27.620	-4.782	0.554
2417.637	29.683	-4.798	0.522
2417.837	31.678	-4.790	0.562
2418.037	33.668	-4.794	0.515
2418.237	35.695	-3.534	0.330
2418.437	37.741	-2.562	0.050
2418.637	39.852	-2.557	0.027
2418.837	41.878	-2.541	0.001
2419.037	43.819	-2.540	-0.022
2419.237	46.026	-2.510	-0.045
2419.437	47.910	-2.458	-0.056
2419.637	49.892	-2.431	-0.062
2419.737	51.035	-2.450	-0.086
2419.937	53.056	-2.393	-0.083
2420.137	55.029	-2.392	-0.107
2420.337	57.055	-2.351	-0.086
2420.537	59.100	-2.358	-0.127
2420.737	61.163	-2.315	-0.119
2420.937	63.211	-2.321	-0.144
2421.137	65.213	-2.255	-0.148
2421.338	67.218	-2.282	-0.153
2421.538	69.241	-2.225	-0.160
2421.737	71.377	-2.221	-0.155
2421.939	73.492	-2.199	-0.181
2422.138	75.420	-2.184	-0.198
2422.337	77.511	-2.171	-0.227
2422.537	79.401	-2.149	-0.226
2422.737	81.556	-2.136	-0.219
2422.937	83.543	-2.140	-0.186
2423.137	85.618	-2.090	-0.120
2423.337	87.628	-2.095	-0.138
2423.537	89.643	-2.052	-0.139
2423.737	91.630	-2.072	-0.162
2423.937	93.654	-2.016	-0.153
2424.137	95.722	-2.031	-0.165
2424.337	97.785	-2.003	-0.184
2424.537	99.800	-2.003	-0.184
2424.737	101.846	-1.994	-0.186
2424.937	103.870	-1.997	-0.192
2425.137	105.870	-1.990	-0.199
2425.337	107.882	-1.986	-0.192
2425.537	109.923	-1.970	-0.180
2425.737	112.056	-1.974	-0.181
2425.937	114.019	-1.950	-0.167
2426.137	116.103	-1.947	-0.165
2426.337	118.114	-1.906	-0.149
2426.537	120.131	-1.906	-0.186
2426.737	122.219	-1.878	-0.167
2426.937	124.263	-1.894	-0.193
2427.137	126.268	-1.884	-0.200
2427.337	128.233	-1.879	-0.216
2427.537	130.332	-1.855	-0.196
2427.737	132.381	-1.875	-0.221
2427.937	134.377	-1.834	-0.201
2428.137	136.450	-1.881	-0.229
2428.337	138.544	-1.837	-0.203
2428.537	140.533	-1.848	-0.199
2428.737	142.477	-1.835	-0.214
2428.937	144.509	-1.826	-0.197
2429.037	145.689	-1.755	-0.138
2429.237	147.608	-1.766	-0.203
2429.437	149.624	-1.776	-0.210
2429.637	151.805	-1.757	-0.222
2429.837	153.722	-1.733	-0.197
2430.037	155.731	-1.727	-0.215
2430.237	157.926	-1.728	-0.214
2430.437	159.822	-1.716	-0.225
2430.637	161.805	-1.705	-0.218
2430.737	162.936	-1.740	-0.237
2430.936	164.843	-1.703	-0.236
2431.037	165.959	-1.665	-0.199
2431.237	168.058	-1.699	-0.235
2431.437	170.055	-1.685	-0.214
2431.637	172.014	-1.675	-0.215
2431.837	174.108	-1.648	-0.197
2432.037	176.032	-1.632	-0.205
2432.137	177.191	-1.652	-0.243
2432.337	179.204	-1.602	-0.204
2432.537	181.188	-1.613	-0.225
2432.737	183.336	-1.571	-0.189
2432.937	185.345	-1.598	-0.234
2433.137	187.327	-1.562	-0.232
2433.337	189.312	-1.592	-0.257
2433.537	191.345	-1.538	-0.228
2433.737	193.351	-1.571	-0.237
2433.937	195.466	-1.553	-0.232
2434.137	197.471	-1.537	-0.206
2434.337	199.438	-1.516	-0.220
2434.537	201.517	-1.504	-0.204
2434.737	203.526	-1.488	-0.208
2434.837	204.692	-1.500	-0.254
2435.037	206.582	-1.439	-0.181
2435.237	208.578	-1.441	-0.219
2435.337	209.744	-1.465	-0.268
2435.537	211.737	-1.418	-0.212
2435.737	213.779	-1.406	-0.221
2435.937	215.763	-1.390	-0.222
2436.137	217.769	-1.400	-0.248
2436.237	218.901	-1.419	-0.246
2436.437	220.857	-1.379	-0.224
2436.637	222.921	-1.367	-0.222
2436.837	224.937	-1.369	-0.232
2437.037	226.909	-1.354	-0.220
2437.137	228.058	-1.349	-0.227
2437.337	230.063	-1.346	-0.223
2437.537	232.065	-1.315	-0.201
2437.737	234.035	-1.313	-0.227
2437.937	236.073	-1.259	-0.210
2438.137	238.183	-1.270	-0.230
2438.337	240.242	-1.243	-0.223
2438.537	242.237	-1.250	-0.224
2438.737	244.209	-1.222	-0.238
2438.937	246.309	-1.227	-0.246
2439.137	248.295	-1.228	-0.252
2439.237	249.443	-1.214	-0.282
2439.437	251.314	-1.209	-0.225
2439.537	252.423	-1.177	-0.222
2439.737	254.437	-1.205	-0.258
2439.937	256.452	-1.176	-0.223
2440.137	258.453	-1.165	-0.229
2440.337	260.461	-1.140	-0.201
2440.537	262.675	-1.131	-0.235
2440.737	264.657	-1.094	-0.198
2440.937	266.603	-1.089	-0.239
2441.137	268.652	-1.078	-0.234
2441.337	270.709	-1.070	-0.252
2441.537	272.773	-1.071	-0.232
2441.737	274.893	-1.062	-0.256
2441.937	276.876	-1.054	-0.252
2442.137	278.841	-1.042	-0.257
2442.337	280.870	-1.006	-0.217
2442.537	282.871	-1.034	-0.253
2442.737	284.976	-1.004	-0.234
2442.937	286.901	-1.010	-0.249
2443.136	289.040	-0.974	-0.218
2443.337	291.180	-0.977	-0.225
2443.537	293.012	-0.947	-0.236
2443.737	295.168	-0.918	-0.217
2443.937	297.277	-0.922	-0.233
2444.137	299.242	-0.903	-0.255
2444.337	301.219	-0.915	-0.248
2444.537	303.289	-0.895	-0.262
2444.737	305.277	-0.915	-0.252
2444.937	307.447	-0.906	-0.266
2445.137	309.351	-0.884	-0.233
2445.337	311.372	-0.867	-0.246
2445.537	313.542	-0.867	-0.242
2445.737	315.465	-0.851	-0.240
2445.937	317.508	-0.836	-0.223
2446.137	319.472	-0.822	-0.229
2446.337	321.559	-0.821	-0.235
2446.537	323.574	-0.798	-0.245
2446.737	325.574	-0.770	-0.226
2446.837	326.727	-0.764	-0.250
2447.037	328.619	-0.783	-0.264
2447.237	330.771	-0.765	-0.236
2447.437	332.707	-0.767	-0.266
2447.637	334.780	-0.741	-0.256
2447.837	336.902	-0.756	-0.261
2448.037	338.951	-0.717	-0.238
2448.237	340.964	-0.741	-0.252
2448.437	342.938	-0.705	-0.232
2448.637	345.076	-0.731	-0.247
2448.837	347.077	-0.679	-0.231
2449.037	349.027	-0.672	-0.227
2449.237	351.131	-0.655	-0.229
2449.437	353.114	-0.629	-0.225
2449.637	355.077	-0.611	-0.231
2449.837	357.178	-0.618	-0.258
2450.037	359.136	-0.623	-0.255
2450.137	360.283	-0.620	-0.253
2450.336	362.175	-0.612	-0.255
2450.436	363.281	-0.598	-0.260
2450.637	365.361	-0.611	-0.271
2450.837	367.353	-0.581	-0.239
2451.037	369.327	-0.597	-0.269
2451.237	371.362	-0.557	-0.221
2451.437	373.424	-0.564	-0.252
2451.537	374.574	-0.576	-0.233
2451.737	376.518	-0.543	-0.235
2451.937	378.481	-0.518	-0.229
2452.137	380.553	-0.517	-0.237
2452.336	382.649	-0.512	-0.255
2452.536	384.612	-0.499	-0.266
2452.736	386.689	-0.486	-0.264
2452.937	388.667	-0.456	-0.266
2453.137	390.469	-0.462	-0.269
2453.337	391.359	-0.408	-0.258
2453.537	391.507	-0.436	-0.258
2714.437	0.000	-4.778	0.554
2714.637	0.220	-4.800	0.541
2714.837	1.219	-4.788	0.544
2714.937	2.099	-4.752	0.586
2715.137	4.069	-4.777	0.565
2715.337	6.055	-4.789	0.563
2715.437	7.204	-4.751	0.592
2715.637	9.116	-4.773	0.571
2715.837	11.254	-4.744	0.599
2716.037	13.258	-4.787	0.578
2716.237	15.315	-4.752	0.596
2716.437	17.264	-4.778	0.568
2716.637	19.290	-4.770	0.576
2716.837	21.448	-4.760	0.569
2717.037	23.381	-4.759	0.591
2717.237	25.435	-4.784	0.549
2717.437	27.419	-4.768	0.553
2717.637	29.552	-4.789	0.544
2717.837	31.545	-4.767	0.537
2718.037	33.611	-4.807	0.506
2718.237	35.547	-3.850	0.372
2718.337	36.648	-2.531	0.109
2718.537	38.665	-2.552	0.065
2718.737	40.717	-2.543	0.039
2718.937	42.697	-2.547	0.030
2719.137	44.702	-2.517	0.018
2719.337	46.784	-2.501	-0.020
2719.537	48.886	-2.455	-0.024
2719.737	50.884	-2.420	-0.058
2719.937	53.012	-2.389	-0.058
2720.137	54.959	-2.382	-0.095
2720.338	56.957	-2.365	-0.109
2720.538	58.985	-2.355	-0.120
2720.737	61.065	-2.309	-0.123
2720.937	63.094	-2.304	-0.140
2721.137	65.106	-2.281	-0.153
2721.337	67.131	-2.268	-0.146
2721.537	69.134	-2.249	-0.176
2721.737	71.154	-2.240	-0.169
2721.937	73.184	-2.216	-0.198
2722.137	75.311	-2.186	-0.179
2722.337	77.249	-2.164	-0.216
2722.437	78.359	-2.165	-0.222
2722.637	80.503	-2.122	-0.200
2722.837	82.479	-2.120	-0.205
2723.037	84.391	-2.101	-0.141
2723.237	86.468	-2.093	-0.155
2723.437	88.473	-2.064	-0.159
2723.637	90.561	-2.038	-0.173
2723.837	92.584	-2.043	-0.164
2724.037	94.589	-2.048	-0.187
2724.237	96.572	-2.028	-0.158
2724.437	98.619	-2.041	-0.198
2724.637	100.730	-2.008	-0.148
2724.837	102.757	-2.015	-0.195
2725.037	104.798	-1.967	-0.139
2725.237	106.781	-1.985	-0.174
2725.437	108.872	-1.945	-0.152
2725.637	110.879	-1.951	-0.173
2725.837	112.854	-1.918	-0.177
2726.037	114.974	-1.934	-0.185
2726.237	116.971	-1.914	-0.179
2726.437	118.945	-1.912	-0.190
2726.637	121.045	-1.876	-0.187
2726.837	123.026	-1.892	-0.209
2726.937	124.177	-1.910	-0.221
2727.137	126.086	-1.857	-0.201
2727.237	127.197	-1.868	-0.199
2727.437	129.223	-1.870	-0.216
2727.637	131.214	-1.889	-0.232
2727.837	133.310	-1.865	-0.197
2728.037	135.346	-1.851	-0.208
2728.237	137.291	-1.853	-0.197
2728.437	139.346	-1.837	-0.214
2728.637	141.491	-1.819	-0.184
2728.837	143.428	-1.815	-0.205
2729.037	145.438	-1.802	-0.179
2729.237	147.452	-1.795	-0.208
2729.437	149.603	-1.750	-0.167
2729.637	151.582	-1.785	-0.221
2729.837	153.608	-1.726	-0.178
2730.037	155.677	-1.739	-0.212
2730.237	157.743	-1.706	-0.197
2730.437	159.751	-1.731	-0.232
2730.637	161.787	-1.695	-0.225
2730.837	163.703	-1.699	-0.224
2730.937	164.829	-1.696	-0.231
2731.137	166.850	-1.676	-0.235
2731.337	168.874	-1.682	-0.218
2731.537	170.880	-1.665	-0.221
2731.737	172.885	-1.685	-0.230
2731.937	174.964	-1.659	-0.230
2732.137	177.110	-1.650	-0.218
2732.337	179.087	-1.621	-0.208
2732.537	181.092	-1.631	-0.197
2732.737	183.066	-1.597	-0.212
2732.937	185.099	-1.596	-0.205
2733.137	187.226	-1.575	-0.219
2733.337	189.188	-1.567	-0.204
2733.537	191.180	-1.549	-0.225
2733.637	192.349	-1.515	-0.204
2733.837	194.285	-1.507	-0.206
2734.037	196.308	-1.521	-0.251
2734.237	198.444	-1.514	-0.236
2734.437	200.420	-1.515	-0.253
2734.637	202.472	-1.471	-0.216
2734.839	204.558	-1.493	-0.250
2735.039	206.466	-1.464	-0.225
2735.237	208.472	-1.470	-0.235
2735.337	209.633	-1.467	-0.248
2735.537	211.519	-1.460	-0.230
2735.637	212.626	-1.432	-0.222
2735.837	214.669	-1.425	-0.222
2736.037	216.688	-1.442	-0.219
2736.237	218.690	-1.406	-0.214
2736.437	220.684	-1.402	-0.227
2736.637	222.769	-1.366	-0.210
2736.737	223.893	-1.344	-0.234
2736.938	225.901	-1.359	-0.211
2737.137	227.885	-1.332	-0.216
2737.337	229.886	-1.332	-0.225
2737.537	231.913	-1.302	-0.215
2737.737	233.986	-1.307	-0.236
2737.937	236.055	-1.260	-0.237
2738.137	238.034	-1.279	-0.243
2738.337	240.011	-1.270	-0.253
2738.537	242.072	-1.270	-0.253
2738.737	244.173	-1.256	-0.248
2738.937	246.090	-1.237	-0.247
2739.037	247.112	-1.225	-0.215
2739.137	248.133	-1.237	-0.224
2739.237	249.149	-1.223	-0.276
2739.339	250.181	-1.186	-0.223
2739.439	251.199	-1.197	-0.227
2739.539	252.217	-1.174	-0.219
2739.637	253.220	-1.218	-0.266
2739.737	254.235	-1.171	-0.252
2739.839	255.272	-1.172	-0.215
2739.937	256.269	-1.166	-0.243
2740.039	257.303	-1.186	-0.244
2740.137	258.303	-1.189	-0.256
2740.237	259.321	-1.125	-0.209
2740.337	260.338	-1.163	-0.237
2740.437	261.355	-1.131	-0.230
2740.537	262.365	-1.156	-0.236
2740.637	263.390	-1.110	-0.217
2740.737	264.404	-1.108	-0.224
2740.837	265.424	-1.136	-0.253
2740.937	266.439	-1.099	-0.215
2741.037	267.456	-1.100	-0.233
2741.137	268.475	-1.049	-0.200
2741.237	269.491	-1.102	-0.244
2741.337	270.508	-1.071	-0.224
2741.437	271.528	-1.069	-0.216
2741.537	272.543	-1.050	-0.246
2741.637	273.560	-1.060	-0.227
2741.737	274.576	-1.063	-0.255
2741.837	275.597	-1.011	-0.202
2741.937	276.614	-1.031	-0.248
2742.037	277.632	-1.013	-0.244
2742.137	278.648	-1.048	-0.254
2742.237	279.665	-0.994	-0.245
2742.337	280.683	-1.002	-0.236
2742.437	281.699	-1.024	-0.268
2742.537	282.718	-1.015	-0.227
2742.637	283.739	-1.015	-0.257
2742.737	284.753	-0.958	-0.226
2742.837	285.767	-1.015	-0.265
2742.937	286.791	-1.007	-0.250
2743.037	287.806	-1.009	-0.253
2743.137	288.821	-0.971	-0.257
2743.237	289.840	-0.964	-0.228
2743.337	290.856	-1.002	-0.263
2743.437	291.875	-0.960	-0.204
2743.537	292.893	-0.968	-0.261
2743.637	293.905	-0.934	-0.232
2743.737	294.923	-0.967	-0.234
2743.837	295.938	-0.944	-0.231
2743.937	296.960	-0.927	-0.220
2744.037	297.978	-0.939	-0.263
2744.137	298.995	-0.903	-0.207
2744.237	300.009	-0.926	-0.227
2744.337	301.028	-0.883	-0.215
2744.437	302.047	-0.941	-0.273
2744.537	303.062	-0.888	-0.241
2744.637	304.180	-0.884	-0.205
2744.837	306.211	-0.873	-0.241
2745.037	308.215	-0.875	-0.249
2745.237	310.349	-0.878	-0.253
2745.437	312.233	-0.876	-0.260
2745.637	314.362	-0.866	-0.245
2745.837	316.529	-0.874	-0.261
2746.037	318.391	-0.852	-0.233
2746.237	320.568	-0.851	-0.247
2746.437	322.440	-0.808	-0.225
2746.637	324.606	-0.819	-0.249
2746.837	326.489	-0.801	-0.244
2747.037	328.664	-0.782	-0.240
2747.237	330.545	-0.772	-0.257
2747.437	332.740	-0.775	-0.256
2747.637	334.602	-0.755	-0.263
2747.837	336.777	-0.749	-0.252
2748.037	338.954	-0.725	-0.238
2748.237	340.853	-0.740	-0.263
2748.437	342.743	-0.701	-0.222
2748.637	344.904	-0.713	-0.235
2748.837	347.094	-0.669	-0.230
2749.037	348.984	-0.679	-0.238
2749.237	351.165	-0.636	-0.236
2749.437	353.058	-0.642	-0.234
2749.637	355.237	-0.644	-0.259
2749.837	357.122	-0.635	-0.241
2750.037	359.302	-0.636	-0.253
2750.237	361.176	-0.612	-0.235
2750.437	363.351	-0.617	-0.222
2750.637	365.213	-0.588	-0.239
2750.838	367.387	-0.556	-0.211
2751.037	369.264	-0.579	-0.273
2751.237	371.464	-0.549	-0.239
2751.437	373.397	-0.592	-0.268
2751.637	375.332	-0.547	-0.248
2751.837	377.576	-0.574	-0.255
2752.037	379.534	-0.540	-0.235
2752.237	381.474	-0.532	-0.239
2752.437	383.736	-0.512	-0.235
2752.637	385.672	-0.516	-0.268
2752.837	387.605	-0.493	-0.262
2753.037	389.508	-0.475	-0.269
2753.237	390.991	-0.434	-0.263
2753.437	391.492	-0.446	-0.262
2753.637	391.507	-0.424	-0.249
2753.837	391.506	-0.430	-0.251
2754.037	391.501	-0.409	-0.248
2754.237	391.500	-0.414	-0.247
2754.437	391.500	-0.419	-0.275
2754.637	391.500	-0.409	-0.251
2754.837	391.500	-0.423	-0.275
2755.037	391.500	-0.412	-0.245
2755.237	391.500	-0.426	-0.254
2755.437	391.500	-0.410	-0.251
2755.637	391.500	-0.393	-0.234
2755.837	391.500	-0.407	-0.268
2756.037	391.500	-0.390	-0.246
2756.237	391.500	-0.411	-0.264
2756.437	391.500	-0.406	-0.254
2756.637	391.500	-0.418	-0.243
2756.837	391.500	-0.401	-0.239
2757.037	391.500	-0.398	-0.236
2757.237	391.500	-0.401	-0.251
2757.437	391.500	-0.393	-0.246
2757.637	391.500	-0.393	-0.241
2757.837	391.500	-0.403	-0.255
2758.037	391.500	-0.405	-0.243
2758.237	391.500	-0.428	-0.257
2758.437	391.500	-0.392	-0.231
2758.637	391.500	-0.413	-0.247
2758.837	391.500	-0.398	-0.258
2758.937	391.500	-0.385	-0.264
2759.037	391.500	-0.410	-0.261
2759.137	391.500	-0.399	-0.262
2759.237	391.500	-0.402	-0.248
2759.337	391.500	-0.428	-0.287
2759.537	391.500	-0.403	-0.244
2759.737	391.500	-0.419	-0.249
2759.937	391.500	-0.385	-0.237
2760.137	391.500	-0.393	-0.253
2760.337	391.500	-0.391	-0.255
2760.537	391.500	-0.402	-0.269
2760.737	391.500	-0.407	-0.258
2760.937	391.500	-0.412	-0.249
2761.137	391.500	-0.395	-0.240
2761.237	391.500	-0.404	-0.259
2761.337	391.500	-0.385	-0.233
2761.437	391.500	-0.407	-0.261
2761.537	391.500	-0.357	-0.232
2761.737	391.500	-0.401	-0.269
2761.837	391.500	-0.401	-0.247
2761.937	391.500	-0.393	-0.265
2762.037	391.500	-0.395	-0.247
2762.137	391.500	-0.431	-0.286
2762.237	391.500	-0.392	-0.246
2762.337	391.500	-0.403	-0.247
2762.437	391.500	-0.396	-0.243
2762.537	391.500	-0.408	-0.242
2762.637	391.500	-0.407	-0.265
2762.737	391.500	-0.375	-0.228
