TimeSec	Probe1mm	ConductivityP1V	TemperatureP1V
319.921	0.000	-4.777	0.443
320.121	0.390	-4.741	0.496
320.321	1.575	-4.729	0.469
320.521	3.444	-4.751	0.453
320.621	4.601	-4.743	0.470
320.821	6.566	-4.735	0.456
321.021	8.702	-4.763	0.454
321.221	10.568	-4.708	0.476
321.321	11.674	-4.759	0.450
321.521	13.658	-4.763	0.457
321.721	15.661	-4.727	0.481
321.921	17.784	-4.757	0.450
322.121	19.902	-4.735	0.479
322.321	21.966	-4.729	0.456
322.521	23.944	-4.758	0.462
322.721	25.857	-4.734	0.494
322.921	27.879	-4.754	0.439
323.121	30.056	-4.726	0.502
323.321	31.949	-4.736	0.457
323.521	34.079	-4.744	0.434
323.721	36.089	-3.192	0.293
323.921	38.115	-1.542	0.075
324.121	40.094	-1.530	0.068
324.321	42.179	-1.534	0.007
324.521	44.162	-1.531	-0.015
324.621	45.310	-1.508	0.018
324.821	47.315	-1.490	-0.022
325.021	49.279	-1.490	-0.050
325.221	51.282	-1.444	-0.031
325.421	53.301	-1.429	-0.056
325.521	54.404	-1.432	-0.067
325.721	56.520	-1.397	-0.058
325.921	58.527	-1.378	-0.072
326.121	60.499	-1.396	-0.122
326.321	62.456	-1.328	-0.075
326.521	64.476	-1.341	-0.106
326.621	65.633	-1.329	-0.117
326.821	67.564	-1.310	-0.107
327.021	69.584	-1.310	-0.136
327.221	71.772	-1.270	-0.093
327.421	73.667	-1.299	-0.152
327.621	75.664	-1.251	-0.135
327.721	76.822	-1.256	-0.118
327.921	78.739	-1.252	-0.181
328.121	80.868	-1.226	-0.162
328.321	82.811	-1.200	-0.124
328.421	83.897	-1.202	-0.071
328.621	85.858	-1.212	-0.072
328.821	87.927	-1.196	-0.061
329.021	90.025	-1.167	-0.099
329.221	92.035	-1.174	-0.088
329.421	94.035	-1.153	-0.086
329.621	96.142	-1.144	-0.109
329.821	98.247	-1.148	-0.086
330.021	100.090	-1.102	-0.090
330.221	102.185	-1.152	-0.133
330.421	104.217	-1.093	-0.088
330.621	106.225	-1.098	-0.123
330.821	108.219	-1.097	-0.126
331.021	110.299	-1.061	-0.089
331.221	112.422	-1.071	-0.154
331.421	114.443	-1.068	-0.113
331.621	116.462	-1.041	-0.105
331.821	118.450	-1.046	-0.162
332.021	120.463	-1.032	-0.100
332.221	122.464	-1.007	-0.135
332.421	124.677	-1.008	-0.128
332.621	126.662	-1.012	-0.133
332.821	128.645	-0.993	-0.148
333.021	130.666	-1.009	-0.144
333.221	132.675	-0.971	-0.116
333.421	134.775	-0.970	-0.170
333.621	136.854	-0.952	-0.121
333.821	138.854	-0.931	-0.138
334.021	140.833	-0.951	-0.177
334.221	142.961	-0.918	-0.104
334.421	144.953	-0.911	-0.151
334.621	147.003	-0.924	-0.159
334.821	148.940	-0.911	-0.149
335.021	150.943	-0.871	-0.144
335.121	152.096	-0.900	-0.146
335.321	153.994	-0.913	-0.180
335.521	156.141	-0.843	-0.122
335.721	158.169	-0.894	-0.178
335.921	160.227	-0.838	-0.119
336.121	162.205	-0.849	-0.191
336.321	164.175	-0.845	-0.137
336.421	165.267	-0.831	-0.157
336.621	167.411	-0.829	-0.154
336.821	169.277	-0.847	-0.180
337.021	171.415	-0.810	-0.135
337.221	173.427	-0.774	-0.164
337.421	175.467	-0.815	-0.164
337.621	177.465	-0.772	-0.163
337.821	179.508	-0.774	-0.164
338.021	181.551	-0.768	-0.157
338.221	183.650	-0.736	-0.157
338.421	185.694	-0.742	-0.184
338.621	187.717	-0.734	-0.145
338.821	189.705	-0.706	-0.166
339.021	191.793	-0.742	-0.204
339.221	193.787	-0.671	-0.137
339.421	195.751	-0.696	-0.204
339.621	197.852	-0.684	-0.195
339.821	199.865	-0.691	-0.157
340.021	201.843	-0.638	-0.209
340.221	203.937	-0.679	-0.184
340.421	205.910	-0.619	-0.181
340.621	207.910	-0.636	-0.196
340.821	210.100	-0.635	-0.190
341.021	212.064	-0.593	-0.179
341.221	214.150	-0.601	-0.221
341.421	216.147	-0.630	-0.201
341.621	218.112	-0.545	-0.181
341.821	220.211	-0.592	-0.220
342.021	222.216	-0.548	-0.176
342.221	224.338	-0.559	-0.219
342.421	226.297	-0.531	-0.197
342.621	228.322	-0.554	-0.201
342.822	230.375	-0.491	-0.216
343.021	232.418	-0.527	-0.214
343.221	234.414	-0.499	-0.207
343.421	236.425	-0.484	-0.235
343.621	238.458	-0.488	-0.202
343.821	240.573	-0.461	-0.205
344.021	242.647	-0.442	-0.235
344.221	244.652	-0.467	-0.218
344.421	246.653	-0.415	-0.199
344.621	248.646	-0.441	-0.244
344.821	250.758	-0.409	-0.202
345.021	252.820	-0.390	-0.240
345.221	254.781	-0.400	-0.228
345.421	256.730	-0.402	-0.219
345.621	258.817	-0.339	-0.200
345.821	260.834	-0.399	-0.265
346.021	262.995	-0.333	-0.196
346.221	264.915	-0.344	-0.243
346.421	266.906	-0.310	-0.227
346.621	268.958	-0.319	-0.206
346.821	271.023	-0.306	-0.261
347.021	273.029	-0.308	-0.241
347.223	275.060	-0.296	-0.219
347.421	277.077	-0.258	-0.249
347.621	279.228	-0.262	-0.218
347.821	281.320	-0.257	-0.238
348.021	283.302	-0.235	-0.250
348.221	285.238	-0.244	-0.236
348.421	287.333	-0.194	-0.220
348.621	289.417	-0.207	-0.241
348.821	291.482	-0.194	-0.223
349.022	293.445	-0.184	-0.255
349.221	295.570	-0.160	-0.250
349.421	297.549	-0.178	-0.229
349.621	299.519	-0.128	-0.243
349.821	301.517	-0.154	-0.266
350.021	303.547	-0.168	-0.252
350.221	305.682	-0.101	-0.239
350.421	307.661	-0.119	-0.258
350.621	309.662	-0.102	-0.245
350.821	311.824	-0.061	-0.258
351.021	313.744	-0.115	-0.271
351.221	315.856	-0.068	-0.219
351.421	317.858	-0.052	-0.248
351.621	319.893	-0.079	-0.283
351.821	321.870	-0.072	-0.252
352.021	324.075	-0.009	-0.243
352.221	326.028	-0.056	-0.276
352.421	328.125	-0.033	-0.248
352.621	330.029	-0.016	-0.247
352.821	332.130	-0.027	-0.258
353.021	334.205	-0.038	-0.249
353.221	336.170	0.030	-0.261
353.421	338.293	-0.022	-0.268
353.621	340.157	0.014	-0.247
353.721	341.273	0.042	-0.248
353.921	343.293	-0.001	-0.282
354.121	345.336	0.014	-0.259
354.321	347.424	0.028	-0.258
354.521	349.442	0.026	-0.258
354.721	351.447	0.017	-0.264
354.921	353.412	0.089	-0.241
355.121	355.514	0.023	-0.297
355.321	357.488	0.038	-0.244
355.521	359.647	0.087	-0.261
355.721	361.526	0.063	-0.267
355.921	363.645	0.054	-0.267
356.121	365.672	0.099	-0.253
356.321	367.655	0.050	-0.285
356.521	369.828	0.116	-0.240
356.721	371.805	0.096	-0.262
356.921	373.765	0.077	-0.294
357.121	375.762	0.097	-0.253
357.321	377.946	0.123	-0.257
357.521	379.889	0.110	-0.292
357.721	381.962	0.126	-0.227
357.921	383.963	0.142	-0.285
358.121	385.946	0.129	-0.282
358.321	388.072	0.149	-0.261
358.521	389.943	0.190	-0.262
358.721	391.126	0.175	-0.277
358.921	391.507	0.180	-0.263
621.521	11.674	-4.782	0.406
621.721	11.727	-4.794	0.404
621.921	12.444	-4.773	0.372
622.121	13.816	-4.768	0.404
622.221	14.906	-4.767	0.357
622.421	16.934	-4.796	0.358
622.621	18.976	-4.803	0.387
622.821	20.996	-4.800	0.398
623.021	23.008	-4.777	0.399
623.221	24.966	-4.787	0.380
623.321	26.116	-4.782	0.384
623.521	28.118	-4.788	0.370
623.721	30.105	-4.789	0.371
623.921	32.084	-4.807	0.361
624.122	34.288	-4.799	0.394
624.322	36.249	-3.042	0.243
624.521	38.332	-1.551	0.081
624.721	40.342	-1.560	0.038
624.921	42.353	-1.538	0.075
625.121	44.292	-1.569	0.001
625.221	45.410	-1.526	0.035
625.421	47.474	-1.511	0.036
625.621	49.499	-1.491	-0.011
625.821	51.484	-1.421	0.006
626.021	53.497	-1.448	-0.042
626.221	55.535	-1.398	-0.030
626.421	57.514	-1.429	-0.074
626.621	59.717	-1.368	-0.043
626.821	61.705	-1.343	-0.056
627.021	63.712	-1.331	-0.081
627.221	65.716	-1.304	-0.091
627.421	67.817	-1.293	-0.106
627.621	69.879	-1.312	-0.117
627.821	71.840	-1.283	-0.112
628.021	73.977	-1.279	-0.118
628.221	75.893	-1.238	-0.127
628.421	77.892	-1.240	-0.143
628.521	79.040	-1.230	-0.152
628.721	80.947	-1.228	-0.151
628.921	83.067	-1.210	-0.139
629.121	84.994	-1.222	-0.068
629.322	87.057	-1.193	-0.047
629.521	89.057	-1.148	-0.068
629.721	91.096	-1.176	-0.100
629.921	93.142	-1.143	-0.098
630.122	95.287	-1.173	-0.096
630.321	97.379	-1.155	-0.121
630.521	99.358	-1.141	-0.066
630.721	101.303	-1.113	-0.103
630.921	103.370	-1.096	-0.103
631.121	105.328	-1.099	-0.147
631.321	107.545	-1.102	-0.126
631.521	109.532	-1.103	-0.135
631.721	111.483	-1.081	-0.093
631.921	113.577	-1.064	-0.096
632.121	115.547	-1.033	-0.111
632.321	117.725	-1.009	-0.130
632.521	119.644	-1.037	-0.149
632.721	121.652	-1.019	-0.145
632.921	123.786	-1.022	-0.125
633.121	125.765	-1.017	-0.148
633.321	127.778	-0.991	-0.105
633.521	129.846	-0.987	-0.129
633.721	131.869	-0.962	-0.125
633.921	133.874	-0.965	-0.159
634.121	135.906	-0.974	-0.159
634.321	137.951	-0.970	-0.140
634.521	139.948	-0.965	-0.127
634.721	141.955	-0.929	-0.105
634.921	144.045	-0.924	-0.149
635.021	145.164	-0.870	-0.114
635.221	147.050	-0.905	-0.148
635.421	149.184	-0.901	-0.162
635.621	151.187	-0.923	-0.161
635.821	153.212	-0.916	-0.155
636.021	155.191	-0.882	-0.118
636.221	157.208	-0.853	-0.124
636.421	159.265	-0.857	-0.154
636.621	161.418	-0.833	-0.150
636.821	163.402	-0.870	-0.174
637.021	165.406	-0.838	-0.167
637.221	167.401	-0.854	-0.143
637.421	169.519	-0.827	-0.133
637.621	171.519	-0.804	-0.141
637.822	173.480	-0.764	-0.133
638.022	175.582	-0.800	-0.193
638.221	177.574	-0.757	-0.167
638.321	178.726	-0.824	-0.210
638.521	180.603	-0.799	-0.181
638.621	181.715	-0.778	-0.158
638.821	183.680	-0.760	-0.138
638.921	184.768	-0.719	-0.170
639.121	186.719	-0.718	-0.154
639.321	188.783	-0.721	-0.190
639.521	190.775	-0.706	-0.195
639.621	191.913	-0.715	-0.216
639.821	193.927	-0.722	-0.204
640.021	195.915	-0.714	-0.186
640.221	197.939	-0.704	-0.162
640.421	199.999	-0.663	-0.176
640.621	202.002	-0.629	-0.157
640.821	204.115	-0.661	-0.242
641.021	206.120	-0.631	-0.193
641.221	208.098	-0.651	-0.217
641.421	210.214	-0.653	-0.207
641.621	212.200	-0.628	-0.190
641.821	214.352	-0.607	-0.184
642.021	216.226	-0.563	-0.202
642.221	218.374	-0.560	-0.215
642.421	220.396	-0.574	-0.251
642.621	222.403	-0.580	-0.222
642.821	224.433	-0.560	-0.206
643.021	226.459	-0.540	-0.199
643.221	228.443	-0.516	-0.210
643.421	230.604	-0.501	-0.198
643.622	232.608	-0.482	-0.244
643.821	234.576	-0.504	-0.248
644.021	236.555	-0.504	-0.271
644.222	238.581	-0.489	-0.216
644.421	240.724	-0.484	-0.220
644.621	242.828	-0.444	-0.198
644.821	244.893	-0.417	-0.237
645.021	246.873	-0.433	-0.239
645.222	248.801	-0.427	-0.258
645.422	250.821	-0.431	-0.254
645.621	253.018	-0.414	-0.244
645.821	254.909	-0.405	-0.224
646.022	256.892	-0.368	-0.203
646.122	258.047	-0.394	-0.236
646.322	260.066	-0.340	-0.226
646.521	262.033	-0.332	-0.241
646.721	264.033	-0.319	-0.253
646.921	266.098	-0.348	-0.256
647.021	267.215	-0.342	-0.232
647.221	269.232	-0.320	-0.223
647.422	271.190	-0.320	-0.218
647.621	273.189	-0.272	-0.226
647.821	275.346	-0.273	-0.256
648.021	277.277	-0.245	-0.239
648.222	279.343	-0.287	-0.287
648.421	281.346	-0.259	-0.250
648.521	282.484	-0.271	-0.263
648.722	284.405	-0.256	-0.236
648.921	286.509	-0.227	-0.226
649.121	288.428	-0.225	-0.240
649.321	290.474	-0.179	-0.244
649.521	292.598	-0.182	-0.255
649.721	294.675	-0.207	-0.287
649.921	296.642	-0.201	-0.252
650.121	298.802	-0.213	-0.265
650.321	300.667	-0.143	-0.215
650.521	302.791	-0.169	-0.251
650.722	304.756	-0.094	-0.225
650.921	306.824	-0.134	-0.266
651.121	308.931	-0.112	-0.254
651.321	310.927	-0.135	-0.294
651.522	312.894	-0.115	-0.242
651.721	314.891	-0.125	-0.255
651.921	317.075	-0.069	-0.215
652.121	319.005	-0.065	-0.249
652.321	321.105	-0.044	-0.249
652.521	323.074	-0.044	-0.271
652.722	325.050	-0.085	-0.273
652.921	327.169	-0.065	-0.258
653.121	329.178	-0.047	-0.246
653.321	331.217	-0.029	-0.232
653.521	333.282	-0.022	-0.244
653.721	335.274	0.005	-0.261
653.921	337.295	0.000	-0.273
654.121	339.334	-0.002	-0.287
654.321	341.337	-0.039	-0.288
654.521	343.555	-0.013	-0.260
654.721	345.558	0.004	-0.231
654.921	347.629	0.050	-0.251
655.121	349.535	0.008	-0.270
655.321	351.509	0.045	-0.286
655.521	353.699	0.031	-0.284
655.721	355.668	0.028	-0.286
655.921	357.623	0.007	-0.269
656.121	359.694	0.054	-0.242
656.321	361.683	0.065	-0.243
656.421	362.840	0.093	-0.257
656.621	364.745	0.094	-0.269
656.821	366.767	0.088	-0.273
657.021	368.964	0.087	-0.290
657.221	370.975	0.085	-0.261
657.421	372.973	0.057	-0.284
657.621	375.080	0.088	-0.258
657.821	377.068	0.096	-0.247
658.021	379.087	0.145	-0.242
658.221	381.166	0.135	-0.277
658.421	383.167	0.141	-0.293
658.621	385.140	0.130	-0.276
658.821	387.197	0.103	-0.300
659.021	389.212	0.161	-0.249
659.221	390.703	0.157	-0.262
659.421	391.436	0.207	-0.259
659.621	391.506	0.209	-0.269
921.721	11.674	-4.768	0.403
921.922	11.933	-4.783	0.405
922.122	12.981	-4.794	0.390
922.322	14.724	-4.781	0.410
922.422	15.872	-4.829	0.392
922.622	17.878	-4.783	0.400
922.822	19.860	-4.814	0.414
923.022	21.844	-4.803	0.390
923.222	23.870	-4.802	0.429
923.422	26.014	-4.811	0.383
923.622	28.063	-4.795	0.430
923.821	30.055	-4.804	0.416
924.022	32.121	-4.771	0.414
924.222	34.034	-4.792	0.404
924.322	35.154	-4.792	0.381
924.521	37.180	-1.647	0.088
924.721	39.183	-1.535	0.044
924.922	41.285	-1.516	0.013
925.122	43.380	-1.520	-0.004
925.321	45.356	-1.495	-0.021
925.522	47.317	-1.485	-0.010
925.721	49.271	-1.487	-0.058
925.821	50.346	-1.432	-0.028
926.022	52.343	-1.421	-0.020
926.222	54.530	-1.440	-0.083
926.422	56.461	-1.384	-0.046
926.622	58.517	-1.404	-0.086
926.822	60.498	-1.350	-0.063
926.921	61.612	-1.383	-0.075
927.122	63.622	-1.340	-0.086
927.321	65.628	-1.309	-0.087
927.522	67.665	-1.307	-0.105
927.721	69.754	-1.289	-0.092
927.922	71.733	-1.275	-0.122
928.122	73.868	-1.249	-0.135
928.322	75.881	-1.243	-0.117
928.522	77.823	-1.227	-0.152
928.722	79.907	-1.207	-0.125
928.921	81.874	-1.196	-0.150
929.022	83.024	-1.209	-0.148
929.222	84.924	-1.193	-0.084
929.422	87.060	-1.190	-0.092
929.622	89.056	-1.171	-0.087
929.822	91.150	-1.165	-0.087
930.022	93.114	-1.146	-0.088
930.222	95.186	-1.181	-0.115
930.422	97.164	-1.136	-0.084
930.622	99.308	-1.168	-0.098
930.822	101.178	-1.113	-0.071
931.021	103.316	-1.116	-0.086
931.222	105.361	-1.078	-0.086
931.422	107.286	-1.076	-0.093
931.621	109.368	-1.061	-0.108
931.821	111.381	-1.068	-0.117
932.022	113.457	-1.027	-0.113
932.222	115.492	-1.052	-0.127
932.422	117.555	-0.995	-0.114
932.622	119.590	-1.029	-0.139
932.822	121.593	-0.979	-0.124
933.022	123.641	-1.007	-0.144
933.222	125.675	-0.980	-0.148
933.422	127.691	-1.011	-0.152
933.621	129.655	-1.005	-0.147
933.721	130.759	-1.002	-0.129
933.922	132.706	-0.980	-0.138
934.122	134.792	-0.987	-0.145
934.322	136.776	-0.977	-0.118
934.422	137.924	-1.002	-0.137
934.622	139.951	-0.965	-0.118
934.822	141.934	-0.948	-0.117
935.022	143.967	-0.954	-0.126
935.221	146.039	-0.920	-0.095
935.422	148.053	-0.928	-0.132
935.621	150.066	-0.871	-0.110
935.822	152.043	-0.903	-0.144
936.022	154.073	-0.843	-0.126
936.222	156.133	-0.870	-0.149
936.422	158.172	-0.835	-0.129
936.622	160.176	-0.861	-0.166
936.822	162.223	-0.825	-0.163
937.022	164.247	-0.839	-0.173
937.222	166.386	-0.811	-0.175
937.422	168.449	-0.836	-0.178
937.621	170.480	-0.812	-0.175
937.821	172.457	-0.835	-0.181
938.022	174.466	-0.789	-0.165
938.222	176.447	-0.819	-0.186
938.422	178.468	-0.778	-0.157
938.622	180.672	-0.804	-0.187
938.822	182.623	-0.758	-0.152
939.022	184.706	-0.773	-0.164
939.222	186.719	-0.733	-0.145
939.422	188.689	-0.744	-0.163
939.622	190.794	-0.698	-0.164
939.821	192.789	-0.684	-0.164
940.022	194.850	-0.688	-0.172
940.222	196.779	-0.677	-0.207
940.422	198.919	-0.642	-0.174
940.622	200.959	-0.660	-0.208
940.822	202.997	-0.618	-0.166
941.021	204.976	-0.639	-0.223
941.222	207.009	-0.594	-0.187
941.422	209.038	-0.621	-0.241
941.622	211.145	-0.593	-0.230
941.822	213.078	-0.635	-0.246
941.921	214.171	-0.575	-0.204
942.122	216.116	-0.605	-0.226
942.322	218.138	-0.605	-0.249
942.421	219.257	-0.609	-0.256
942.622	221.312	-0.589	-0.220
942.822	223.297	-0.577	-0.225
943.022	225.443	-0.568	-0.221
943.222	227.332	-0.549	-0.217
943.421	229.326	-0.542	-0.215
943.521	230.473	-0.534	-0.193
943.722	232.393	-0.525	-0.221
943.921	234.526	-0.476	-0.212
944.122	236.448	-0.469	-0.204
944.322	238.512	-0.465	-0.218
944.522	240.516	-0.453	-0.210
944.722	242.736	-0.444	-0.217
944.922	244.701	-0.416	-0.224
945.122	246.649	-0.418	-0.222
945.322	248.728	-0.398	-0.228
945.522	250.712	-0.386	-0.232
945.622	251.859	-0.383	-0.273
945.821	253.905	-0.397	-0.251
946.022	255.829	-0.374	-0.235
946.222	257.882	-0.397	-0.266
946.422	259.853	-0.343	-0.237
946.522	260.993	-0.410	-0.294
946.722	263.011	-0.370	-0.265
946.922	264.977	-0.342	-0.248
947.122	266.976	-0.345	-0.254
947.322	269.020	-0.335	-0.241
947.522	271.145	-0.326	-0.245
947.721	273.092	-0.312	-0.228
947.922	275.235	-0.300	-0.227
948.122	277.312	-0.281	-0.232
948.322	279.214	-0.262	-0.216
948.522	281.339	-0.258	-0.233
948.722	283.353	-0.222	-0.208
948.922	285.371	-0.240	-0.250
949.122	287.374	-0.196	-0.201
949.321	289.398	-0.203	-0.247
949.522	291.394	-0.185	-0.239
949.622	292.492	-0.173	-0.240
949.821	294.563	-0.193	-0.275
950.022	296.516	-0.150	-0.230
950.222	298.520	-0.188	-0.279
950.422	300.699	-0.149	-0.260
950.622	302.627	-0.176	-0.295
950.822	304.688	-0.138	-0.262
951.022	306.670	-0.168	-0.286
951.122	307.803	-0.128	-0.269
951.322	309.706	-0.140	-0.270
951.522	311.850	-0.142	-0.272
951.721	313.771	-0.128	-0.255
951.821	314.901	-0.116	-0.259
952.022	316.895	-0.105	-0.249
952.222	319.032	-0.106	-0.250
952.422	321.022	-0.105	-0.243
952.622	322.999	-0.091	-0.256
952.822	325.087	-0.068	-0.222
953.021	327.073	-0.056	-0.237
953.222	329.033	-0.043	-0.227
953.422	331.127	-0.021	-0.244
953.621	333.129	-0.014	-0.241
953.822	335.133	-0.024	-0.268
954.022	337.284	-0.005	-0.256
954.222	339.229	0.006	-0.269
954.422	341.289	0.014	-0.257
954.622	343.272	0.017	-0.288
954.722	344.420	0.038	-0.260
954.922	346.424	0.004	-0.306
955.122	348.428	0.029	-0.270
955.322	350.453	0.012	-0.292
955.522	352.512	0.033	-0.275
955.721	354.460	0.021	-0.275
955.921	356.670	0.032	-0.276
956.122	358.683	0.042	-0.261
956.322	360.683	0.017	-0.294
956.522	362.777	0.047	-0.265
956.722	364.778	0.027	-0.274
956.922	366.741	0.062	-0.263
957.122	368.842	0.052	-0.259
957.322	370.840	0.086	-0.247
957.522	372.812	0.076	-0.251
957.722	374.871	0.108	-0.261
957.921	376.861	0.095	-0.263
958.122	378.871	0.125	-0.254
958.322	381.071	0.141	-0.252
958.522	383.043	0.136	-0.262
958.722	385.120	0.164	-0.270
958.922	387.126	0.173	-0.262
959.122	389.077	0.177	-0.281
959.322	390.705	0.201	-0.283
959.522	391.434	0.195	-0.298
959.722	391.506	0.193	-0.302
1221.823	11.674	-4.757	0.390
1222.022	11.884	-4.782	0.375
1222.222	12.865	-4.776	0.359
1222.422	14.724	-4.785	0.366
1222.621	16.670	-4.771	0.360
1222.722	17.763	-4.789	0.363
1222.922	19.741	-4.764	0.385
1223.123	21.746	-4.800	0.347
1223.323	23.874	-4.764	0.382
1223.522	25.919	-4.769	0.366
1223.722	27.869	-4.760	0.385
1223.823	28.990	-4.751	0.377
1224.022	30.996	-4.779	0.363
1224.222	32.984	-4.768	0.365
1224.422	35.163	-4.773	0.358
1224.622	37.014	-1.796	0.092
1224.722	38.175	-1.513	0.017
1224.922	40.099	-1.527	0.006
1225.122	42.107	-1.527	-0.033
1225.222	43.249	-1.511	0.001
1225.422	45.138	-1.513	-0.036
1225.522	46.239	-1.496	-0.060
1225.722	48.262	-1.449	-0.032
1225.922	50.276	-1.469	-0.070
1226.122	52.264	-1.408	-0.041
1226.322	54.467	-1.419	-0.072
1226.522	56.440	-1.383	-0.062
1226.721	58.429	-1.404	-0.084
1226.922	60.413	-1.350	-0.102
1227.122	62.528	-1.352	-0.099
1227.322	64.617	-1.302	-0.108
1227.522	66.599	-1.311	-0.123
1227.722	68.522	-1.272	-0.121
1227.922	70.629	-1.282	-0.122
1228.122	72.616	-1.249	-0.131
1228.222	73.764	-1.272	-0.173
1228.422	75.643	-1.245	-0.150
1228.522	76.768	-1.206	-0.104
1228.722	78.729	-1.236	-0.170
1228.822	79.847	-1.217	-0.162
1229.022	81.815	-1.196	-0.161
1229.222	83.930	-1.183	-0.115
1229.422	85.932	-1.159	-0.064
1229.622	87.904	-1.173	-0.081
1229.822	90.022	-1.136	-0.075
1230.022	92.009	-1.131	-0.076
1230.222	94.154	-1.118	-0.084
1230.422	96.041	-1.130	-0.083
1230.622	98.042	-1.083	-0.093
1230.822	100.234	-1.091	-0.093
1231.022	102.202	-1.081	-0.100
1231.222	104.151	-1.082	-0.101
1231.422	106.207	-1.043	-0.087
1231.622	108.336	-1.055	-0.089
1231.822	110.319	-1.042	-0.103
1232.022	112.323	-1.051	-0.113
1232.222	114.327	-1.024	-0.102
1232.422	116.349	-1.048	-0.104
1232.622	118.424	-1.028	-0.136
1232.821	120.411	-1.011	-0.088
1233.022	122.531	-0.993	-0.121
1233.222	124.559	-1.011	-0.122
1233.422	126.531	-0.991	-0.115
1233.622	128.629	-1.000	-0.111
1233.822	130.637	-0.987	-0.124
1234.022	132.609	-1.005	-0.120
1234.222	134.696	-0.972	-0.121
1234.422	136.803	-0.979	-0.124
1234.622	138.792	-0.966	-0.125
1234.821	140.847	-0.942	-0.113
1235.022	142.962	-0.926	-0.127
1235.222	144.816	-0.947	-0.103
1235.422	146.951	-0.951	-0.138
1235.622	148.973	-0.924	-0.097
1235.822	150.989	-0.931	-0.157
1236.022	152.981	-0.916	-0.117
1236.222	155.005	-0.931	-0.175
1236.422	157.053	-0.884	-0.126
1236.622	159.197	-0.912	-0.164
1236.822	161.165	-0.870	-0.124
1237.022	163.181	-0.869	-0.156
1237.222	165.182	-0.850	-0.155
1237.422	167.323	-0.844	-0.171
1237.622	169.334	-0.843	-0.184
1237.822	171.294	-0.816	-0.176
1238.022	173.419	-0.820	-0.183
1238.222	175.413	-0.798	-0.193
1238.422	177.386	-0.794	-0.185
1238.622	179.441	-0.784	-0.196
1238.821	181.475	-0.768	-0.164
1239.022	183.636	-0.777	-0.204
1239.222	185.632	-0.723	-0.158
1239.422	187.604	-0.760	-0.215
1239.622	189.667	-0.705	-0.190
1239.822	191.671	-0.724	-0.215
1240.022	193.806	-0.683	-0.188
1240.222	195.699	-0.708	-0.228
1240.422	197.852	-0.668	-0.206
1240.622	199.876	-0.681	-0.225
1240.822	201.822	-0.660	-0.198
1241.022	203.832	-0.655	-0.215
1241.222	205.926	-0.643	-0.206
1241.422	207.982	-0.625	-0.232
1241.622	209.999	-0.581	-0.182
1241.822	212.048	-0.603	-0.235
1242.022	214.100	-0.572	-0.206
1242.222	216.103	-0.587	-0.243
1242.422	218.143	-0.540	-0.193
1242.622	220.170	-0.564	-0.235
1242.822	222.235	-0.531	-0.204
1243.022	224.250	-0.540	-0.232
1243.222	226.254	-0.491	-0.199
1243.422	228.257	-0.524	-0.227
1243.622	230.328	-0.479	-0.206
1243.822	232.302	-0.498	-0.230
1243.922	233.473	-0.472	-0.223
1244.122	235.381	-0.469	-0.211
1244.322	237.525	-0.450	-0.211
1244.522	239.571	-0.450	-0.194
1244.722	241.514	-0.435	-0.224
1244.921	243.537	-0.447	-0.241
1245.122	245.608	-0.433	-0.223
1245.322	247.698	-0.407	-0.202
1245.522	249.712	-0.414	-0.229
1245.722	251.739	-0.411	-0.218
1245.922	253.794	-0.387	-0.203
1246.122	255.814	-0.392	-0.222
1246.322	257.836	-0.390	-0.220
1246.522	259.862	-0.375	-0.219
1246.722	261.834	-0.345	-0.211
1246.921	263.947	-0.351	-0.230
1247.122	265.895	-0.329	-0.233
1247.222	267.043	-0.342	-0.233
1247.422	268.927	-0.330	-0.224
1247.622	271.046	-0.307	-0.216
1247.822	273.031	-0.329	-0.239
1248.022	275.046	-0.300	-0.234
1248.222	277.169	-0.295	-0.232
1248.422	279.283	-0.299	-0.258
1248.622	281.285	-0.282	-0.235
1248.822	283.207	-0.260	-0.237
1249.022	285.252	-0.249	-0.246
1249.222	287.282	-0.246	-0.248
1249.422	289.278	-0.240	-0.262
1249.622	291.391	-0.224	-0.251
1249.822	293.383	-0.230	-0.273
1250.022	295.554	-0.203	-0.259
1250.222	297.421	-0.214	-0.281
1250.422	299.554	-0.182	-0.259
1250.622	301.578	-0.197	-0.286
1250.822	303.563	-0.185	-0.257
1251.021	305.575	-0.166	-0.249
1251.222	307.610	-0.170	-0.291
1251.422	309.723	-0.136	-0.256
1251.622	311.730	-0.139	-0.288
1251.822	313.733	-0.120	-0.268
1252.022	315.718	-0.129	-0.295
1252.222	317.908	-0.102	-0.279
1252.422	319.897	-0.097	-0.287
1252.622	321.852	-0.079	-0.266
1252.822	323.880	-0.082	-0.277
1253.022	325.998	-0.066	-0.267
1253.222	328.121	-0.059	-0.267
1253.422	330.122	-0.042	-0.278
1253.622	332.087	-0.033	-0.262
1253.822	334.164	-0.010	-0.272
1254.022	336.144	-0.013	-0.262
1254.222	338.096	0.007	-0.258
1254.422	340.193	-0.019	-0.272
1254.622	342.172	0.013	-0.265
1254.722	343.305	0.016	-0.240
1254.922	345.364	0.022	-0.272
1255.122	347.268	0.012	-0.263
1255.322	349.327	0.034	-0.267
1255.522	351.319	0.020	-0.256
1255.622	352.459	0.069	-0.234
1255.822	354.482	0.056	-0.259
1256.022	356.428	0.047	-0.260
1256.222	358.634	0.070	-0.243
1256.422	360.632	0.062	-0.249
1256.622	362.595	0.083	-0.240
1256.822	364.538	0.057	-0.254
1256.922	365.651	0.114	-0.229
1257.122	367.726	0.074	-0.255
1257.322	369.655	0.090	-0.264
1257.522	371.797	0.073	-0.244
1257.722	373.825	0.094	-0.261
1257.922	375.832	0.079	-0.237
1258.121	377.844	0.090	-0.276
1258.322	379.886	0.098	-0.254
1258.522	381.900	0.116	-0.265
1258.721	383.913	0.131	-0.243
1258.922	385.928	0.135	-0.252
1259.122	388.063	0.132	-0.274
1259.322	389.948	0.160	-0.250
1259.522	391.124	0.133	-0.280
1259.722	391.507	0.168	-0.275
1521.922	11.674	-4.788	0.395
1522.122	11.742	-4.756	0.405
1522.322	12.476	-4.785	0.392
1522.522	13.965	-4.789	0.395
1522.722	15.963	-4.802	0.387
1522.922	18.070	-4.799	0.366
1523.122	20.124	-4.793	0.382
1523.322	22.056	-4.803	0.364
1523.422	23.180	-4.831	0.329
1523.622	25.172	-4.783	0.379
1523.822	27.142	-4.801	0.365
1524.022	29.371	-4.775	0.384
1524.222	31.238	-4.791	0.363
1524.422	33.222	-4.770	0.371
1524.622	35.343	-4.562	0.343
1524.822	37.335	-1.490	0.056
1525.022	39.480	-1.545	-0.033
1525.222	41.493	-1.502	0.002
1525.422	43.480	-1.523	-0.038
1525.622	45.491	-1.501	-0.004
1525.822	47.485	-1.490	-0.047
1525.922	48.589	-1.438	0.010
1526.122	50.638	-1.466	-0.034
1526.322	52.621	-1.443	-0.063
1526.522	54.590	-1.426	-0.064
1526.722	56.744	-1.395	-0.062
1526.922	58.676	-1.390	-0.089
1527.122	60.715	-1.368	-0.080
1527.322	62.817	-1.347	-0.103
1527.522	64.803	-1.319	-0.111
1527.722	66.827	-1.309	-0.130
1527.922	68.831	-1.296	-0.134
1528.122	71.069	-1.273	-0.152
1528.322	73.071	-1.264	-0.141
1528.522	75.043	-1.247	-0.147
1528.722	76.968	-1.222	-0.143
1528.922	79.130	-1.220	-0.203
1529.122	81.179	-1.175	-0.151
1529.322	83.192	-1.193	-0.151
1529.522	85.166	-1.149	-0.052
1529.722	87.210	-1.149	-0.073
1529.922	89.257	-1.139	-0.071
1530.122	91.239	-1.114	-0.073
1530.322	93.343	-1.109	-0.086
1530.522	95.288	-1.108	-0.098
1530.622	96.416	-1.120	-0.072
1530.822	98.444	-1.093	-0.080
1531.022	100.425	-1.092	-0.064
1531.222	102.420	-1.084	-0.088
1531.422	104.434	-1.083	-0.090
1531.522	105.546	-1.090	-0.093
1531.722	107.628	-1.075	-0.117
1531.922	109.621	-1.067	-0.105
1532.122	111.595	-1.053	-0.125
1532.322	113.708	-1.046	-0.130
1532.522	115.737	-1.043	-0.134
1532.722	117.802	-1.023	-0.135
1532.922	119.706	-1.022	-0.161
1533.122	121.846	-0.990	-0.145
1533.322	123.876	-0.995	-0.156
1533.522	125.897	-0.960	-0.122
1533.722	127.903	-0.981	-0.152
1533.922	129.928	-0.926	-0.099
1534.122	131.951	-0.967	-0.140
1534.322	134.002	-0.932	-0.123
1534.522	136.011	-0.963	-0.118
1534.722	138.120	-0.933	-0.120
1534.922	140.132	-0.958	-0.115
1535.122	142.166	-0.932	-0.100
1535.322	144.150	-0.950	-0.106
1535.522	146.172	-0.931	-0.116
1535.722	148.196	-0.936	-0.117
1535.922	150.340	-0.925	-0.142
1536.122	152.462	-0.924	-0.139
1536.322	154.318	-0.890	-0.124
1536.522	156.317	-0.903	-0.147
1536.722	158.450	-0.858	-0.151
1536.922	160.472	-0.880	-0.166
1537.122	162.456	-0.827	-0.179
1537.322	164.540	-0.843	-0.160
1537.522	166.537	-0.802	-0.164
1537.722	168.721	-0.805	-0.137
1537.922	170.598	-0.786	-0.170
1538.122	172.589	-0.777	-0.130
1538.222	173.735	-0.750	-0.133
1538.422	175.635	-0.773	-0.185
1538.522	176.742	-0.777	-0.140
1538.722	178.826	-0.764	-0.155
1538.922	180.818	-0.742	-0.132
1539.122	182.794	-0.757	-0.145
1539.322	184.866	-0.747	-0.157
1539.522	186.851	-0.757	-0.161
1539.722	189.019	-0.745	-0.159
1539.922	190.941	-0.749	-0.184
1540.122	192.970	-0.714	-0.187
1540.322	195.137	-0.722	-0.184
1540.522	197.114	-0.688	-0.182
1540.722	199.136	-0.693	-0.199
1540.922	201.187	-0.656	-0.208
1541.122	203.216	-0.644	-0.198
1541.322	205.223	-0.624	-0.216
1541.522	207.259	-0.610	-0.193
1541.722	209.293	-0.602	-0.218
1541.922	211.302	-0.583	-0.190
1542.122	213.318	-0.586	-0.209
1542.322	215.392	-0.561	-0.186
1542.522	217.348	-0.566	-0.202
1542.722	219.438	-0.558	-0.205
1542.922	221.435	-0.553	-0.202
1543.022	222.582	-0.514	-0.172
1543.222	224.479	-0.565	-0.217
1543.422	226.621	-0.538	-0.199
1543.622	228.636	-0.565	-0.225
1543.822	230.700	-0.517	-0.211
1544.022	232.695	-0.541	-0.234
1544.222	234.677	-0.496	-0.223
1544.322	235.790	-0.494	-0.254
1544.522	237.790	-0.512	-0.269
1544.722	239.937	-0.442	-0.236
1544.922	241.778	-0.480	-0.266
1545.122	243.922	-0.413	-0.240
1545.322	246.024	-0.447	-0.244
1545.522	248.025	-0.381	-0.233
1545.722	249.990	-0.418	-0.243
1545.922	252.066	-0.360	-0.229
1546.122	254.039	-0.373	-0.218
1546.322	256.025	-0.365	-0.250
1546.522	258.191	-0.369	-0.239
1546.722	260.129	-0.358	-0.213
1546.922	262.207	-0.370	-0.224
1547.122	264.171	-0.339	-0.218
1547.322	266.330	-0.355	-0.230
1547.522	268.335	-0.319	-0.225
1547.722	270.341	-0.341	-0.249
1547.922	272.366	-0.323	-0.255
1548.123	274.439	-0.296	-0.238
1548.322	276.436	-0.286	-0.270
1548.522	278.551	-0.263	-0.243
1548.722	280.558	-0.271	-0.276
1548.922	282.517	-0.234	-0.255
1549.122	284.588	-0.247	-0.270
1549.322	286.554	-0.206	-0.269
1549.422	287.714	-0.184	-0.192
1549.622	289.579	-0.224	-0.271
1549.822	291.706	-0.172	-0.215
1550.022	293.696	-0.199	-0.257
1550.222	295.677	-0.167	-0.227
1550.422	297.849	-0.173	-0.241
1550.622	299.819	-0.165	-0.235
1550.822	301.771	-0.185	-0.244
1551.022	303.946	-0.175	-0.229
1551.222	305.906	-0.186	-0.256
1551.422	308.031	-0.155	-0.245
1551.622	310.036	-0.174	-0.271
1551.822	312.042	-0.139	-0.263
1552.022	314.065	-0.138	-0.285
1552.222	316.126	-0.113	-0.274
1552.422	318.093	-0.135	-0.284
1552.622	320.212	-0.090	-0.270
1552.822	322.231	-0.077	-0.276
1553.022	324.179	-0.062	-0.270
1553.222	326.243	-0.046	-0.243
1553.422	328.358	-0.051	-0.249
1553.622	330.393	-0.040	-0.236
1553.822	332.407	-0.051	-0.240
1554.022	334.398	-0.034	-0.228
1554.222	336.386	-0.039	-0.243
1554.422	338.437	-0.038	-0.252
1554.522	339.553	-0.032	-0.231
1554.722	341.559	-0.010	-0.244
1554.922	343.514	-0.049	-0.269
1555.122	345.517	-0.018	-0.270
1555.322	347.683	-0.038	-0.291
1555.522	349.628	0.008	-0.282
1555.722	351.714	-0.005	-0.295
1555.922	353.714	0.034	-0.290
1556.122	355.875	0.035	-0.280
1556.322	357.738	0.040	-0.291
1556.522	359.749	0.059	-0.247
1556.722	361.805	0.043	-0.297
1556.922	363.869	0.094	-0.245
1557.122	365.994	0.075	-0.253
1557.322	368.089	0.082	-0.245
1557.522	370.074	0.065	-0.255
1557.722	372.045	0.084	-0.245
1557.922	374.135	0.067	-0.259
1558.122	376.129	0.078	-0.270
1558.322	378.079	0.076	-0.266
1558.522	380.182	0.096	-0.252
1558.722	382.138	0.093	-0.298
1558.922	384.347	0.106	-0.285
1559.122	386.321	0.126	-0.295
1559.322	388.276	0.150	-0.289
1559.522	390.158	0.162	-0.297
1559.722	391.210	0.202	-0.293
1559.822	391.473	0.206	-0.274
1560.022	391.506	0.182	-0.296
1822.022	11.674	-4.763	0.370
1822.222	11.675	-4.781	0.383
1822.422	12.171	-4.773	0.396
1822.622	13.447	-4.771	0.399
1822.722	14.477	-4.788	0.376
1822.922	16.451	-4.814	0.351
1823.122	18.447	-4.781	0.399
1823.222	19.635	-4.814	0.352
1823.422	21.598	-4.787	0.360
1823.622	23.532	-4.791	0.336
1823.822	25.589	-4.796	0.345
1823.922	26.691	-4.795	0.353
1824.123	28.700	-4.766	0.358
1824.322	30.694	-4.774	0.349
1824.522	32.696	-4.768	0.362
1824.722	34.938	-4.776	0.361
1824.922	36.757	-2.191	0.123
1825.122	38.942	-1.524	0.048
1825.322	40.868	-1.535	0.034
1825.522	42.891	-1.508	0.022
1825.622	44.040	-1.537	0.009
1825.822	46.042	-1.524	-0.000
1826.022	48.025	-1.489	-0.007
1826.222	50.053	-1.481	-0.045
1826.422	52.054	-1.433	-0.021
1826.622	54.174	-1.437	-0.060
1826.822	56.243	-1.406	-0.050
1827.022	58.220	-1.385	-0.057
1827.222	60.206	-1.363	-0.068
1827.422	62.207	-1.345	-0.066
1827.522	63.314	-1.305	-0.096
1827.722	65.386	-1.303	-0.083
1827.922	67.367	-1.294	-0.103
1828.122	69.332	-1.294	-0.101
1828.322	71.398	-1.272	-0.111
1828.522	73.388	-1.257	-0.115
1828.622	74.546	-1.259	-0.134
1828.822	76.458	-1.229	-0.150
1829.022	78.554	-1.218	-0.153
1829.222	80.552	-1.200	-0.146
1829.422	82.615	-1.169	-0.145
1829.622	84.628	-1.188	-0.108
1829.822	86.684	-1.141	-0.063
1830.022	88.726	-1.151	-0.104
1830.222	90.731	-1.090	-0.065
1830.422	92.772	-1.134	-0.093
1830.623	94.801	-1.075	-0.045
1830.822	96.806	-1.126	-0.092
1831.022	98.890	-1.083	-0.078
1831.222	100.973	-1.098	-0.078
1831.422	103.001	-1.088	-0.098
1831.622	105.014	-1.099	-0.113
1831.822	107.018	-1.074	-0.127
1832.022	109.043	-1.065	-0.131
1832.222	111.066	-1.042	-0.142
1832.422	113.079	-1.030	-0.117
1832.622	115.115	-1.000	-0.106
1832.822	117.169	-1.011	-0.107
1833.022	119.291	-0.977	-0.117
1833.222	121.364	-1.024	-0.115
1833.422	123.230	-0.993	-0.106
1833.623	125.394	-1.006	-0.106
1833.823	127.496	-0.995	-0.123
1834.022	129.337	-0.997	-0.113
1834.222	131.483	-1.002	-0.150
1834.422	133.587	-0.965	-0.136
1834.623	135.431	-0.968	-0.162
1834.722	136.541	-0.922	-0.136
1834.922	138.605	-0.916	-0.128
1835.122	140.639	-0.961	-0.171
1835.322	142.645	-0.901	-0.114
1835.522	144.669	-0.915	-0.128
1835.722	146.673	-0.905	-0.100
1835.922	148.696	-0.914	-0.111
1836.122	150.741	-0.901	-0.109
1836.322	152.741	-0.918	-0.128
1836.522	154.799	-0.903	-0.136
1836.722	156.859	-0.893	-0.165
1836.922	158.879	-0.867	-0.141
1837.122	160.886	-0.871	-0.196
1837.222	162.015	-0.836	-0.156
1837.422	164.012	-0.837	-0.147
1837.622	166.149	-0.799	-0.156
1837.823	168.003	-0.803	-0.129
1838.023	170.137	-0.802	-0.150
1838.223	172.230	-0.812	-0.125
1838.422	174.233	-0.805	-0.151
1838.623	176.212	-0.793	-0.141
1838.823	178.301	-0.799	-0.188
1839.022	180.349	-0.781	-0.173
1839.222	182.347	-0.766	-0.164
1839.422	184.349	-0.743	-0.184
1839.622	186.341	-0.739	-0.180
1839.822	188.367	-0.701	-0.187
1840.022	190.410	-0.684	-0.174
1840.223	192.393	-0.676	-0.162
1840.422	194.612	-0.690	-0.159
1840.622	196.611	-0.658	-0.132
1840.822	198.600	-0.696	-0.167
1841.022	200.727	-0.664	-0.168
1841.222	202.565	-0.667	-0.171
1841.322	203.719	-0.654	-0.191
1841.522	205.637	-0.660	-0.213
1841.722	207.654	-0.627	-0.218
1841.822	208.809	-0.619	-0.244
1842.022	210.825	-0.604	-0.209
1842.222	212.820	-0.591	-0.217
1842.422	214.854	-0.578	-0.195
1842.622	216.869	-0.570	-0.216
1842.822	218.852	-0.555	-0.180
1843.023	220.981	-0.551	-0.199
1843.222	222.978	-0.547	-0.183
1843.422	224.964	-0.527	-0.199
1843.622	227.139	-0.561	-0.220
1843.822	229.072	-0.522	-0.220
1844.022	231.116	-0.539	-0.237
1844.222	233.091	-0.495	-0.250
1844.322	234.239	-0.514	-0.253
1844.522	236.249	-0.475	-0.253
1844.722	238.245	-0.448	-0.240
1844.923	240.253	-0.427	-0.215
1845.122	242.342	-0.439	-0.239
1845.322	244.321	-0.428	-0.228
1845.522	246.434	-0.433	-0.244
1845.722	248.421	-0.414	-0.185
1845.922	250.396	-0.455	-0.257
1846.123	252.471	-0.411	-0.222
1846.322	254.466	-0.422	-0.274
1846.422	255.624	-0.346	-0.208
1846.622	257.514	-0.390	-0.273
1846.822	259.614	-0.360	-0.251
1847.022	261.609	-0.348	-0.263
1847.222	263.679	-0.333	-0.261
1847.422	265.813	-0.310	-0.242
1847.622	267.676	-0.299	-0.226
1847.723	268.778	-0.278	-0.191
1847.922	270.757	-0.309	-0.229
1848.122	272.747	-0.304	-0.222
1848.222	273.861	-0.329	-0.250
1848.422	275.935	-0.304	-0.237
1848.622	277.918	-0.283	-0.244
1848.822	279.892	-0.296	-0.276
1849.022	281.942	-0.264	-0.259
1849.222	284.055	-0.268	-0.275
1849.422	286.181	-0.216	-0.252
1849.622	288.026	-0.231	-0.263
1849.822	290.168	-0.189	-0.242
1850.022	292.244	-0.209	-0.232
1850.222	294.247	-0.182	-0.232
1850.422	296.215	-0.208	-0.238
1850.622	298.298	-0.189	-0.229
1850.822	300.280	-0.205	-0.256
1851.022	302.426	-0.175	-0.257
1851.222	304.304	-0.216	-0.280
1851.322	305.407	-0.129	-0.239
1851.522	307.424	-0.174	-0.273
1851.722	309.405	-0.133	-0.276
1851.823	310.541	-0.113	-0.282
1852.023	312.559	-0.132	-0.265
1852.222	314.533	-0.095	-0.239
1852.422	316.529	-0.109	-0.235
1852.622	318.560	-0.098	-0.241
1852.822	320.697	-0.127	-0.231
1853.022	322.800	-0.098	-0.237
1853.223	324.778	-0.101	-0.229
1853.422	326.855	-0.087	-0.263
1853.622	328.773	-0.097	-0.259
1853.822	330.770	-0.062	-0.291
1854.022	332.940	-0.068	-0.279
1854.222	334.819	-0.019	-0.264
1854.422	336.943	-0.039	-0.261
1854.622	338.972	0.000	-0.260
1854.822	340.991	-0.028	-0.242
1855.022	342.977	-0.007	-0.255
1855.222	345.077	0.016	-0.235
1855.422	347.035	-0.001	-0.276
1855.522	348.182	0.009	-0.230
1855.723	350.196	-0.022	-0.265
1855.922	352.162	-0.008	-0.282
1856.122	354.154	-0.004	-0.288
1856.322	356.180	0.015	-0.298
1856.522	358.307	0.049	-0.281
1856.722	360.413	0.058	-0.279
1856.922	362.427	0.072	-0.258
1857.122	364.362	0.061	-0.275
1857.322	366.412	0.095	-0.247
1857.522	368.437	0.079	-0.250
1857.722	370.428	0.057	-0.274
1857.922	372.510	0.080	-0.252
1858.122	374.519	0.061	-0.278
1858.322	376.706	0.076	-0.295
1858.522	378.599	0.101	-0.285
1858.722	380.589	0.106	-0.302
1858.822	381.756	0.133	-0.267
1859.022	383.756	0.144	-0.284
1859.222	385.762	0.129	-0.284
1859.422	387.822	0.152	-0.271
1859.623	389.720	0.178	-0.269
1859.823	391.066	0.182	-0.253
1860.023	391.501	0.191	-0.251
2122.222	11.674	-4.780	0.434
2122.422	11.885	-4.811	0.400
2122.622	12.768	-4.782	0.423
2122.723	13.609	-4.763	0.423
2122.923	15.547	-4.763	0.407
2123.122	17.614	-4.755	0.416
2123.323	19.726	-4.762	0.445
2123.522	21.734	-4.780	0.431
2123.723	23.696	-4.776	0.455
2123.922	25.681	-4.800	0.441
2124.122	27.845	-4.798	0.445
2124.323	29.779	-4.810	0.442
2124.523	31.877	-4.813	0.391
2124.723	33.869	-4.785	0.404
2124.923	36.037	-3.667	0.303
2125.123	37.951	-1.525	0.100
2125.323	39.968	-1.558	0.025
2125.522	42.029	-1.506	0.010
2125.722	44.093	-1.523	0.021
2125.923	46.055	-1.497	-0.005
2126.122	48.066	-1.494	-0.017
2126.322	50.235	-1.451	-0.012
2126.523	52.190	-1.470	-0.042
2126.722	54.267	-1.425	-0.037
2126.923	56.231	-1.421	-0.062
2127.023	57.360	-1.379	-0.077
2127.222	59.257	-1.383	-0.071
2127.322	60.359	-1.387	-0.092
2127.523	62.378	-1.330	-0.076
2127.723	64.352	-1.317	-0.082
2127.822	65.504	-1.296	-0.093
2128.022	67.390	-1.276	-0.085
2128.222	69.546	-1.303	-0.108
2128.423	71.558	-1.256	-0.093
2128.623	73.604	-1.277	-0.110
2128.823	75.616	-1.234	-0.108
2129.023	77.677	-1.235	-0.138
2129.222	79.603	-1.206	-0.126
2129.423	81.625	-1.192	-0.124
2129.622	83.651	-1.174	-0.119
2129.823	85.685	-1.142	-0.027
2129.922	86.804	-1.154	-0.058
2130.123	88.860	-1.124	-0.040
2130.323	90.844	-1.140	-0.042
2130.522	92.995	-1.121	-0.052
2130.723	94.868	-1.124	-0.052
2130.923	97.000	-1.127	-0.083
2131.122	98.963	-1.107	-0.097
2131.223	100.053	-1.117	-0.119
2131.423	101.982	-1.083	-0.087
2131.623	104.026	-1.077	-0.118
2131.823	106.144	-1.033	-0.107
2132.023	108.139	-1.033	-0.102
2132.223	110.152	-1.011	-0.090
2132.423	112.251	-1.038	-0.096
2132.622	114.349	-1.026	-0.090
2132.822	116.352	-1.040	-0.113
2133.022	118.275	-1.035	-0.122
2133.222	120.302	-1.020	-0.120
2133.423	122.327	-1.001	-0.144
2133.522	123.497	-0.966	-0.111
2133.723	125.396	-0.989	-0.141
2133.922	127.402	-0.941	-0.111
2134.022	128.573	-0.999	-0.132
2134.222	130.453	-0.956	-0.103
2134.323	131.555	-0.930	-0.088
2134.523	133.566	-0.993	-0.121
2134.722	135.577	-0.960	-0.094
2134.923	137.683	-0.990	-0.131
2135.122	139.629	-0.919	-0.115
2135.222	140.720	-0.972	-0.162
2135.423	142.735	-0.939	-0.140
2135.622	144.765	-0.914	-0.143
2135.822	146.742	-0.897	-0.145
2136.023	148.954	-0.876	-0.119
2136.223	150.918	-0.882	-0.116
2136.422	152.877	-0.885	-0.108
2136.623	154.979	-0.890	-0.111
2136.823	156.979	-0.907	-0.144
2137.022	159.119	-0.874	-0.111
2137.223	160.969	-0.862	-0.161
2137.423	163.127	-0.861	-0.161
2137.623	165.171	-0.813	-0.174
2137.823	167.199	-0.800	-0.149
2138.023	169.225	-0.779	-0.147
2138.223	171.250	-0.803	-0.136
2138.422	173.271	-0.796	-0.136
2138.622	175.250	-0.805	-0.149
2138.823	177.285	-0.790	-0.170
2139.022	179.357	-0.779	-0.162
2139.223	181.500	-0.744	-0.168
2139.423	183.365	-0.756	-0.184
2139.622	185.471	-0.722	-0.204
2139.822	187.473	-0.716	-0.165
2140.022	189.513	-0.695	-0.177
2140.223	191.482	-0.687	-0.146
2140.423	193.508	-0.698	-0.155
2140.623	195.566	-0.701	-0.160
2140.823	197.707	-0.680	-0.180
2141.023	199.628	-0.679	-0.182
2141.122	200.758	-0.658	-0.167
2141.323	202.815	-0.691	-0.230
2141.523	204.753	-0.618	-0.190
2141.723	206.751	-0.610	-0.220
2141.823	207.910	-0.590	-0.203
2142.023	209.923	-0.606	-0.190
2142.223	211.931	-0.576	-0.161
2142.423	213.969	-0.617	-0.197
2142.622	215.994	-0.591	-0.182
2142.823	217.978	-0.612	-0.219
2143.022	220.041	-0.595	-0.218
2143.223	222.140	-0.589	-0.241
2143.423	224.145	-0.549	-0.249
2143.623	226.165	-0.516	-0.231
2143.822	228.169	-0.492	-0.225
2144.022	230.191	-0.507	-0.220
2144.223	232.216	-0.492	-0.209
2144.423	234.226	-0.500	-0.204
2144.622	236.265	-0.504	-0.219
2144.823	238.312	-0.515	-0.245
2145.022	240.426	-0.484	-0.221
2145.223	242.462	-0.454	-0.248
2145.422	244.496	-0.453	-0.263
2145.622	246.500	-0.414	-0.238
2145.822	248.609	-0.397	-0.241
2146.023	250.590	-0.374	-0.208
2146.223	252.553	-0.402	-0.215
2146.423	254.643	-0.376	-0.205
2146.623	256.631	-0.420	-0.249
2146.723	257.780	-0.388	-0.240
2146.923	259.712	-0.394	-0.237
2147.123	261.700	-0.376	-0.265
2147.322	263.741	-0.354	-0.263
2147.523	265.855	-0.329	-0.256
2147.722	267.861	-0.299	-0.244
2147.922	269.885	-0.291	-0.236
2148.123	271.870	-0.301	-0.224
2148.323	274.056	-0.289	-0.214
2148.523	276.068	-0.323	-0.255
2148.723	278.046	-0.292	-0.239
2148.922	280.141	-0.301	-0.270
2149.122	282.111	-0.266	-0.256
2149.323	284.170	-0.252	-0.279
2149.522	286.082	-0.224	-0.252
2149.722	288.236	-0.208	-0.254
2149.923	290.267	-0.220	-0.233
2150.122	292.289	-0.199	-0.225
2150.323	294.269	-0.224	-0.223
2150.523	296.304	-0.207	-0.246
2150.723	298.338	-0.226	-0.258
2150.923	300.436	-0.201	-0.287
2151.123	302.386	-0.188	-0.248
2151.323	304.501	-0.175	-0.277
2151.523	306.508	-0.146	-0.253
2151.722	308.532	-0.128	-0.261
2151.922	310.536	-0.130	-0.221
2152.123	312.553	-0.138	-0.238
2152.322	314.739	-0.141	-0.230
2152.523	316.705	-0.147	-0.259
2152.722	318.808	-0.140	-0.260
2152.923	320.818	-0.120	-0.285
2153.122	322.757	-0.122	-0.267
2153.323	324.800	-0.100	-0.283
2153.522	326.816	-0.068	-0.247
2153.723	328.805	-0.080	-0.279
2153.922	330.897	-0.026	-0.204
2154.123	332.887	-0.091	-0.253
2154.222	334.049	-0.056	-0.247
2154.423	335.936	-0.072	-0.242
2154.623	338.083	-0.075	-0.278
2154.823	340.102	-0.037	-0.263
2155.023	342.115	-0.053	-0.309
2155.222	344.116	-0.013	-0.282
2155.423	346.183	-0.000	-0.252
2155.623	348.143	0.020	-0.272
2155.722	349.294	0.005	-0.250
2155.923	351.187	0.028	-0.228
2156.022	352.304	0.003	-0.264
2156.223	354.310	0.004	-0.238
2156.422	356.335	0.005	-0.264
2156.622	358.357	-0.005	-0.282
2156.823	360.396	0.036	-0.286
2157.023	362.466	0.043	-0.285
2157.223	364.471	0.060	-0.268
2157.423	366.594	0.066	-0.290
2157.622	368.630	0.110	-0.246
2157.823	370.603	0.085	-0.251
2158.022	372.683	0.085	-0.248
2158.223	374.668	0.063	-0.250
2158.423	376.817	0.073	-0.271
2158.623	378.691	0.081	-0.288
2158.823	380.806	0.094	-0.308
2159.023	382.815	0.120	-0.279
2159.222	384.897	0.136	-0.303
2159.423	386.826	0.139	-0.284
2159.622	388.874	0.169	-0.263
2159.823	390.581	0.169	-0.257
2160.023	391.391	0.178	-0.247
2160.222	391.506	0.168	-0.269
2422.323	11.674	-4.799	0.353
2422.523	11.861	-4.802	0.341
2422.723	12.881	-4.777	0.373
2422.923	14.518	-4.780	0.331
2423.023	15.634	-4.769	0.367
2423.223	17.641	-4.767	0.372
2423.423	19.656	-4.788	0.380
2423.623	21.769	-4.775	0.387
2423.823	23.859	-4.815	0.361
2424.023	25.845	-4.796	0.354
2424.223	27.763	-4.787	0.358
2424.422	29.787	-4.783	0.330
2424.523	30.899	-4.797	0.326
2424.723	32.942	-4.767	0.361
2424.923	34.986	-4.772	0.336
2425.123	36.942	-2.126	0.148
2425.323	38.964	-1.529	0.016
2425.523	40.979	-1.519	0.031
2425.623	42.088	-1.530	-0.042
2425.823	44.155	-1.514	0.011
2426.023	46.123	-1.507	-0.049
2426.222	48.225	-1.490	-0.030
2426.423	50.122	-1.454	-0.035
2426.522	51.218	-1.414	-0.053
2426.723	53.277	-1.416	-0.032
2426.923	55.240	-1.412	-0.055
2427.023	56.367	-1.399	-0.029
2427.223	58.361	-1.381	-0.055
2427.423	60.316	-1.364	-0.059
2427.623	62.545	-1.357	-0.100
2427.823	64.364	-1.317	-0.080
2427.922	65.493	-1.320	-0.121
2428.123	67.623	-1.303	-0.080
2428.322	69.462	-1.287	-0.072
2428.423	70.631	-1.277	-0.093
2428.623	72.547	-1.252	-0.082
2428.823	74.558	-1.246	-0.109
2428.923	75.718	-1.248	-0.078
2429.123	77.597	-1.228	-0.116
2429.223	78.707	-1.232	-0.140
2429.423	80.743	-1.201	-0.103
2429.623	82.757	-1.189	-0.134
2429.822	84.738	-1.188	-0.034
2430.023	86.767	-1.149	-0.071
2430.223	88.981	-1.127	-0.059
2430.422	90.979	-1.123	-0.063
2430.623	92.846	-1.103	-0.036
2430.723	93.950	-1.120	-0.070
2430.923	95.960	-1.120	-0.053
2431.123	97.977	-1.118	-0.059
2431.323	100.096	-1.112	-0.084
2431.523	102.157	-1.089	-0.094
2431.723	104.149	-1.058	-0.097
2431.923	106.124	-1.044	-0.100
2432.123	108.228	-1.020	-0.088
2432.323	110.308	-1.011	-0.076
2432.523	112.327	-1.027	-0.101
2432.723	114.252	-1.052	-0.087
2432.923	116.260	-1.027	-0.110
2433.023	117.424	-1.038	-0.097
2433.223	119.319	-1.027	-0.144
2433.423	121.329	-0.994	-0.121
2433.523	122.488	-0.981	-0.140
2433.723	124.372	-0.972	-0.108
2433.823	125.485	-0.937	-0.080
2434.023	127.522	-0.962	-0.098
2434.223	129.538	-0.981	-0.098
2434.423	131.579	-0.980	-0.085
2434.623	133.599	-0.966	-0.108
2434.823	135.566	-0.968	-0.137
2434.923	136.731	-0.957	-0.139
2435.123	138.738	-0.924	-0.127
2435.323	140.723	-0.931	-0.150
2435.523	142.735	-0.891	-0.114
2435.723	144.750	-0.912	-0.127
2435.923	146.890	-0.887	-0.086
2436.123	148.783	-0.941	-0.144
2436.323	151.014	-0.899	-0.124
2436.523	153.018	-0.909	-0.147
2436.723	154.962	-0.867	-0.139
2436.923	156.984	-0.887	-0.171
2437.123	159.155	-0.825	-0.149
2437.323	161.039	-0.833	-0.136
2437.523	163.047	-0.815	-0.125
2437.623	164.212	-0.843	-0.162
2437.823	166.108	-0.835	-0.132
2438.023	168.247	-0.851	-0.180
2438.223	170.222	-0.824	-0.154
2438.422	172.298	-0.798	-0.190
2438.623	174.239	-0.783	-0.164
2438.823	176.310	-0.748	-0.171
2439.023	178.335	-0.751	-0.148
2439.223	180.506	-0.747	-0.159
2439.423	182.395	-0.757	-0.152
2439.623	184.531	-0.747	-0.165
2439.823	186.559	-0.760	-0.183
2440.023	188.481	-0.743	-0.215
2440.223	190.505	-0.715	-0.188
2440.323	191.673	-0.693	-0.189
2440.523	193.608	-0.696	-0.212
2440.723	195.648	-0.678	-0.168
2440.923	197.705	-0.653	-0.180
2441.123	199.768	-0.663	-0.155
2441.323	201.775	-0.681	-0.210
2441.523	203.815	-0.663	-0.192
2441.723	205.863	-0.640	-0.226
2441.923	207.877	-0.624	-0.221
2442.123	209.914	-0.602	-0.218
2442.323	211.950	-0.584	-0.197
2442.523	213.958	-0.573	-0.227
2442.723	216.022	-0.575	-0.196
2442.923	218.035	-0.597	-0.217
2443.123	220.003	-0.577	-0.207
2443.323	222.068	-0.580	-0.247
2443.523	224.204	-0.538	-0.228
2443.723	226.226	-0.537	-0.260
2443.923	228.134	-0.474	-0.201
2444.123	230.280	-0.514	-0.225
2444.323	232.341	-0.481	-0.205
2444.523	234.284	-0.503	-0.224
2444.723	236.286	-0.471	-0.215
2444.923	238.339	-0.521	-0.260
2445.123	240.419	-0.464	-0.232
2445.323	242.397	-0.462	-0.268
2445.523	244.435	-0.416	-0.224
2445.723	246.461	-0.429	-0.241
2445.923	248.607	-0.385	-0.204
2446.123	250.693	-0.410	-0.223
2446.323	252.674	-0.384	-0.202
2446.523	254.768	-0.437	-0.239
2446.723	256.681	-0.388	-0.233
2446.923	258.785	-0.392	-0.265
2447.123	260.864	-0.342	-0.249
2447.323	262.864	-0.351	-0.259
2447.523	264.798	-0.306	-0.229
2447.723	266.851	-0.315	-0.221
2447.923	268.863	-0.346	-0.238
2448.123	271.031	-0.338	-0.243
2448.323	272.947	-0.329	-0.242
2448.523	275.011	-0.323	-0.263
2448.723	277.005	-0.284	-0.240
2448.923	279.071	-0.272	-0.273
2449.123	281.094	-0.237	-0.234
2449.323	283.150	-0.240	-0.248
2449.523	285.164	-0.247	-0.209
2449.723	287.149	-0.252	-0.250
2449.923	289.368	-0.256	-0.250
2450.123	291.368	-0.245	-0.285
2450.323	293.318	-0.228	-0.282
2450.523	295.359	-0.208	-0.283
2450.723	297.359	-0.216	-0.255
2450.923	299.343	-0.178	-0.266
2451.123	301.542	-0.176	-0.226
2451.323	303.473	-0.188	-0.236
2451.523	305.521	-0.181	-0.238
2451.723	307.494	-0.203	-0.289
2451.823	308.630	-0.152	-0.251
2452.023	310.536	-0.154	-0.268
2452.223	312.673	-0.137	-0.281
2452.423	314.683	-0.121	-0.260
2452.623	316.743	-0.118	-0.266
2452.822	318.746	-0.093	-0.225
2453.023	320.878	-0.139	-0.262
2453.223	322.897	-0.112	-0.232
2453.423	324.890	-0.146	-0.278
2453.623	326.996	-0.092	-0.272
2453.823	328.963	-0.103	-0.298
2454.023	330.912	-0.057	-0.263
2454.223	333.007	-0.053	-0.265
2454.423	334.991	-0.035	-0.226
2454.523	336.139	-0.084	-0.281
2454.722	338.035	-0.029	-0.222
2454.923	340.146	-0.055	-0.249
2455.123	342.232	-0.040	-0.260
2455.323	344.197	-0.047	-0.284
2455.523	346.139	-0.027	-0.293
2455.723	348.204	0.004	-0.274
2455.923	350.339	0.023	-0.264
2456.123	352.364	0.019	-0.250
2456.323	354.273	0.012	-0.251
2456.523	356.424	0.011	-0.250
2456.722	358.417	-0.000	-0.275
2456.923	360.411	0.024	-0.282
2457.123	362.425	0.030	-0.280
2457.323	364.480	0.058	-0.291
2457.523	366.494	0.073	-0.280
2457.623	367.606	0.133	-0.259
2457.823	369.703	0.075	-0.257
2458.023	371.692	0.090	-0.239
2458.223	373.658	0.048	-0.252
2458.423	375.752	0.073	-0.278
2458.623	377.756	0.060	-0.265
2458.822	379.737	0.119	-0.262
2459.023	381.751	0.091	-0.301
2459.223	383.885	0.148	-0.281
2459.423	385.958	0.153	-0.264
2459.624	387.955	0.150	-0.259
2459.824	389.813	0.148	-0.259
2460.023	391.082	0.169	-0.244
2460.223	391.505	0.145	-0.297
2722.423	11.674	-4.793	0.399
2722.623	11.721	-4.754	0.423
2722.823	12.470	-4.778	0.419
2723.023	13.965	-4.769	0.444
2723.223	15.912	-4.801	0.406
2723.423	17.987	-4.798	0.427
2723.623	20.112	-4.789	0.398
2723.823	22.126	-4.764	0.419
2724.023	24.133	-4.778	0.393
2724.223	26.273	-4.764	0.430
2724.423	28.154	-4.767	0.435
2724.623	30.260	-4.773	0.434
2724.823	32.272	-4.812	0.388
2725.023	34.297	-4.777	0.387
2725.223	36.288	-3.096	0.224
2725.423	38.305	-1.516	0.028
2725.623	40.373	-1.541	0.026
2725.823	42.377	-1.509	0.039
2726.023	44.486	-1.527	0.012
2726.223	46.485	-1.483	-0.006
2726.423	48.657	-1.492	-0.011
2726.623	50.525	-1.456	-0.022
2726.823	52.665	-1.454	-0.053
2727.023	54.707	-1.403	-0.058
2727.223	56.736	-1.408	-0.056
2727.423	58.716	-1.345	-0.048
2727.623	60.704	-1.372	-0.083
2727.823	62.764	-1.315	-0.063
2728.023	64.877	-1.322	-0.084
2728.223	66.891	-1.295	-0.111
2728.423	68.869	-1.295	-0.104
2728.624	70.875	-1.267	-0.141
2728.823	72.885	-1.244	-0.084
2729.023	74.988	-1.222	-0.113
2729.223	77.088	-1.227	-0.114
2729.423	79.083	-1.185	-0.111
2729.623	81.036	-1.213	-0.129
2729.823	83.131	-1.169	-0.101
2730.023	85.164	-1.194	-0.058
2730.223	87.206	-1.138	-0.039
2730.423	89.243	-1.137	-0.066
2730.623	91.227	-1.090	-0.050
2730.823	93.240	-1.090	-0.039
2731.023	95.256	-1.103	-0.043
2731.123	96.365	-1.134	-0.098
2731.323	98.451	-1.106	-0.044
2731.523	100.418	-1.108	-0.110
2731.722	102.485	-1.053	-0.079
2731.923	104.557	-1.065	-0.104
2732.123	106.508	-1.029	-0.072
2732.323	108.564	-1.026	-0.075
2732.523	110.524	-1.038	-0.058
2732.623	111.654	-1.039	-0.095
2732.823	113.648	-1.068	-0.104
2733.023	115.605	-1.017	-0.096
2733.223	117.846	-1.022	-0.129
2733.423	119.669	-0.976	-0.099
2733.623	121.752	-0.969	-0.107
2733.823	123.760	-0.975	-0.099
2734.023	125.767	-0.989	-0.094
2734.123	126.915	-1.015	-0.109
2734.323	128.836	-1.001	-0.136
2734.523	130.950	-0.984	-0.121
2734.723	132.977	-0.950	-0.146
2734.923	134.993	-0.933	-0.131
2735.123	137.003	-0.917	-0.113
2735.323	139.041	-0.918	-0.098
2735.523	141.196	-0.915	-0.099
2735.723	143.171	-0.933	-0.123
2735.923	145.173	-0.929	-0.129
2736.123	147.147	-0.904	-0.145
2736.323	149.335	-0.890	-0.151
2736.523	151.307	-0.863	-0.145
2736.723	153.241	-0.859	-0.114
2736.923	155.317	-0.864	-0.113
2737.123	157.318	-0.910	-0.144
2737.223	158.475	-0.868	-0.136
2737.423	160.385	-0.845	-0.136
2737.623	162.458	-0.868	-0.189
2737.823	164.432	-0.828	-0.170
2738.023	166.508	-0.808	-0.152
2738.223	168.529	-0.787	-0.138
2738.423	170.563	-0.812	-0.135
2738.623	172.580	-0.790	-0.161
2738.823	174.705	-0.820	-0.164
2739.023	176.787	-0.776	-0.190
2739.223	178.782	-0.771	-0.190
2739.423	180.736	-0.719	-0.178
2739.623	182.786	-0.716	-0.158
2739.823	184.773	-0.705	-0.167
2740.023	186.980	-0.732	-0.161
2740.223	188.954	-0.725	-0.162
2740.423	190.909	-0.729	-0.208
2740.623	192.972	-0.689	-0.198
2740.823	194.964	-0.682	-0.201
2741.024	197.132	-0.643	-0.171
2741.223	199.043	-0.665	-0.161
2741.423	201.060	-0.668	-0.161
2741.523	202.208	-0.665	-0.169
2741.723	204.156	-0.665	-0.169
2741.923	206.154	-0.629	-0.193
2742.123	208.217	-0.640	-0.188
2742.323	210.287	-0.593	-0.220
2742.523	212.292	-0.580	-0.172
2742.723	214.326	-0.573	-0.183
2742.923	216.359	-0.602	-0.184
2743.123	218.365	-0.589	-0.203
2743.323	220.398	-0.602	-0.216
2743.523	222.443	-0.550	-0.232
2743.723	224.559	-0.561	-0.238
2743.923	226.508	-0.517	-0.237
2744.123	228.624	-0.510	-0.221
2744.323	230.629	-0.490	-0.209
2744.523	232.655	-0.538	-0.218
2744.723	234.637	-0.496	-0.218
2744.923	236.845	-0.509	-0.243
2745.123	238.830	-0.472	-0.248
2745.323	240.791	-0.454	-0.248
2745.523	242.898	-0.434	-0.227
2745.723	244.913	-0.424	-0.217
2745.923	246.851	-0.434	-0.226
2746.123	248.930	-0.427	-0.229
2746.323	250.946	-0.415	-0.248
2746.523	252.939	-0.421	-0.250
2746.723	255.038	-0.376	-0.281
2746.923	257.043	-0.371	-0.245
2747.123	259.217	-0.332	-0.213
2747.323	261.117	-0.382	-0.231
2747.523	263.112	-0.349	-0.222
2747.623	264.265	-0.356	-0.222
2747.824	266.284	-0.364	-0.262
2748.023	268.307	-0.350	-0.272
2748.223	270.399	-0.317	-0.251
2748.423	272.389	-0.293	-0.275
2748.623	274.342	-0.285	-0.212
2748.823	276.433	-0.285	-0.234
2749.023	278.408	-0.305	-0.234
2749.223	280.564	-0.290	-0.256
2749.423	282.475	-0.278	-0.260
2749.623	284.498	-0.255	-0.285
2749.823	286.669	-0.228	-0.235
2750.023	288.572	-0.214	-0.265
2750.224	290.588	-0.235	-0.234
2750.423	292.640	-0.222	-0.239
2750.623	294.686	-0.251	-0.251
2750.824	296.690	-0.206	-0.271
2751.023	298.715	-0.213	-0.272
2751.223	300.741	-0.182	-0.298
2751.423	302.861	-0.165	-0.242
2751.623	304.953	-0.153	-0.242
2751.823	306.919	-0.172	-0.225
2752.023	308.969	-0.201	-0.256
2752.223	311.058	-0.174	-0.259
2752.423	313.002	-0.174	-0.288
2752.623	315.065	-0.129	-0.273
2752.823	317.023	-0.118	-0.275
2752.923	318.170	-0.113	-0.248
2753.123	320.175	-0.106	-0.225
2753.323	322.150	-0.137	-0.245
2753.523	324.185	-0.126	-0.243
2753.723	326.219	-0.133	-0.284
2753.923	328.324	-0.112	-0.273
2754.123	330.386	-0.097	-0.284
2754.323	332.413	-0.062	-0.255
2754.523	334.396	-0.056	-0.252
2754.723	336.481	-0.067	-0.232
2754.923	338.466	-0.080	-0.268
2755.123	340.419	-0.066	-0.253
2755.323	342.497	-0.066	-0.296
2755.523	344.610	-0.019	-0.287
2755.723	346.658	-0.024	-0.286
2755.923	348.662	0.018	-0.262
2756.123	350.643	0.007	-0.262
2756.323	352.677	0.010	-0.241
2756.523	354.650	-0.015	-0.279
2756.623	355.794	0.009	-0.242
2756.823	357.774	0.005	-0.293
2757.023	359.871	0.044	-0.296
2757.223	361.910	0.060	-0.281
2757.423	363.887	0.067	-0.253
2757.623	365.845	0.059	-0.256
2757.823	367.932	0.039	-0.270
2758.023	369.988	0.049	-0.263
2758.223	371.976	0.062	-0.277
2758.423	374.021	0.093	-0.279
2758.623	376.018	0.081	-0.313
2758.823	378.228	0.133	-0.251
2759.023	380.207	0.094	-0.266
2759.223	382.147	0.126	-0.238
2759.423	384.246	0.070	-0.308
2759.623	386.244	0.123	-0.285
2759.823	388.417	0.129	-0.312
2760.023	390.183	0.182	-0.290
2760.223	391.226	0.173	-0.284
2760.423	391.506	0.195	-0.262
3022.423	11.674	-4.819	0.366
3022.623	11.675	-4.790	0.370
3022.823	12.236	-4.773	0.390
3023.023	13.486	-4.749	0.396
3023.223	15.423	-4.773	0.412
3023.423	17.477	-4.772	0.410
3023.623	19.542	-4.796	0.400
3023.823	21.527	-4.793	0.370
3024.023	23.555	-4.784	0.384
3024.223	25.580	-4.776	0.364
3024.323	26.687	-4.799	0.387
3024.523	28.767	-4.758	0.407
3024.723	30.740	-4.794	0.395
3024.923	32.697	-4.777	0.421
3025.023	33.828	-4.809	0.330
3025.223	35.834	-4.055	0.309
3025.423	37.881	-1.515	0.030
3025.623	39.846	-1.516	0.009
3025.723	40.987	-1.492	-0.041
3025.923	42.999	-1.509	-0.034
3026.123	44.995	-1.499	-0.055
3026.323	47.001	-1.475	-0.020
3026.523	49.023	-1.470	-0.058
3026.723	51.021	-1.465	-0.069
3026.923	53.080	-1.431	-0.044
3027.123	55.153	-1.424	-0.080
3027.323	57.156	-1.388	-0.057
3027.523	59.277	-1.398	-0.083
3027.723	61.303	-1.330	-0.084
3027.923	63.265	-1.338	-0.093
3028.123	65.359	-1.305	-0.118
3028.323	67.374	-1.303	-0.112
3028.523	69.339	-1.269	-0.134
3028.723	71.431	-1.265	-0.115
3028.923	73.419	-1.230	-0.143
3029.023	74.572	-1.247	-0.140
3029.223	76.466	-1.190	-0.103
3029.423	78.594	-1.210	-0.142
3029.623	80.701	-1.190	-0.128
3029.823	82.692	-1.177	-0.137
3030.023	84.649	-1.168	-0.066
3030.223	86.725	-1.141	-0.062
3030.423	88.700	-1.118	-0.068
3030.624	90.852	-1.090	-0.035
3030.823	92.781	-1.109	-0.043
3031.024	94.809	-1.085	-0.054
3031.223	96.950	-1.113	-0.065
3031.424	98.928	-1.079	-0.069
3031.624	100.944	-1.083	-0.095
3031.823	103.017	-1.036	-0.093
3032.023	105.038	-1.024	-0.067
3032.223	107.039	-1.031	-0.073
3032.423	109.084	-1.041	-0.053
3032.623	111.118	-1.060	-0.100
3032.823	113.109	-1.035	-0.095
3033.023	115.139	-1.031	-0.130
3033.223	117.203	-0.995	-0.112
3033.423	119.341	-1.005	-0.125
3033.623	121.206	-0.969	-0.076
3033.723	122.319	-1.014	-0.130
3033.923	124.326	-1.001	-0.083
3034.123	126.340	-1.008	-0.112
3034.323	128.444	-0.976	-0.124
3034.523	130.528	-0.972	-0.134
3034.723	132.526	-0.941	-0.128
3034.923	134.498	-0.935	-0.104
3035.123	136.475	-0.910	-0.096
3035.323	138.620	-0.926	-0.108
3035.523	140.675	-0.942	-0.120
3035.723	142.590	-0.942	-0.150
3035.923	144.721	-0.899	-0.153
3036.123	146.735	-0.884	-0.137
3036.323	148.758	-0.870	-0.129
3036.523	150.739	-0.875	-0.117
3036.723	152.777	-0.898	-0.114
3036.923	154.783	-0.905	-0.140
3037.123	156.830	-0.881	-0.135
3037.323	158.830	-0.862	-0.165
3037.423	159.941	-0.829	-0.151
3037.623	161.926	-0.806	-0.141
3037.823	163.912	-0.833	-0.154
3037.923	165.016	-0.800	-0.110
3038.123	167.083	-0.824	-0.127
3038.323	169.045	-0.840	-0.173
3038.423	170.175	-0.811	-0.180
3038.623	172.080	-0.808	-0.193
3038.823	174.191	-0.762	-0.170
3039.023	176.208	-0.755	-0.177
3039.223	178.302	-0.749	-0.182
3039.423	180.281	-0.761	-0.155
3039.624	182.435	-0.751	-0.154
3039.823	184.411	-0.779	-0.180
3040.023	186.349	-0.722	-0.184
3040.223	188.421	-0.712	-0.191
3040.423	190.426	-0.677	-0.162
3040.623	192.591	-0.711	-0.168
3040.823	194.449	-0.662	-0.136
3040.923	195.564	-0.713	-0.154
3041.123	197.526	-0.707	-0.180
3041.223	198.608	-0.661	-0.197
3041.423	200.721	-0.675	-0.179
3041.623	202.574	-0.652	-0.214
3041.723	203.682	-0.584	-0.164
3041.923	205.686	-0.628	-0.187
3042.123	207.690	-0.607	-0.169
3042.323	209.819	-0.634	-0.180
3042.523	211.873	-0.612	-0.204
3042.723	213.875	-0.631	-0.226
3042.923	215.847	-0.579	-0.231
3043.123	217.825	-0.573	-0.214
3043.223	218.934	-0.531	-0.195
3043.423	220.976	-0.564	-0.220
3043.623	223.041	-0.542	-0.197
3043.823	225.023	-0.555	-0.223
3044.023	227.059	-0.544	-0.227
3044.223	229.073	-0.535	-0.268
3044.423	231.056	-0.500	-0.248
3044.623	233.269	-0.467	-0.233
3044.823	235.231	-0.479	-0.210
3045.023	237.277	-0.486	-0.238
3045.223	239.192	-0.484	-0.231
3045.323	240.302	-0.444	-0.215
3045.523	242.369	-0.472	-0.257
3045.723	244.342	-0.453	-0.263
3045.923	246.485	-0.425	-0.267
3046.123	248.352	-0.405	-0.230
3046.223	249.477	-0.418	-0.217
3046.423	251.503	-0.418	-0.223
3046.623	253.554	-0.412	-0.242
3046.823	255.556	-0.409	-0.244
3047.023	257.533	-0.393	-0.275
3047.123	258.660	-0.400	-0.281
3047.323	260.654	-0.359	-0.247
3047.523	262.791	-0.335	-0.242
3047.723	264.620	-0.335	-0.218
3047.823	265.732	-0.322	-0.247
3048.023	267.811	-0.343	-0.220
3048.223	269.791	-0.357	-0.282
3048.423	271.744	-0.312	-0.259
3048.623	273.839	-0.304	-0.290
3048.823	275.944	-0.273	-0.242
3049.023	277.895	-0.256	-0.248
3049.123	278.977	-0.250	-0.238
3049.323	280.931	-0.276	-0.218
3049.523	283.012	-0.302	-0.293
3049.723	285.000	-0.276	-0.261
3049.823	286.159	-0.255	-0.299
3050.023	288.027	-0.232	-0.277
3050.223	290.166	-0.213	-0.254
3050.423	292.174	-0.213	-0.232
3050.623	294.235	-0.223	-0.237
3050.823	296.238	-0.231	-0.244
3051.023	298.225	-0.236	-0.277
3051.123	299.338	-0.228	-0.278
3051.323	301.326	-0.183	-0.241
3051.523	303.468	-0.181	-0.293
3051.723	305.463	-0.153	-0.219
3051.923	307.433	-0.187	-0.268
3052.123	309.527	-0.168	-0.226
3052.323	311.530	-0.201	-0.289
3052.524	313.498	-0.163	-0.275
3052.724	315.600	-0.147	-0.294
3052.923	317.621	-0.120	-0.273
3053.124	319.602	-0.133	-0.270
3053.324	321.615	-0.123	-0.256
3053.524	323.735	-0.132	-0.240
3053.723	325.797	-0.137	-0.280
3053.923	327.787	-0.117	-0.286
3054.123	329.762	-0.088	-0.286
3054.323	331.855	-0.072	-0.263
3054.523	333.871	-0.050	-0.240
3054.723	335.854	-0.096	-0.250
3054.923	337.979	-0.065	-0.246
3055.123	339.995	-0.072	-0.259
3055.323	342.063	-0.074	-0.288
3055.523	344.002	-0.042	-0.281
3055.723	346.015	-0.008	-0.277
3055.823	347.194	0.013	-0.248
3056.023	349.099	-0.033	-0.247
3056.223	351.104	-0.019	-0.247
3056.323	352.264	-0.020	-0.263
3056.523	354.169	-0.031	-0.300
3056.723	356.301	0.009	-0.286
3056.923	358.267	0.012	-0.311
3057.123	360.333	0.064	-0.253
3057.323	362.282	0.058	-0.255
3057.523	364.347	0.040	-0.262
3057.723	366.475	0.029	-0.279
3057.923	368.478	0.037	-0.291
3058.123	370.491	0.061	-0.301
3058.323	372.473	0.094	-0.284
3058.523	374.515	0.092	-0.272
3058.723	376.563	0.111	-0.245
3058.923	378.555	0.084	-0.265
3059.123	380.687	0.099	-0.262
3059.323	382.693	0.079	-0.298
3059.523	384.679	0.138	-0.284
3059.723	386.791	0.141	-0.294
3059.923	388.779	0.165	-0.268
3060.123	390.560	0.168	-0.264
3060.323	391.354	0.155	-0.267
3060.523	391.506	0.168	-0.279
3322.623	11.674	-4.792	0.361
3322.823	11.894	-4.812	0.384
3323.023	12.848	-4.817	0.335
3323.223	14.637	-4.799	0.358
3323.323	15.714	-4.791	0.341
3323.523	17.625	-4.797	0.347
3323.723	19.792	-4.766	0.364
3323.923	21.745	-4.803	0.356
3324.124	23.799	-4.798	0.379
3324.323	25.922	-4.813	0.355
3324.524	27.897	-4.806	0.339
3324.724	29.930	-4.795	0.321
3324.924	31.935	-4.771	0.330
3325.123	33.907	-4.774	0.324
3325.223	35.014	-4.783	0.313
3325.423	36.970	-2.003	0.117
3325.623	39.087	-1.527	0.013
3325.823	41.072	-1.522	0.004
3325.923	42.219	-1.514	-0.004
3326.123	44.211	-1.514	-0.010
3326.323	46.189	-1.506	-0.041
3326.524	48.209	-1.479	-0.021
3326.723	50.224	-1.465	-0.059
3326.924	52.344	-1.431	-0.043
3327.124	54.385	-1.432	-0.065
3327.323	56.329	-1.405	-0.057
3327.423	57.476	-1.389	-0.062
3327.623	59.440	-1.381	-0.105
3327.823	61.401	-1.338	-0.103
3328.023	63.470	-1.310	-0.094
3328.223	65.465	-1.292	-0.097
3328.323	66.622	-1.297	-0.106
3328.524	68.512	-1.271	-0.119
3328.723	70.650	-1.260	-0.128
3328.923	72.676	-1.235	-0.130
3329.124	74.599	-1.244	-0.164
3329.223	75.730	-1.194	-0.133
3329.423	77.810	-1.191	-0.140
3329.626	79.835	-1.156	-0.149
3329.824	81.801	-1.177	-0.134
3330.023	83.898	-1.148	-0.045
3330.223	85.899	-1.158	-0.029
3330.424	87.891	-1.147	-0.056
3330.623	89.987	-1.132	-0.068
3330.824	91.973	-1.098	-0.076
3331.023	94.060	-1.067	-0.089
3331.223	95.990	-1.069	-0.065
3331.423	98.108	-1.069	-0.052
3331.623	100.176	-1.075	-0.045
3331.823	102.170	-1.084	-0.088
3332.023	104.159	-1.059	-0.101
3332.223	106.236	-1.042	-0.120
3332.423	108.238	-1.001	-0.083
3332.623	110.212	-1.023	-0.081
3332.824	112.333	-1.027	-0.078
3333.023	114.424	-1.000	-0.055
3333.223	116.405	-1.021	-0.093
3333.424	118.473	-1.003	-0.114
3333.624	120.505	-0.987	-0.104
3333.824	122.550	-0.949	-0.107
3334.023	124.584	-0.973	-0.076
3334.224	126.592	-0.960	-0.089
3334.424	128.643	-1.001	-0.097
3334.624	130.679	-0.975	-0.125
3334.824	132.662	-0.976	-0.144
3335.023	134.644	-0.955	-0.166
3335.123	135.739	-0.922	-0.095
3335.323	137.679	-0.909	-0.111
3335.523	139.761	-0.913	-0.105
3335.724	141.758	-0.931	-0.121
3335.823	142.935	-0.920	-0.138
3336.023	144.843	-0.935	-0.141
3336.224	146.830	-0.894	-0.159
3336.323	147.994	-0.873	-0.124
3336.523	149.923	-0.864	-0.164
3336.724	151.948	-0.853	-0.122
3336.823	153.098	-0.872	-0.101
3337.023	155.020	-0.853	-0.151
3337.224	157.036	-0.872	-0.134
3337.423	159.100	-0.870	-0.171
3337.623	161.174	-0.843	-0.165
3337.824	163.188	-0.814	-0.193
3338.023	165.225	-0.800	-0.155
3338.224	167.279	-0.780	-0.143
3338.424	169.275	-0.811	-0.138
3338.623	171.311	-0.814	-0.153
3338.823	173.341	-0.825	-0.169
3339.023	175.348	-0.795	-0.182
3339.224	177.438	-0.750	-0.183
3339.423	179.441	-0.729	-0.181
3339.623	181.606	-0.727	-0.134
3339.823	183.508	-0.752	-0.161
3340.023	185.476	-0.736	-0.161
3340.123	186.626	-0.755	-0.185
3340.324	188.672	-0.741	-0.221
3340.523	190.672	-0.689	-0.168
3340.724	192.708	-0.690	-0.211
3340.923	194.783	-0.651	-0.156
3341.123	196.755	-0.687	-0.182
3341.323	198.895	-0.661	-0.145
3341.523	200.730	-0.706	-0.213
3341.623	201.863	-0.640	-0.176
3341.823	203.969	-0.656	-0.209
3342.023	205.953	-0.608	-0.213
3342.224	207.919	-0.603	-0.198
3342.423	210.014	-0.597	-0.170
3342.623	212.018	-0.622	-0.184
3342.823	214.057	-0.605	-0.192
3343.023	216.149	-0.612	-0.222
3343.223	218.095	-0.578	-0.248
3343.423	220.177	-0.541	-0.212
3343.623	222.134	-0.534	-0.219
3343.823	224.300	-0.535	-0.191
3344.023	226.166	-0.546	-0.207
3344.123	227.291	-0.538	-0.205
3344.324	229.325	-0.554	-0.256
3344.523	231.378	-0.507	-0.238
3344.724	233.284	-0.505	-0.245
3344.923	235.499	-0.449	-0.213
3345.124	237.481	-0.489	-0.234
3345.323	239.457	-0.459	-0.210
3345.523	241.546	-0.506	-0.234
3345.723	243.540	-0.452	-0.233
3345.923	245.683	-0.468	-0.283
3346.123	247.547	-0.389	-0.230
3346.223	248.655	-0.414	-0.247
3346.423	250.669	-0.400	-0.227
3346.624	252.683	-0.390	-0.190
3346.823	254.667	-0.414	-0.235
3347.024	256.757	-0.390	-0.246
3347.224	258.715	-0.401	-0.258
3347.323	259.847	-0.348	-0.280
3347.524	261.837	-0.346	-0.254
3347.723	263.799	-0.335	-0.233
3347.923	265.994	-0.332	-0.218
3348.124	267.970	-0.355	-0.238
3348.323	269.941	-0.338	-0.245
3348.524	272.023	-0.333	-0.274
3348.723	274.070	-0.307	-0.264
3348.923	276.037	-0.295	-0.264
3349.123	278.081	-0.287	-0.247
3349.324	280.077	-0.257	-0.213
3349.523	282.130	-0.295	-0.248
3349.723	284.146	-0.291	-0.260
3349.823	285.290	-0.277	-0.276
3350.024	287.365	-0.261	-0.269
3350.224	289.329	-0.220	-0.262
3350.423	291.287	-0.214	-0.241
3350.624	293.347	-0.209	-0.236
3350.824	295.336	-0.240	-0.247
3351.024	297.554	-0.216	-0.256
3351.223	299.535	-0.227	-0.261
3351.423	301.468	-0.186	-0.282
3351.623	303.526	-0.177	-0.265
3351.823	305.638	-0.155	-0.252
3352.024	307.616	-0.202	-0.240
3352.224	309.667	-0.179	-0.229
3352.424	311.682	-0.205	-0.273
3352.624	313.702	-0.168	-0.269
3352.823	315.787	-0.169	-0.283
3353.023	317.767	-0.142	-0.263
3353.223	319.902	-0.122	-0.255
3353.423	321.900	-0.148	-0.244
3353.623	323.840	-0.148	-0.249
3353.823	325.942	-0.147	-0.266
3354.023	327.916	-0.102	-0.277
3354.123	329.068	-0.125	-0.301
3354.324	330.963	-0.082	-0.291
3354.423	332.070	-0.053	-0.223
3354.623	334.052	-0.066	-0.232
3354.823	336.104	-0.073	-0.262
3355.023	338.244	-0.089	-0.256
3355.223	340.108	-0.081	-0.293
3355.423	342.242	-0.050	-0.280
3355.624	344.233	-0.045	-0.297
3355.823	346.259	-0.023	-0.255
3356.023	348.252	-0.004	-0.243
3356.224	350.280	-0.051	-0.256
3356.424	352.330	-0.015	-0.268
3356.624	354.351	-0.037	-0.277
3356.823	356.482	0.031	-0.272
3357.025	358.492	0.028	-0.262
3357.223	360.484	0.046	-0.275
3357.423	362.603	0.028	-0.224
3357.623	364.583	0.035	-0.271
3357.825	366.734	0.016	-0.264
3358.026	368.655	0.053	-0.314
3358.224	370.636	0.064	-0.288
3358.323	371.788	0.091	-0.306
3358.524	373.666	0.096	-0.269
3358.623	374.776	0.107	-0.245
3358.823	376.740	0.095	-0.263
3358.923	377.821	0.079	-0.258
3359.123	379.967	0.083	-0.263
3359.323	381.847	0.091	-0.296
3359.524	383.961	0.104	-0.313
3359.724	385.976	0.157	-0.276
3359.923	388.002	0.156	-0.265
3360.123	389.903	0.152	-0.250
3360.324	391.107	0.148	-0.265
3360.524	391.507	0.157	-0.291
3622.724	11.674	-4.773	0.418
3622.924	11.873	-4.789	0.402
3623.124	12.919	-4.812	0.380
3623.324	14.639	-4.791	0.400
3623.524	16.664	-4.791	0.377
3623.724	18.714	-4.797	0.378
3623.924	20.736	-4.793	0.394
3624.124	22.708	-4.767	0.407
3624.324	24.734	-4.801	0.391
3624.524	26.759	-4.789	0.384
3624.624	27.863	-4.807	0.387
3624.824	29.952	-4.787	0.365
3625.024	31.946	-4.775	0.371
3625.223	33.939	-4.780	0.358
3625.424	35.944	-3.843	0.290
3625.624	38.033	-1.516	0.041
3625.824	40.081	-1.506	0.010
3626.024	42.038	-1.528	-0.016
3626.224	44.172	-1.500	-0.019
3626.424	46.068	-1.481	-0.020
3626.624	48.206	-1.465	-0.021
3626.824	50.231	-1.458	-0.031
3627.024	52.287	-1.444	-0.030
3627.224	54.260	-1.410	-0.041
3627.424	56.381	-1.416	-0.039
3627.624	58.388	-1.387	-0.068
3627.824	60.364	-1.351	-0.039
3628.024	62.428	-1.336	-0.049
3628.224	64.384	-1.322	-0.073
3628.324	65.542	-1.324	-0.115
3628.524	67.427	-1.271	-0.086
3628.623	68.540	-1.270	-0.108
3628.823	70.564	-1.244	-0.087
3629.023	72.699	-1.244	-0.116
3629.224	74.690	-1.221	-0.099
3629.424	76.666	-1.184	-0.101
3629.624	78.621	-1.195	-0.131
3629.824	80.833	-1.157	-0.143
3630.023	82.795	-1.142	-0.105
3630.224	84.726	-1.116	-0.037
3630.424	86.790	-1.126	-0.022
3630.624	88.797	-1.121	-0.035
3630.724	89.943	-1.120	-0.052
3630.923	91.957	-1.097	-0.051
3631.123	94.006	-1.091	-0.080
3631.324	96.053	-1.070	-0.080
3631.524	98.041	-1.047	-0.060
3631.724	100.018	-1.062	-0.056
3631.924	102.097	-1.054	-0.051
3632.124	104.071	-1.074	-0.087
3632.224	105.224	-1.032	-0.097
3632.424	107.093	-1.031	-0.091
3632.524	108.211	-1.022	-0.130
3632.723	110.216	-1.007	-0.086
3632.923	112.213	-0.999	-0.056
3633.024	113.318	-1.009	-0.090
3633.223	115.244	-0.988	-0.068
3633.323	116.338	-1.003	-0.106
3633.523	118.305	-1.014	-0.115
3633.723	120.459	-0.979	-0.105
3633.923	122.370	-0.952	-0.094
3634.124	124.433	-0.969	-0.088
3634.324	126.557	-0.973	-0.099
3634.524	128.543	-0.976	-0.103
3634.723	130.601	-0.980	-0.144
3634.924	132.614	-0.929	-0.125
3635.123	134.593	-0.941	-0.142
3635.224	135.709	-0.885	-0.098
3635.424	137.692	-0.900	-0.101
3635.623	139.793	-0.932	-0.121
3635.823	141.766	-0.916	-0.107
3636.023	143.718	-0.927	-0.155
3636.223	145.796	-0.886	-0.152
3636.423	147.777	-0.880	-0.164
3636.524	148.928	-0.846	-0.127
3636.723	150.956	-0.881	-0.133
3636.923	152.914	-0.840	-0.113
3637.123	154.986	-0.876	-0.142
3637.323	156.941	-0.865	-0.143
3637.423	158.075	-0.862	-0.191
3637.623	160.079	-0.842	-0.160
3637.824	162.057	-0.809	-0.168
3638.023	164.247	-0.803	-0.127
3638.223	166.214	-0.814	-0.148
3638.423	168.151	-0.830	-0.166
3638.623	170.259	-0.796	-0.173
3638.824	172.258	-0.802	-0.189
3639.023	174.372	-0.753	-0.171
3639.223	176.325	-0.785	-0.186
3639.423	178.331	-0.728	-0.151
3639.624	180.391	-0.764	-0.160
3639.823	182.438	-0.746	-0.175
3640.023	184.440	-0.766	-0.204
3640.224	186.454	-0.708	-0.200
3640.423	188.479	-0.697	-0.173
3640.523	189.597	-0.670	-0.156
3640.724	191.696	-0.708	-0.172
3640.924	193.704	-0.673	-0.139
3641.123	195.667	-0.693	-0.180
3641.324	197.674	-0.681	-0.183
3641.524	199.780	-0.670	-0.210
3641.723	201.854	-0.627	-0.173
3641.924	203.827	-0.640	-0.182
3642.123	205.800	-0.640	-0.168
3642.323	207.885	-0.641	-0.193
3642.523	209.878	-0.633	-0.196
3642.723	212.048	-0.597	-0.226
3642.924	213.958	-0.582	-0.198
3643.123	215.942	-0.564	-0.197
3643.324	218.005	-0.572	-0.199
3643.524	220.075	-0.588	-0.218
3643.723	222.086	-0.568	-0.228
3643.924	224.133	-0.541	-0.252
3644.124	226.178	-0.500	-0.223
3644.324	228.184	-0.517	-0.219
3644.524	230.229	-0.516	-0.191
3644.724	232.267	-0.532	-0.226
3644.924	234.388	-0.510	-0.230
3645.123	236.356	-0.523	-0.270
3645.324	238.307	-0.462	-0.236
3645.424	239.450	-0.481	-0.284
3645.624	241.459	-0.441	-0.208
3645.824	243.452	-0.478	-0.234
3646.024	245.463	-0.444	-0.238
3646.224	247.496	-0.453	-0.267
3646.424	249.642	-0.398	-0.246
3646.624	251.545	-0.393	-0.233
3646.824	253.592	-0.398	-0.222
3647.023	255.705	-0.378	-0.217
3647.223	257.752	-0.408	-0.244
3647.424	259.758	-0.369	-0.241
3647.626	261.742	-0.355	-0.276
3647.824	263.835	-0.316	-0.220
3648.024	265.831	-0.355	-0.244
3648.224	268.005	-0.345	-0.220
3648.424	269.889	-0.353	-0.267
3648.624	271.887	-0.320	-0.265
3648.724	273.054	-0.317	-0.304
3648.924	275.045	-0.281	-0.245
3649.123	277.057	-0.287	-0.249
3649.323	279.091	-0.277	-0.225
3649.524	281.100	-0.303	-0.248
3649.724	283.262	-0.273	-0.261
3649.924	285.125	-0.254	-0.275
3650.024	286.234	-0.265	-0.281
3650.224	288.237	-0.216	-0.230
3650.424	290.253	-0.250	-0.236
3650.623	292.231	-0.232	-0.235
3650.823	294.472	-0.251	-0.273
3651.024	296.472	-0.219	-0.248
3651.223	298.441	-0.222	-0.271
3651.423	300.379	-0.196	-0.253
3651.624	302.518	-0.197	-0.243
3651.823	304.564	-0.209	-0.239
3652.024	306.568	-0.214	-0.279
3652.224	308.552	-0.165	-0.262
3652.424	310.599	-0.172	-0.280
3652.624	312.645	-0.131	-0.236
3652.823	314.643	-0.182	-0.247
3653.023	316.729	-0.138	-0.220
3653.223	318.790	-0.183	-0.288
3653.423	320.765	-0.135	-0.262
3653.624	322.762	-0.132	-0.273
3653.723	323.870	-0.080	-0.230
3653.924	325.925	-0.123	-0.244
3654.123	327.869	-0.138	-0.254
3654.223	328.996	-0.142	-0.259
3654.423	331.010	-0.122	-0.279
3654.623	332.971	-0.090	-0.277
3654.824	334.964	-0.085	-0.287
3655.023	337.031	-0.052	-0.252
3655.123	338.179	-0.080	-0.278
3655.323	340.077	-0.067	-0.265
3655.523	342.080	-0.080	-0.270
3655.623	343.228	-0.087	-0.317
3655.823	345.210	-0.036	-0.271
3656.023	347.172	-0.032	-0.286
3656.223	349.372	-0.005	-0.243
3656.424	351.337	-0.024	-0.256
3656.624	353.288	-0.030	-0.253
3656.824	355.328	-0.022	-0.279
3657.023	357.335	-0.008	-0.268
3657.224	359.537	0.018	-0.291
3657.423	361.483	0.039	-0.270
3657.623	363.592	0.048	-0.251
3657.824	365.463	0.028	-0.251
3657.923	366.575	0.047	-0.274
3658.124	368.557	0.022	-0.288
3658.324	370.583	0.072	-0.279
3658.523	372.708	0.054	-0.304
3658.724	374.810	0.116	-0.256
3658.923	376.662	0.090	-0.259
3659.124	378.862	0.118	-0.259
3659.324	380.777	0.075	-0.288
3659.524	382.779	0.094	-0.284
3659.624	383.950	0.123	-0.311
3659.824	385.834	0.139	-0.286
3659.924	386.954	0.146	-0.304
3660.124	388.964	0.160	-0.257
3660.324	390.575	0.136	-0.267
3660.524	391.396	0.171	-0.260
3660.724	391.506	0.145	-0.306
