TimeSec	Probe1mm	ConductivityP1V	TemperatureP1V
610.914	0.000	-4.950	-0.176
611.114	0.001	-4.953	-0.183
611.314	0.533	-4.960	-0.187
611.513	1.803	-4.963	-0.166
611.714	3.798	-4.955	-0.161
611.916	5.763	-4.943	-0.191
612.114	7.766	-4.967	-0.173
612.214	8.876	-5.000	-0.222
612.414	10.939	-4.980	-0.165
612.614	12.905	-4.945	-0.141
612.814	15.049	-4.952	-0.185
613.014	16.948	-4.961	-0.191
613.214	19.074	-4.982	-0.206
613.413	21.059	-4.945	-0.160
613.614	23.013	-4.965	-0.175
613.714	24.135	-4.933	-0.191
613.914	26.254	-4.952	-0.183
614.114	28.229	-4.970	-0.206
614.314	30.207	-4.956	-0.183
614.514	32.294	-4.981	-0.176
614.714	34.267	-4.942	-0.198
614.914	36.439	-4.834	-0.218
615.113	38.292	-2.578	-0.171
615.214	39.383	-2.299	-0.114
615.413	41.324	-2.372	-0.218
615.513	42.406	-2.229	-0.186
615.714	44.518	-2.261	-0.207
615.914	46.524	-2.354	-0.251
616.114	48.474	-2.313	-0.239
616.314	50.661	-2.282	-0.255
616.514	52.636	-2.210	-0.238
616.714	54.570	-2.019	-0.265
616.914	56.687	-1.561	-0.273
617.114	58.697	-1.831	-0.290
617.313	60.794	-1.980	-0.293
617.513	62.757	-1.764	-0.287
617.714	64.773	-1.668	-0.313
617.914	66.839	-1.640	-0.348
618.114	68.885	-1.325	-0.323
618.314	70.888	-0.807	-0.367
618.514	72.901	-0.984	-0.337
618.714	74.935	-1.266	-0.376
618.914	76.940	-1.651	-0.367
619.114	79.155	-1.627	-0.389
619.313	81.161	-1.234	-0.374
619.514	83.141	-0.934	-0.396
619.714	85.190	-0.933	-0.386
619.914	87.175	-1.377	-0.348
620.114	89.187	-1.780	-0.356
620.314	91.201	-1.521	-0.306
620.514	93.322	-1.316	-0.337
620.714	95.409	-1.179	-0.354
620.914	97.407	-1.129	-0.386
621.114	99.381	-1.457	-0.348
621.314	101.498	-1.745	-0.357
621.513	103.504	-2.109	-0.352
621.714	105.563	-2.163	-0.408
621.914	107.509	-2.190	-0.392
622.114	109.514	-2.219	-0.414
622.214	110.667	-2.216	-0.382
622.414	112.570	-2.172	-0.352
622.614	114.577	-2.194	-0.406
622.714	115.754	-2.205	-0.398
622.914	117.656	-2.216	-0.427
623.114	119.783	-2.237	-0.423
623.314	121.798	-2.217	-0.412
623.514	123.876	-2.182	-0.397
623.714	125.837	-2.184	-0.425
623.914	127.912	-2.180	-0.438
624.114	129.918	-2.186	-0.435
624.314	131.880	-2.216	-0.396
624.514	133.968	-2.199	-0.423
624.714	135.972	-2.197	-0.420
624.814	137.117	-2.206	-0.463
625.014	139.045	-2.236	-0.462
625.214	141.057	-2.244	-0.428
625.413	143.215	-2.235	-0.430
625.614	145.191	-2.220	-0.430
625.814	147.223	-2.244	-0.446
626.014	149.279	-2.245	-0.451
626.214	151.321	-2.259	-0.446
626.414	153.321	-2.253	-0.439
626.614	155.366	-2.210	-0.422
626.814	157.416	-2.197	-0.442
627.014	159.414	-2.206	-0.470
627.214	161.440	-2.208	-0.457
627.413	163.511	-2.181	-0.444
627.614	165.451	-2.165	-0.441
627.814	167.535	-2.149	-0.469
628.014	169.530	-2.155	-0.472
628.114	170.691	-2.166	-0.493
628.314	172.558	-2.150	-0.461
628.514	174.685	-2.145	-0.452
628.714	176.722	-2.093	-0.443
628.914	178.794	-2.087	-0.475
629.114	180.827	-2.084	-0.477
629.313	182.821	-2.105	-0.483
629.514	184.810	-2.068	-0.464
629.713	186.829	-2.054	-0.469
629.914	188.898	-2.013	-0.466
630.114	190.950	-2.027	-0.497
630.314	192.973	-2.018	-0.495
630.514	195.038	-2.016	-0.474
630.714	197.078	-1.993	-0.459
630.913	199.065	-1.974	-0.484
631.114	201.094	-1.948	-0.471
631.314	203.158	-1.981	-0.507
631.514	205.272	-1.956	-0.491
631.714	207.275	-1.928	-0.472
631.913	209.237	-1.895	-0.474
632.113	211.223	-1.922	-0.528
632.314	213.410	-1.897	-0.499
632.514	215.357	-1.911	-0.496
632.714	217.460	-1.851	-0.460
632.914	219.446	-1.859	-0.494
633.114	221.428	-1.831	-0.523
633.314	223.411	-1.838	-0.510
633.413	224.518	-1.806	-0.479
633.614	226.568	-1.816	-0.485
633.813	228.625	-1.807	-0.478
634.014	230.600	-1.752	-0.483
634.214	232.614	-1.782	-0.527
634.414	234.635	-1.756	-0.519
634.614	236.751	-1.774	-0.498
634.814	238.838	-1.728	-0.489
635.014	240.809	-1.711	-0.482
635.214	242.889	-1.713	-0.528
635.414	244.779	-1.716	-0.517
635.514	245.901	-1.673	-0.513
635.714	247.966	-1.696	-0.508
635.914	249.933	-1.678	-0.501
636.114	252.083	-1.623	-0.501
636.314	253.937	-1.612	-0.515
636.414	255.044	-1.660	-0.588
636.614	257.047	-1.632	-0.508
636.814	259.091	-1.629	-0.501
637.014	261.078	-1.572	-0.486
637.213	263.079	-1.579	-0.533
637.313	264.189	-1.593	-0.535
637.514	266.139	-1.537	-0.511
637.714	268.276	-1.587	-0.525
637.914	270.272	-1.548	-0.516
638.113	272.428	-1.523	-0.493
638.314	274.301	-1.496	-0.530
638.514	276.423	-1.492	-0.534
638.714	278.438	-1.503	-0.557
638.914	280.445	-1.488	-0.514
639.114	282.482	-1.438	-0.500
639.314	284.485	-1.448	-0.525
639.514	286.599	-1.438	-0.526
639.714	288.605	-1.463	-0.554
639.914	290.616	-1.425	-0.512
640.114	292.591	-1.426	-0.510
640.314	294.797	-1.359	-0.506
640.514	296.768	-1.382	-0.551
640.714	298.746	-1.386	-0.568
640.914	300.851	-1.405	-0.532
641.114	302.909	-1.353	-0.506
641.313	304.929	-1.327	-0.510
641.514	306.854	-1.338	-0.550
641.714	308.878	-1.322	-0.544
641.813	310.046	-1.344	-0.537
642.014	311.920	-1.337	-0.550
642.114	313.033	-1.302	-0.498
642.314	315.041	-1.293	-0.516
642.514	317.059	-1.275	-0.530
642.714	319.062	-1.247	-0.534
642.914	321.090	-1.299	-0.573
643.114	323.227	-1.286	-0.544
643.314	325.228	-1.253	-0.512
643.514	327.232	-1.246	-0.544
643.714	329.336	-1.226	-0.544
643.914	331.411	-1.238	-0.551
644.114	333.411	-1.249	-0.549
644.314	335.359	-1.228	-0.514
644.514	337.426	-1.206	-0.535
644.714	339.431	-1.161	-0.527
644.914	341.599	-1.204	-0.575
645.114	343.538	-1.194	-0.547
645.313	345.561	-1.203	-0.557
645.514	347.609	-1.154	-0.513
645.714	349.547	-1.156	-0.543
645.814	350.676	-1.121	-0.540
646.014	352.709	-1.151	-0.569
646.214	354.747	-1.171	-0.555
646.414	356.739	-1.159	-0.546
646.614	358.786	-1.136	-0.521
646.813	360.816	-1.105	-0.539
647.014	362.800	-1.097	-0.538
647.213	364.905	-1.152	-0.583
647.414	366.866	-1.102	-0.530
647.514	367.997	-1.111	-0.532
647.714	370.015	-1.085	-0.535
647.914	372.001	-1.054	-0.535
648.114	374.021	-1.096	-0.582
648.314	376.035	-1.081	-0.559
648.514	378.026	-1.096	-0.540
648.714	380.274	-1.031	-0.514
648.914	382.109	-1.033	-0.537
649.114	384.253	-1.029	-0.576
649.313	386.279	-1.043	-0.554
649.514	388.290	-1.033	-0.556
649.714	390.106	-1.004	-0.526
649.914	391.226	-0.984	-0.546
650.114	391.507	-0.924	-0.531
911.213	0.001	-4.838	0.302
911.413	0.465	-4.860	0.286
911.613	1.689	-4.838	0.295
911.713	2.687	-4.816	0.337
911.913	4.737	-4.843	0.315
912.113	6.695	-4.836	0.281
912.314	8.875	-4.842	0.298
912.514	10.857	-4.855	0.291
912.714	12.782	-4.862	0.308
912.914	14.846	-4.857	0.309
913.114	16.949	-4.838	0.326
913.314	18.934	-4.851	0.306
913.514	20.969	-4.817	0.292
913.714	22.959	-4.825	0.290
913.913	25.184	-4.826	0.259
914.113	27.029	-4.835	0.246
914.313	29.215	-4.849	0.259
914.513	31.114	-4.825	0.264
914.713	33.115	-4.863	0.242
914.813	34.254	-4.863	0.196
915.013	36.267	-3.726	0.111
915.213	38.233	-2.998	-0.092
915.414	40.253	-2.958	-0.108
915.613	42.423	-2.982	-0.141
915.813	44.362	-2.932	-0.154
916.013	46.427	-2.927	-0.185
916.213	48.409	-2.920	-0.199
916.413	50.574	-2.873	-0.201
916.613	52.532	-2.864	-0.190
916.813	54.658	-2.841	-0.234
917.013	56.521	-2.797	-0.216
917.113	57.628	-2.816	-0.262
917.313	59.608	-2.768	-0.255
917.513	61.601	-2.740	-0.262
917.613	62.692	-2.756	-0.321
917.813	64.790	-2.690	-0.293
918.013	66.776	-2.718	-0.326
918.213	68.883	-2.674	-0.321
918.413	70.841	-2.691	-0.337
918.613	72.823	-2.642	-0.336
918.813	74.875	-2.662	-0.353
919.013	76.872	-2.613	-0.361
919.113	77.984	-2.601	-0.354
919.313	80.051	-2.594	-0.374
919.513	82.028	-2.575	-0.367
919.713	83.990	-2.588	-0.370
919.913	86.088	-2.563	-0.342
920.114	88.083	-2.573	-0.330
920.313	90.248	-2.540	-0.341
920.513	92.221	-2.518	-0.323
920.713	94.148	-2.503	-0.335
920.913	96.192	-2.484	-0.345
921.013	97.299	-2.484	-0.363
921.213	99.283	-2.470	-0.372
921.413	101.305	-2.450	-0.379
921.613	103.414	-2.469	-0.409
921.814	105.518	-2.460	-0.404
922.013	107.484	-2.457	-0.396
922.213	109.582	-2.432	-0.369
922.413	111.566	-2.425	-0.392
922.613	113.572	-2.385	-0.356
922.813	115.628	-2.393	-0.391
923.013	117.632	-2.341	-0.377
923.213	119.594	-2.363	-0.424
923.413	121.813	-2.334	-0.404
923.613	123.791	-2.354	-0.438
923.813	125.748	-2.337	-0.431
924.013	127.807	-2.363	-0.421
924.213	129.789	-2.316	-0.390
924.413	131.956	-2.316	-0.406
924.613	133.904	-2.301	-0.417
924.813	136.005	-2.274	-0.403
925.013	137.988	-2.264	-0.429
925.213	139.955	-2.264	-0.434
925.413	142.153	-2.249	-0.452
925.613	144.115	-2.258	-0.443
925.813	146.061	-2.266	-0.455
926.013	148.141	-2.250	-0.419
926.213	150.185	-2.242	-0.447
926.413	152.171	-2.192	-0.395
926.613	154.194	-2.207	-0.446
926.813	156.197	-2.178	-0.411
927.013	158.416	-2.169	-0.449
927.213	160.376	-2.146	-0.439
927.413	162.324	-2.157	-0.478
927.613	164.427	-2.134	-0.446
927.813	166.392	-2.160	-0.482
927.913	167.541	-2.141	-0.465
928.113	169.544	-2.130	-0.443
928.313	171.570	-2.126	-0.447
928.513	173.574	-2.091	-0.442
928.713	175.660	-2.089	-0.451
928.914	177.647	-2.051	-0.451
929.113	179.646	-2.045	-0.467
929.313	181.752	-2.028	-0.475
929.513	183.819	-2.057	-0.495
929.713	185.790	-2.024	-0.490
929.913	187.744	-2.059	-0.492
930.113	189.819	-2.018	-0.474
930.313	191.847	-2.027	-0.471
930.513	193.834	-1.951	-0.456
930.713	195.879	-1.967	-0.467
930.813	196.998	-1.912	-0.451
931.013	199.104	-1.929	-0.474
931.213	201.077	-1.924	-0.484
931.413	203.035	-1.910	-0.495
931.613	205.118	-1.912	-0.512
931.813	207.086	-1.901	-0.504
931.913	208.227	-1.904	-0.502
932.113	210.234	-1.904	-0.512
932.313	212.189	-1.880	-0.468
932.513	214.213	-1.872	-0.490
932.713	216.269	-1.856	-0.481
932.913	218.252	-1.810	-0.480
933.113	220.409	-1.813	-0.500
933.313	222.332	-1.785	-0.507
933.514	224.400	-1.786	-0.511
933.713	226.519	-1.807	-0.541
933.913	228.524	-1.781	-0.501
934.114	230.570	-1.785	-0.511
934.313	232.509	-1.765	-0.500
934.514	234.737	-1.739	-0.485
934.714	236.595	-1.704	-0.486
934.914	238.615	-1.711	-0.492
935.114	240.681	-1.682	-0.504
935.314	242.705	-1.665	-0.486
935.514	244.833	-1.656	-0.524
935.714	246.927	-1.667	-0.523
935.914	248.931	-1.664	-0.542
936.114	250.885	-1.643	-0.520
936.314	252.881	-1.646	-0.516
936.514	254.888	-1.639	-0.499
936.714	257.111	-1.592	-0.492
936.914	259.099	-1.582	-0.498
937.114	261.044	-1.555	-0.506
937.314	263.125	-1.548	-0.516
937.514	265.093	-1.537	-0.537
937.714	267.236	-1.542	-0.539
937.914	269.146	-1.555	-0.549
938.114	271.289	-1.531	-0.528
938.314	273.334	-1.524	-0.497
938.514	275.243	-1.514	-0.538
938.714	277.380	-1.486	-0.492
938.914	279.297	-1.474	-0.523
939.114	281.349	-1.417	-0.480
939.314	283.476	-1.450	-0.534
939.514	285.576	-1.408	-0.517
939.714	287.574	-1.431	-0.544
939.914	289.538	-1.397	-0.525
940.114	291.629	-1.430	-0.563
940.314	293.607	-1.397	-0.540
940.513	295.693	-1.413	-0.533
940.714	297.611	-1.384	-0.529
940.914	299.736	-1.378	-0.512
941.114	301.822	-1.339	-0.499
941.314	303.777	-1.340	-0.531
941.514	305.744	-1.303	-0.509
941.714	307.830	-1.317	-0.551
941.914	309.821	-1.291	-0.546
942.014	310.983	-1.380	-0.581
942.214	312.872	-1.313	-0.549
942.414	314.951	-1.302	-0.547
942.614	317.147	-1.306	-0.518
942.814	319.000	-1.281	-0.513
943.014	321.026	-1.292	-0.519
943.214	323.057	-1.249	-0.513
943.414	325.103	-1.245	-0.505
943.614	327.231	-1.217	-0.527
943.814	329.336	-1.219	-0.529
944.014	331.325	-1.213	-0.564
944.214	333.302	-1.220	-0.538
944.414	335.359	-1.257	-0.575
944.614	337.359	-1.214	-0.523
944.814	339.379	-1.208	-0.553
945.014	341.412	-1.200	-0.524
945.214	343.401	-1.181	-0.518
945.414	345.416	-1.163	-0.504
945.614	347.619	-1.155	-0.546
945.814	349.567	-1.133	-0.536
946.014	351.664	-1.148	-0.569
946.214	353.648	-1.134	-0.555
946.414	355.617	-1.181	-0.575
946.614	357.736	-1.126	-0.539
946.815	359.719	-1.146	-0.557
947.015	361.765	-1.120	-0.523
947.214	363.807	-1.147	-0.545
947.415	365.793	-1.089	-0.519
947.615	367.817	-1.108	-0.542
947.815	369.839	-1.065	-0.527
948.014	371.984	-1.078	-0.551
948.214	374.068	-1.043	-0.543
948.414	376.032	-1.078	-0.569
948.614	378.134	-1.075	-0.562
948.816	380.033	-1.062	-0.551
949.015	382.140	-1.050	-0.538
949.216	384.186	-1.077	-0.558
949.414	386.153	-1.014	-0.517
949.615	388.304	-1.007	-0.524
949.816	390.044	-0.968	-0.530
950.014	391.211	-0.955	-0.554
950.214	391.508	-0.945	-0.568
1211.214	0.001	-4.823	0.257
1211.414	0.334	-4.828	0.230
1211.614	1.444	-4.842	0.227
1211.814	3.485	-4.829	0.252
1212.014	5.429	-4.850	0.226
1212.214	7.384	-4.834	0.237
1212.314	8.499	-4.836	0.240
1212.514	10.567	-4.850	0.243
1212.714	12.490	-4.855	0.229
1212.914	14.499	-4.867	0.229
1213.014	15.646	-4.831	0.253
1213.214	17.658	-4.855	0.233
1213.414	19.648	-4.852	0.258
1213.614	21.667	-4.875	0.234
1213.814	23.702	-4.851	0.273
1214.014	25.827	-4.853	0.253
1214.214	27.784	-4.837	0.266
1214.414	29.890	-4.851	0.249
1214.614	31.892	-4.819	0.271
1214.814	33.894	-4.848	0.234
1215.014	35.879	-3.916	0.129
1215.214	38.097	-2.966	-0.098
1215.414	40.072	-2.956	-0.161
1215.614	42.032	-2.964	-0.186
1215.814	44.130	-2.933	-0.197
1216.014	46.129	-2.910	-0.202
1216.214	48.069	-2.900	-0.217
1216.414	50.127	-2.877	-0.223
1216.614	52.142	-2.857	-0.249
1216.714	53.311	-2.857	-0.263
1216.914	55.232	-2.821	-0.250
1217.114	57.360	-2.807	-0.281
1217.314	59.386	-2.774	-0.263
1217.514	61.409	-2.770	-0.301
1217.714	63.393	-2.732	-0.292
1217.914	65.432	-2.721	-0.323
1218.114	67.432	-2.676	-0.274
1218.314	69.450	-2.658	-0.322
1218.516	71.519	-2.662	-0.322
1218.714	73.504	-2.637	-0.351
1218.814	74.663	-2.617	-0.343
1219.014	76.688	-2.615	-0.353
1219.214	78.680	-2.579	-0.375
1219.414	80.698	-2.576	-0.378
1219.614	82.738	-2.569	-0.389
1219.814	84.750	-2.581	-0.326
1220.014	86.800	-2.573	-0.335
1220.214	88.900	-2.546	-0.306
1220.414	90.890	-2.553	-0.342
1220.614	93.023	-2.532	-0.333
1220.814	94.873	-2.522	-0.309
1220.914	95.981	-2.519	-0.351
1221.114	98.079	-2.513	-0.321
1221.314	100.085	-2.490	-0.332
1221.514	102.057	-2.467	-0.315
1221.714	104.156	-2.455	-0.349
1221.914	106.145	-2.432	-0.332
1222.114	108.247	-2.399	-0.347
1222.314	110.190	-2.398	-0.343
1222.514	112.173	-2.406	-0.369
1222.714	114.205	-2.376	-0.369
1222.914	116.237	-2.361	-0.375
1223.014	117.351	-2.350	-0.408
1223.214	119.433	-2.344	-0.381
1223.414	121.443	-2.370	-0.419
1223.614	123.438	-2.323	-0.388
1223.814	125.540	-2.363	-0.422
1224.014	127.619	-2.336	-0.394
1224.214	129.608	-2.359	-0.409
1224.414	131.530	-2.308	-0.390
1224.614	133.536	-2.335	-0.411
1224.814	135.746	-2.302	-0.418
1225.014	137.645	-2.313	-0.411
1225.214	139.756	-2.277	-0.414
1225.414	141.792	-2.297	-0.407
1225.614	143.825	-2.270	-0.419
1225.814	145.827	-2.262	-0.392
1226.014	147.775	-2.219	-0.406
1226.114	148.855	-2.240	-0.434
1226.314	150.963	-2.206	-0.400
1226.514	152.848	-2.197	-0.416
1226.714	154.972	-2.180	-0.406
1226.914	156.955	-2.159	-0.434
1227.114	158.960	-2.157	-0.419
1227.314	161.060	-2.141	-0.451
1227.514	163.162	-2.126	-0.456
1227.714	165.144	-2.127	-0.477
1227.914	167.200	-2.109	-0.449
1228.114	169.172	-2.133	-0.477
1228.314	171.158	-2.098	-0.454
1228.514	173.208	-2.109	-0.490
1228.714	175.235	-2.068	-0.465
1228.914	177.371	-2.099	-0.503
1229.114	179.446	-2.047	-0.455
1229.314	181.431	-2.077	-0.499
1229.514	183.383	-2.039	-0.460
1229.714	185.449	-2.068	-0.491
1229.914	187.462	-1.996	-0.441
1230.114	189.465	-2.021	-0.485
1230.314	191.616	-1.985	-0.460
1230.514	193.554	-1.994	-0.462
1230.714	195.642	-1.946	-0.454
1230.914	197.735	-1.957	-0.464
1231.114	199.719	-1.931	-0.470
1231.314	201.724	-1.911	-0.458
1231.514	203.728	-1.901	-0.480
1231.714	205.753	-1.881	-0.475
1231.914	207.793	-1.855	-0.474
1232.114	209.995	-1.867	-0.509
1232.314	211.897	-1.867	-0.504
1232.514	213.900	-1.843	-0.513
1232.614	215.070	-1.846	-0.500
1232.814	216.944	-1.833	-0.523
1232.914	218.052	-1.824	-0.510
1233.114	220.065	-1.820	-0.519
1233.314	222.100	-1.816	-0.519
1233.514	224.102	-1.803	-0.507
1233.714	226.126	-1.793	-0.522
1233.914	228.313	-1.786	-0.507
1234.114	230.291	-1.785	-0.507
1234.314	232.282	-1.736	-0.480
1234.514	234.255	-1.774	-0.515
1234.714	236.258	-1.717	-0.490
1234.914	238.433	-1.739	-0.503
1235.114	240.386	-1.684	-0.480
1235.314	242.472	-1.705	-0.497
1235.514	244.468	-1.634	-0.468
1235.714	246.441	-1.662	-0.490
1235.914	248.562	-1.633	-0.507
1236.114	250.562	-1.648	-0.515
1236.314	252.619	-1.582	-0.504
1236.514	254.682	-1.603	-0.512
1236.714	256.694	-1.578	-0.521
1236.914	258.732	-1.576	-0.511
1237.114	260.764	-1.542	-0.525
1237.314	262.759	-1.557	-0.527
1237.514	264.795	-1.536	-0.532
1237.714	266.810	-1.539	-0.528
1237.914	268.917	-1.538	-0.548
1238.114	270.845	-1.532	-0.524
1238.214	271.941	-1.522	-0.525
1238.414	274.088	-1.515	-0.528
1238.614	276.081	-1.519	-0.524
1238.814	278.037	-1.518	-0.553
1239.014	280.114	-1.477	-0.503
1239.214	282.116	-1.492	-0.536
1239.414	284.067	-1.447	-0.492
1239.614	286.187	-1.478	-0.526
1239.814	288.200	-1.406	-0.474
1240.014	290.274	-1.431	-0.515
1240.214	292.238	-1.406	-0.528
1240.414	294.264	-1.400	-0.523
1240.614	296.306	-1.354	-0.501
1240.814	298.330	-1.390	-0.524
1241.014	300.474	-1.335	-0.513
1241.214	302.574	-1.348	-0.512
1241.414	304.568	-1.314	-0.527
1241.614	306.540	-1.336	-0.547
1241.814	308.634	-1.291	-0.529
1242.014	310.652	-1.320	-0.574
1242.214	312.658	-1.311	-0.543
1242.414	314.674	-1.317	-0.560
1242.614	316.646	-1.289	-0.540
1242.814	318.845	-1.305	-0.563
1243.014	320.848	-1.287	-0.549
1243.214	322.808	-1.292	-0.551
1243.414	324.894	-1.265	-0.544
1243.614	326.918	-1.288	-0.560
1243.814	328.888	-1.267	-0.538
1244.014	331.026	-1.257	-0.544
1244.214	332.903	-1.228	-0.524
1244.314	334.079	-1.225	-0.519
1244.514	336.021	-1.209	-0.517
1244.714	338.040	-1.231	-0.532
1244.914	340.221	-1.191	-0.507
1245.114	342.125	-1.229	-0.542
1245.314	344.130	-1.169	-0.512
1245.514	346.316	-1.179	-0.523
1245.714	348.219	-1.151	-0.508
1245.914	350.225	-1.170	-0.543
1246.014	351.352	-1.130	-0.527
1246.214	353.256	-1.122	-0.547
1246.314	354.362	-1.141	-0.531
1246.514	356.469	-1.125	-0.556
1246.714	358.474	-1.132	-0.562
1246.914	360.424	-1.102	-0.542
1247.114	362.487	-1.118	-0.576
1247.314	364.482	-1.100	-0.558
1247.514	366.640	-1.107	-0.579
1247.714	368.563	-1.091	-0.568
1247.914	370.578	-1.106	-0.586
1248.114	372.712	-1.110	-0.566
1248.314	374.685	-1.079	-0.565
1248.514	376.719	-1.083	-0.562
1248.714	378.784	-1.080	-0.569
1248.914	380.821	-1.068	-0.555
1249.114	382.819	-1.062	-0.554
1249.314	384.864	-1.048	-0.542
1249.514	386.886	-1.046	-0.555
1249.714	388.889	-1.013	-0.537
1249.914	390.529	-1.011	-0.542
1250.114	391.386	-0.986	-0.528
1250.314	391.507	-0.966	-0.531
1511.114	0.000	-4.830	0.351
1511.314	0.032	-4.837	0.339
1511.514	0.627	-4.846	0.335
1511.714	1.952	-4.831	0.342
1511.914	3.998	-4.859	0.333
1512.114	5.975	-4.840	0.346
1512.214	7.103	-4.846	0.339
1512.414	9.102	-4.840	0.333
1512.614	11.137	-4.846	0.347
1512.814	13.118	-4.820	0.360
1513.014	15.219	-4.851	0.342
1513.214	17.224	-4.835	0.353
1513.414	19.215	-4.853	0.346
1513.614	21.309	-4.839	0.345
1513.814	23.369	-4.854	0.344
1514.014	25.337	-4.833	0.338
1514.214	27.499	-4.838	0.353
1514.414	29.385	-4.841	0.332
1514.614	31.447	-4.840	0.348
1514.814	33.646	-4.812	0.351
1515.014	35.487	-4.395	0.237
1515.214	37.620	-2.941	-0.080
1515.414	39.697	-2.981	-0.147
1515.614	41.691	-2.940	-0.145
1515.814	43.627	-2.969	-0.200
1516.014	45.713	-2.919	-0.180
1516.214	47.691	-2.913	-0.202
1516.314	48.842	-2.865	-0.200
1516.514	51.027	-2.863	-0.216
1516.714	53.079	-2.848	-0.228
1516.914	55.107	-2.810	-0.238
1517.114	57.049	-2.802	-0.220
1517.314	59.032	-2.790	-0.253
1517.514	61.262	-2.744	-0.226
1517.714	63.185	-2.736	-0.270
1517.914	65.208	-2.706	-0.229
1518.114	67.232	-2.726	-0.281
1518.314	69.176	-2.660	-0.260
1518.514	71.394	-2.685	-0.305
1518.714	73.316	-2.657	-0.304
1518.914	75.286	-2.657	-0.307
1519.114	77.412	-2.613	-0.303
1519.314	79.411	-2.601	-0.325
1519.514	81.432	-2.599	-0.355
1519.714	83.539	-2.586	-0.356
1519.914	85.511	-2.561	-0.275
1520.114	87.685	-2.559	-0.285
1520.314	89.603	-2.524	-0.283
1520.514	91.566	-2.527	-0.312
1520.714	93.753	-2.493	-0.314
1520.914	95.789	-2.515	-0.324
1521.114	97.769	-2.452	-0.317
1521.314	99.793	-2.475	-0.327
1521.514	101.826	-2.451	-0.338
1521.716	103.877	-2.437	-0.324
1521.914	105.852	-2.406	-0.329
1522.114	107.892	-2.414	-0.342
1522.314	109.919	-2.401	-0.330
1522.515	112.052	-2.373	-0.344
1522.714	113.966	-2.355	-0.331
1522.915	116.018	-2.385	-0.368
1523.114	118.093	-2.343	-0.350
1523.314	120.129	-2.350	-0.361
1523.514	122.244	-2.324	-0.360
1523.714	124.180	-2.332	-0.351
1523.914	126.266	-2.311	-0.354
1524.114	128.351	-2.302	-0.341
1524.314	130.465	-2.295	-0.377
1524.514	132.345	-2.283	-0.361
1524.714	134.419	-2.284	-0.375
1524.914	136.539	-2.271	-0.383
1525.114	138.448	-2.265	-0.375
1525.314	140.488	-2.237	-0.391
1525.514	142.658	-2.241	-0.387
1525.714	144.474	-2.251	-0.403
1525.914	146.583	-2.208	-0.382
1526.114	148.769	-2.207	-0.396
1526.314	150.571	-2.186	-0.406
1526.514	152.664	-2.201	-0.412
1526.714	154.857	-2.182	-0.427
1526.914	156.676	-2.165	-0.411
1527.114	158.783	-2.179	-0.444
1527.314	160.849	-2.128	-0.424
1527.514	162.822	-2.144	-0.450
1527.715	164.954	-2.107	-0.440
1527.914	166.997	-2.114	-0.446
1528.114	168.950	-2.096	-0.435
1528.315	170.932	-2.080	-0.452
1528.514	173.098	-2.076	-0.440
1528.714	175.064	-2.081	-0.465
1528.915	177.169	-2.032	-0.414
1529.114	179.169	-2.056	-0.472
1529.314	181.275	-1.990	-0.443
1529.515	183.241	-2.050	-0.495
1529.714	185.263	-1.967	-0.428
1529.914	187.287	-2.007	-0.454
1530.115	189.211	-1.971	-0.460
1530.314	191.389	-1.962	-0.449
1530.514	193.143	-1.952	-0.467
1530.614	194.268	-1.952	-0.460
1530.814	196.308	-1.933	-0.454
1531.014	198.234	-1.924	-0.454
1531.214	200.316	-1.922	-0.469
1531.414	202.309	-1.903	-0.479
1531.614	204.378	-1.893	-0.473
1531.814	206.402	-1.887	-0.460
1532.014	208.433	-1.878	-0.466
1532.215	210.473	-1.866	-0.481
1532.414	212.478	-1.838	-0.453
1532.615	214.697	-1.846	-0.486
1532.814	216.677	-1.826	-0.471
1533.014	218.640	-1.812	-0.485
1533.214	220.676	-1.785	-0.470
1533.414	222.688	-1.786	-0.500
1533.614	224.688	-1.772	-0.482
1533.814	226.863	-1.761	-0.489
1534.014	228.817	-1.747	-0.476
1534.214	230.875	-1.749	-0.491
1534.414	232.878	-1.733	-0.473
1534.614	235.024	-1.703	-0.480
1534.814	236.933	-1.687	-0.478
1535.014	238.931	-1.695	-0.496
1535.114	240.099	-1.704	-0.501
1535.314	242.027	-1.661	-0.478
1535.514	244.046	-1.688	-0.507
1535.714	246.134	-1.635	-0.477
1535.914	248.180	-1.659	-0.504
1536.114	250.181	-1.605	-0.485
1536.315	252.193	-1.639	-0.502
1536.514	254.252	-1.589	-0.504
1536.714	256.248	-1.617	-0.488
1536.914	258.259	-1.574	-0.503
1537.114	260.279	-1.582	-0.492
1537.214	261.381	-1.558	-0.494
1537.414	263.379	-1.529	-0.497
1537.614	265.467	-1.548	-0.510
1537.814	267.533	-1.533	-0.531
1538.015	269.520	-1.504	-0.474
1538.214	271.642	-1.507	-0.509
1538.414	273.507	-1.480	-0.473
1538.514	274.612	-1.498	-0.526
1538.715	276.601	-1.476	-0.486
1538.914	278.626	-1.463	-0.491
1539.115	280.628	-1.460	-0.509
1539.214	281.804	-1.438	-0.521
1539.414	283.783	-1.455	-0.523
1539.614	285.832	-1.410	-0.483
1539.814	287.748	-1.452	-0.529
1540.015	289.885	-1.406	-0.491
1540.214	291.920	-1.434	-0.522
1540.414	293.942	-1.378	-0.490
1540.614	295.925	-1.428	-0.530
1540.814	297.964	-1.356	-0.499
1541.014	299.989	-1.398	-0.521
1541.214	302.094	-1.368	-0.515
1541.414	304.019	-1.353	-0.516
1541.514	305.123	-1.340	-0.512
1541.714	307.067	-1.327	-0.518
1541.914	309.260	-1.349	-0.508
1542.114	311.218	-1.327	-0.536
1542.314	313.286	-1.322	-0.493
1542.514	315.250	-1.326	-0.531
1542.614	316.396	-1.294	-0.497
1542.814	318.281	-1.303	-0.508
1543.014	320.408	-1.301	-0.520
1543.214	322.438	-1.284	-0.514
1543.414	324.506	-1.300	-0.540
1543.614	326.476	-1.255	-0.528
1543.814	328.603	-1.261	-0.524
1544.014	330.618	-1.270	-0.536
1544.215	332.584	-1.258	-0.538
1544.415	334.689	-1.249	-0.535
1544.614	336.669	-1.227	-0.524
1544.815	338.615	-1.226	-0.543
1545.015	340.708	-1.223	-0.542
1545.215	342.690	-1.210	-0.535
1545.314	343.821	-1.192	-0.501
1545.514	345.721	-1.194	-0.555
1545.614	346.819	-1.178	-0.559
1545.814	348.889	-1.193	-0.543
1546.014	350.872	-1.171	-0.531
1546.214	353.018	-1.183	-0.536
1546.414	354.906	-1.163	-0.543
1546.614	357.037	-1.155	-0.536
1546.814	359.052	-1.154	-0.538
1547.014	361.103	-1.151	-0.546
1547.214	363.108	-1.132	-0.536
1547.414	365.090	-1.131	-0.538
1547.514	366.204	-1.090	-0.528
1547.714	368.171	-1.109	-0.558
1547.914	370.311	-1.115	-0.537
1548.114	372.324	-1.116	-0.571
1548.314	374.298	-1.091	-0.548
1548.514	376.399	-1.096	-0.585
1548.714	378.374	-1.076	-0.553
1548.914	380.349	-1.074	-0.564
1549.114	382.430	-1.050	-0.547
1549.314	384.439	-1.070	-0.575
1549.514	386.456	-1.027	-0.542
1549.714	388.457	-1.032	-0.560
1549.814	389.538	-1.017	-0.567
1550.014	390.928	-0.998	-0.561
1550.215	391.485	-0.995	-0.554
1550.414	391.507	-0.983	-0.567
1811.215	0.000	-4.842	0.302
1811.415	0.335	-4.850	0.282
1811.615	1.442	-4.849	0.287
1811.815	3.265	-4.855	0.265
1812.015	5.281	-4.857	0.277
1812.215	7.290	-4.850	0.258
1812.315	8.394	-4.845	0.281
1812.514	10.460	-4.830	0.270
1812.714	12.403	-4.846	0.265
1812.915	14.588	-4.836	0.267
1813.115	16.554	-4.834	0.257
1813.315	18.534	-4.836	0.260
1813.515	20.592	-4.824	0.254
1813.715	22.583	-4.828	0.268
1813.815	23.735	-4.797	0.291
1814.015	25.637	-4.828	0.285
1814.215	27.758	-4.818	0.274
1814.414	29.747	-4.847	0.281
1814.615	31.865	-4.818	0.284
1814.815	33.854	-4.822	0.286
1815.015	35.961	-4.086	0.141
1815.215	37.935	-2.950	-0.092
1815.415	39.923	-2.938	-0.136
1815.615	42.004	-2.946	-0.176
1815.815	44.016	-2.927	-0.195
1816.015	45.971	-2.915	-0.215
1816.215	48.045	-2.868	-0.238
1816.415	50.067	-2.874	-0.258
1816.614	52.236	-2.825	-0.249
1816.815	54.205	-2.827	-0.261
1817.015	56.164	-2.771	-0.258
1817.215	58.240	-2.785	-0.293
1817.414	60.214	-2.723	-0.300
1817.515	61.349	-2.697	-0.284
1817.715	63.238	-2.693	-0.315
1817.815	64.348	-2.678	-0.313
1818.015	66.377	-2.661	-0.323
1818.215	68.427	-2.636	-0.325
1818.414	70.365	-2.631	-0.318
1818.615	72.570	-2.621	-0.326
1818.815	74.584	-2.610	-0.337
1819.015	76.578	-2.592	-0.356
1819.215	78.693	-2.581	-0.347
1819.415	80.547	-2.574	-0.361
1819.615	82.680	-2.550	-0.361
1819.815	84.793	-2.544	-0.284
1820.015	86.793	-2.528	-0.294
1820.215	88.755	-2.521	-0.302
1820.415	90.843	-2.494	-0.303
1820.614	92.853	-2.491	-0.327
1820.815	94.867	-2.459	-0.320
1821.015	96.884	-2.472	-0.351
1821.215	98.867	-2.462	-0.354
1821.415	100.924	-2.445	-0.354
1821.615	102.962	-2.433	-0.383
1821.815	104.984	-2.404	-0.368
1822.015	107.036	-2.389	-0.380
1822.215	109.102	-2.366	-0.370
1822.415	111.063	-2.369	-0.377
1822.614	113.078	-2.355	-0.391
1822.714	114.203	-2.369	-0.379
1822.916	116.191	-2.334	-0.360
1823.115	118.345	-2.347	-0.375
1823.316	120.369	-2.312	-0.341
1823.516	122.377	-2.335	-0.372
1823.715	124.298	-2.315	-0.350
1823.915	126.338	-2.333	-0.397
1824.115	128.344	-2.301	-0.367
1824.315	130.558	-2.328	-0.413
1824.515	132.574	-2.301	-0.395
1824.714	134.568	-2.293	-0.398
1824.914	136.594	-2.268	-0.416
1825.115	138.604	-2.280	-0.429
1825.315	140.628	-2.255	-0.433
1825.515	142.654	-2.232	-0.428
1825.715	144.653	-2.220	-0.434
1825.915	146.653	-2.207	-0.431
1826.115	148.715	-2.181	-0.434
1826.315	150.734	-2.170	-0.431
1826.514	152.865	-2.167	-0.427
1826.716	154.875	-2.167	-0.435
1826.917	156.869	-2.137	-0.402
1827.115	158.997	-2.159	-0.431
1827.315	161.025	-2.136	-0.411
1827.516	163.036	-2.148	-0.445
1827.716	165.137	-2.122	-0.423
1827.915	167.145	-2.124	-0.452
1828.115	169.110	-2.115	-0.453
1828.315	171.201	-2.098	-0.466
1828.514	173.212	-2.085	-0.482
1828.715	175.243	-2.064	-0.466
1828.916	177.275	-2.061	-0.478
1829.116	179.247	-2.034	-0.505
1829.316	181.448	-2.018	-0.477
1829.515	183.426	-2.009	-0.513
1829.714	185.361	-1.982	-0.480
1829.915	187.477	-1.963	-0.476
1830.115	189.468	-1.953	-0.461
1830.315	191.445	-1.947	-0.479
1830.514	193.428	-1.932	-0.471
1830.614	194.551	-1.948	-0.490
1830.815	196.598	-1.927	-0.459
1831.015	198.628	-1.935	-0.463
1831.215	200.609	-1.924	-0.462
1831.414	202.614	-1.924	-0.487
1831.615	204.789	-1.893	-0.479
1831.815	206.741	-1.915	-0.513
1832.014	208.795	-1.871	-0.498
1832.215	210.740	-1.875	-0.518
1832.315	211.922	-1.868	-0.535
1832.514	213.814	-1.829	-0.499
1832.614	214.909	-1.818	-0.503
1832.815	216.902	-1.814	-0.510
1833.015	218.880	-1.794	-0.531
1833.115	220.026	-1.770	-0.498
1833.315	222.010	-1.761	-0.511
1833.515	224.020	-1.737	-0.516
1833.715	225.998	-1.735	-0.493
1833.915	228.168	-1.725	-0.499
1834.114	230.147	-1.730	-0.485
1834.315	232.244	-1.722	-0.502
1834.514	234.228	-1.690	-0.479
1834.717	236.269	-1.709	-0.521
1834.915	238.195	-1.676	-0.461
1835.015	239.315	-1.699	-0.536
1835.215	241.339	-1.684	-0.498
1835.415	243.360	-1.695	-0.528
1835.615	245.343	-1.667	-0.520
1835.815	247.382	-1.650	-0.544
1836.014	249.404	-1.629	-0.536
1836.115	250.513	-1.606	-0.536
1836.315	252.561	-1.627	-0.557
1836.514	254.566	-1.596	-0.519
1836.715	256.578	-1.598	-0.554
1836.915	258.598	-1.542	-0.521
1837.115	260.572	-1.550	-0.532
1837.314	262.787	-1.512	-0.509
1837.515	264.771	-1.537	-0.535
1837.715	266.717	-1.485	-0.493
1837.915	268.830	-1.516	-0.512
1838.115	270.829	-1.471	-0.491
1838.315	272.795	-1.510	-0.523
1838.514	274.895	-1.468	-0.500
1838.715	276.897	-1.477	-0.510
1838.915	278.933	-1.480	-0.537
1839.115	280.989	-1.464	-0.533
1839.315	282.985	-1.450	-0.541
1839.515	285.050	-1.441	-0.542
1839.715	287.097	-1.423	-0.556
1839.915	289.100	-1.407	-0.550
1840.115	291.107	-1.395	-0.547
1840.315	293.278	-1.380	-0.553
1840.514	295.366	-1.377	-0.546
1840.715	297.305	-1.355	-0.534
1840.915	299.291	-1.328	-0.522
1841.115	301.306	-1.334	-0.530
1841.315	303.325	-1.327	-0.513
1841.514	305.444	-1.329	-0.513
1841.714	307.509	-1.319	-0.502
1841.915	309.484	-1.313	-0.514
1842.115	311.465	-1.332	-0.532
1842.315	313.582	-1.313	-0.514
1842.515	315.642	-1.312	-0.534
1842.715	317.654	-1.316	-0.550
1842.915	319.588	-1.295	-0.538
1843.115	321.611	-1.286	-0.575
1843.215	322.785	-1.274	-0.534
1843.415	324.666	-1.259	-0.574
1843.515	325.781	-1.276	-0.584
1843.715	327.811	-1.240	-0.555
1843.915	329.831	-1.207	-0.557
1844.115	331.825	-1.227	-0.551
1844.315	333.850	-1.194	-0.540
1844.515	335.855	-1.171	-0.538
1844.715	338.060	-1.171	-0.545
1844.914	340.043	-1.181	-0.538
1845.115	342.028	-1.177	-0.541
1845.315	344.041	-1.163	-0.514
1845.515	346.053	-1.171	-0.543
1845.715	348.152	-1.173	-0.523
1845.915	350.217	-1.169	-0.552
1846.115	352.247	-1.154	-0.531
1846.315	354.233	-1.170	-0.562
1846.515	356.295	-1.128	-0.543
1846.714	358.298	-1.118	-0.554
1846.915	360.367	-1.128	-0.567
1847.115	362.438	-1.097	-0.580
1847.315	364.445	-1.095	-0.575
1847.515	366.475	-1.056	-0.570
1847.715	368.523	-1.084	-0.566
1847.915	370.512	-1.036	-0.559
1848.115	372.553	-1.055	-0.539
1848.315	374.578	-1.030	-0.540
1848.515	376.549	-1.049	-0.526
1848.615	377.689	-1.015	-0.542
1848.814	379.692	-1.027	-0.542
1849.015	381.718	-1.013	-0.534
1849.215	383.736	-1.029	-0.545
1849.415	385.716	-1.031	-0.540
1849.615	387.755	-1.004	-0.544
1849.814	389.717	-0.984	-0.552
1850.015	391.051	-0.978	-0.566
1850.215	391.507	-0.956	-0.577
2111.315	0.000	-4.883	0.182
2111.515	0.023	-4.861	0.193
2111.715	0.559	-4.855	0.179
2111.915	1.862	-4.854	0.184
2112.015	2.949	-4.841	0.185
2112.215	4.921	-4.848	0.175
2112.415	6.916	-4.835	0.191
2112.615	8.971	-4.847	0.157
2112.815	10.953	-4.819	0.204
2112.915	12.094	-4.836	0.166
2113.115	14.128	-4.831	0.187
2113.315	16.092	-4.821	0.220
2113.515	18.095	-4.835	0.205
2113.715	20.120	-4.820	0.233
2113.915	22.119	-4.850	0.191
2114.115	24.168	-4.839	0.215
2114.315	26.233	-4.836	0.204
2114.514	28.242	-4.842	0.207
2114.715	30.388	-4.843	0.179
2114.916	32.398	-4.828	0.184
2115.116	34.372	-4.862	0.153
2115.315	36.478	-3.612	-0.007
2115.515	38.472	-2.967	-0.170
2115.715	40.639	-2.941	-0.183
2115.915	42.523	-2.950	-0.201
2116.115	44.525	-2.906	-0.193
2116.215	45.658	-2.920	-0.221
2116.415	47.550	-2.868	-0.209
2116.515	48.653	-2.864	-0.212
2116.715	50.661	-2.862	-0.226
2116.915	52.641	-2.830	-0.241
2117.015	53.782	-2.840	-0.257
2117.215	55.813	-2.809	-0.236
2117.415	57.786	-2.798	-0.276
2117.615	59.789	-2.778	-0.267
2117.815	61.835	-2.741	-0.303
2118.015	63.838	-2.709	-0.308
2118.215	65.859	-2.708	-0.365
2118.415	67.978	-2.667	-0.314
2118.615	69.974	-2.670	-0.366
2118.815	72.099	-2.611	-0.346
2119.015	74.112	-2.637	-0.387
2119.215	76.063	-2.572	-0.345
2119.415	78.161	-2.584	-0.377
2119.615	80.154	-2.547	-0.360
2119.715	81.312	-2.560	-0.388
2119.915	83.214	-2.543	-0.353
2120.115	85.335	-2.528	-0.302
2120.315	87.228	-2.514	-0.283
2120.415	88.332	-2.502	-0.285
2120.615	90.458	-2.506	-0.304
2120.815	92.347	-2.484	-0.296
2121.015	94.472	-2.507	-0.314
2121.215	96.514	-2.485	-0.325
2121.415	98.539	-2.477	-0.329
2121.615	100.544	-2.461	-0.343
2121.815	102.584	-2.457	-0.351
2122.015	104.662	-2.434	-0.374
2122.214	106.604	-2.404	-0.359
2122.415	108.616	-2.405	-0.376
2122.615	110.681	-2.382	-0.377
2122.815	112.673	-2.356	-0.363
2123.015	114.722	-2.353	-0.362
2123.215	116.743	-2.355	-0.351
2123.315	117.851	-2.388	-0.377
2123.515	119.935	-2.345	-0.358
2123.715	121.923	-2.339	-0.351
2123.915	123.882	-2.338	-0.383
2124.115	125.942	-2.337	-0.381
2124.315	127.955	-2.341	-0.387
2124.515	130.152	-2.324	-0.407
2124.715	132.114	-2.311	-0.413
2124.915	134.037	-2.310	-0.443
2125.115	136.082	-2.274	-0.422
2125.315	138.169	-2.275	-0.441
2125.515	140.154	-2.236	-0.420
2125.715	142.177	-2.236	-0.429
2125.915	144.320	-2.199	-0.389
2126.115	146.434	-2.216	-0.410
2126.314	148.279	-2.194	-0.415
2126.415	149.438	-2.204	-0.426
2126.615	151.355	-2.213	-0.414
2126.815	153.343	-2.204	-0.411
2126.915	154.498	-2.200	-0.436
2127.115	156.496	-2.208	-0.437
2127.315	158.481	-2.193	-0.466
2127.515	160.487	-2.182	-0.450
2127.715	162.504	-2.170	-0.496
2127.814	163.617	-2.116	-0.447
2128.015	165.693	-2.117	-0.481
2128.215	167.684	-2.126	-0.499
2128.415	169.640	-2.106	-0.477
2128.615	171.787	-2.099	-0.482
2128.814	173.720	-2.044	-0.437
2129.015	175.786	-2.067	-0.482
2129.215	177.900	-2.021	-0.443
2129.415	179.884	-2.049	-0.449
2129.615	181.911	-2.018	-0.455
2129.815	183.900	-2.033	-0.468
2130.015	185.917	-2.026	-0.462
2130.215	187.992	-2.018	-0.478
2130.415	189.979	-1.995	-0.476
2130.615	192.097	-1.998	-0.531
2130.815	194.085	-1.969	-0.485
2131.015	196.253	-1.966	-0.533
2131.215	198.132	-1.915	-0.487
2131.415	200.267	-1.943	-0.524
2131.615	202.292	-1.881	-0.476
2131.815	204.321	-1.903	-0.498
2132.015	206.304	-1.853	-0.457
2132.215	208.286	-1.887	-0.489
2132.314	209.496	-1.878	-0.473
2132.515	211.460	-1.854	-0.486
2132.715	213.463	-1.865	-0.489
2132.915	215.419	-1.859	-0.496
2133.115	217.618	-1.856	-0.499
2133.315	219.577	-1.842	-0.517
2133.515	221.691	-1.822	-0.530
2133.715	223.596	-1.803	-0.528
2133.915	225.597	-1.781	-0.539
2134.015	226.747	-1.757	-0.524
2134.215	228.661	-1.779	-0.535
2134.414	230.713	-1.713	-0.517
2134.615	232.721	-1.750	-0.529
2134.814	234.785	-1.714	-0.510
2135.015	236.813	-1.705	-0.498
2135.215	238.842	-1.697	-0.498
2135.415	240.865	-1.690	-0.493
2135.615	243.004	-1.710	-0.510
2135.815	245.091	-1.689	-0.510
2136.015	247.087	-1.681	-0.532
2136.215	249.035	-1.655	-0.532
2136.415	251.032	-1.637	-0.533
2136.615	253.163	-1.640	-0.556
2136.815	255.202	-1.597	-0.525
2137.015	257.166	-1.593	-0.534
2137.215	259.300	-1.563	-0.536
2137.415	261.173	-1.554	-0.524
2137.515	262.280	-1.571	-0.539
2137.715	264.281	-1.525	-0.508
2137.915	266.289	-1.531	-0.493
2138.115	268.288	-1.521	-0.502
2138.315	270.365	-1.540	-0.511
2138.515	272.454	-1.535	-0.529
2138.715	274.462	-1.525	-0.529
2138.915	276.591	-1.501	-0.539
2139.115	278.607	-1.478	-0.523
2139.315	280.590	-1.485	-0.565
2139.515	282.683	-1.466	-0.545
2139.715	284.675	-1.437	-0.550
2139.915	286.645	-1.428	-0.532
2140.115	288.742	-1.411	-0.536
2140.315	290.744	-1.406	-0.511
2140.515	292.888	-1.384	-0.510
2140.715	294.793	-1.387	-0.528
2140.915	296.902	-1.389	-0.515
2141.115	298.974	-1.390	-0.512
2141.315	300.952	-1.397	-0.535
2141.515	302.907	-1.406	-0.539
2141.715	304.986	-1.380	-0.553
2141.915	306.977	-1.390	-0.557
2142.015	308.127	-1.325	-0.529
2142.215	310.064	-1.361	-0.565
2142.415	312.083	-1.322	-0.571
2142.615	314.238	-1.326	-0.560
2142.815	316.219	-1.293	-0.544
2143.015	318.239	-1.303	-0.539
2143.215	320.283	-1.286	-0.527
2143.415	322.313	-1.282	-0.528
2143.615	324.313	-1.286	-0.511
2143.815	326.346	-1.294	-0.544
2144.015	328.392	-1.277	-0.520
2144.215	330.396	-1.276	-0.547
2144.415	332.421	-1.269	-0.541
2144.614	334.491	-1.260	-0.548
2144.816	336.469	-1.247	-0.553
2145.014	338.534	-1.233	-0.574
2145.215	340.512	-1.209	-0.571
2145.315	341.668	-1.195	-0.591
2145.515	343.694	-1.182	-0.544
2145.715	345.695	-1.175	-0.558
2145.915	347.720	-1.160	-0.526
2146.115	349.782	-1.161	-0.561
2146.315	351.830	-1.147	-0.521
2146.514	353.831	-1.155	-0.540
2146.715	355.805	-1.150	-0.542
2146.915	357.820	-1.167	-0.549
2147.115	359.887	-1.138	-0.556
2147.315	361.923	-1.159	-0.569
2147.515	363.923	-1.130	-0.574
2147.715	365.968	-1.109	-0.564
2147.915	367.994	-1.101	-0.584
2148.115	370.151	-1.085	-0.567
2148.315	372.240	-1.065	-0.560
2148.515	374.259	-1.061	-0.564
2148.714	376.238	-1.063	-0.550
2148.915	378.265	-1.041	-0.548
2149.115	380.230	-1.052	-0.544
2149.315	382.253	-1.044	-0.526
2149.515	384.433	-1.061	-0.548
2149.715	386.382	-1.037	-0.542
2149.915	388.460	-1.053	-0.575
2150.115	390.237	-0.988	-0.545
2150.315	391.245	-1.019	-0.592
2150.515	391.507	-0.945	-0.566
2411.515	0.000	-4.824	0.274
2411.715	0.076	-4.829	0.261
2411.915	0.883	-4.829	0.288
2412.115	2.423	-4.831	0.263
2412.315	4.455	-4.830	0.304
2412.515	6.494	-4.855	0.267
2412.715	8.611	-4.854	0.295
2412.915	10.673	-4.857	0.259
2413.115	12.657	-4.855	0.273
2413.315	14.609	-4.854	0.240
2413.515	16.682	-4.836	0.282
2413.715	18.788	-4.844	0.245
2413.915	20.738	-4.818	0.278
2414.015	21.807	-4.814	0.297
2414.215	23.925	-4.830	0.270
2414.415	25.917	-4.816	0.299
2414.615	27.895	-4.835	0.275
2414.815	29.900	-4.819	0.305
2415.015	31.906	-4.849	0.276
2415.215	34.002	-4.845	0.263
2415.415	36.083	-3.960	0.069
2415.615	38.091	-2.942	-0.142
2415.815	40.213	-2.963	-0.195
2416.015	42.182	-2.936	-0.226
2416.215	44.199	-2.923	-0.229
2416.415	46.237	-2.883	-0.241
2416.615	48.295	-2.880	-0.243
2416.815	50.285	-2.835	-0.255
2417.015	52.304	-2.841	-0.258
2417.215	54.329	-2.805	-0.267
2417.415	56.307	-2.825	-0.290
2417.615	58.341	-2.779	-0.285
2417.815	60.406	-2.775	-0.287
2417.915	61.535	-2.712	-0.306
2418.115	63.539	-2.720	-0.319
2418.315	65.521	-2.706	-0.315
2418.515	67.528	-2.682	-0.342
2418.715	69.548	-2.665	-0.324
2418.815	70.659	-2.647	-0.353
2419.015	72.725	-2.622	-0.325
2419.215	74.729	-2.595	-0.348
2419.415	76.714	-2.592	-0.347
2419.615	78.857	-2.577	-0.354
2419.815	80.721	-2.567	-0.362
2419.915	81.890	-2.513	-0.342
2420.115	83.813	-2.568	-0.345
2420.315	85.820	-2.528	-0.293
2420.415	86.984	-2.549	-0.317
2420.615	88.863	-2.521	-0.324
2420.815	90.993	-2.494	-0.336
2421.015	93.028	-2.478	-0.360
2421.215	95.065	-2.453	-0.340
2421.415	97.044	-2.426	-0.350
2421.615	99.207	-2.420	-0.338
2421.815	101.183	-2.416	-0.340
2422.015	103.190	-2.393	-0.328
2422.215	105.151	-2.417	-0.364
2422.415	107.280	-2.378	-0.340
2422.615	109.357	-2.416	-0.353
2422.816	111.356	-2.376	-0.348
2423.015	113.331	-2.417	-0.389
2423.215	115.433	-2.372	-0.391
2423.415	117.430	-2.374	-0.396
2423.615	119.399	-2.329	-0.404
2423.815	121.478	-2.317	-0.392
2424.015	123.472	-2.326	-0.400
2424.215	125.513	-2.291	-0.363
2424.415	127.572	-2.305	-0.387
2424.615	129.544	-2.298	-0.371
2424.815	131.774	-2.307	-0.396
2425.015	133.758	-2.301	-0.389
2425.215	135.722	-2.305	-0.434
2425.415	137.785	-2.275	-0.413
2425.615	139.774	-2.277	-0.443
2425.815	141.881	-2.253	-0.407
2426.015	143.801	-2.255	-0.448
2426.215	145.904	-2.197	-0.416
2426.415	147.980	-2.194	-0.418
2426.615	149.968	-2.178	-0.407
2426.815	152.108	-2.205	-0.420
2427.015	153.959	-2.165	-0.403
2427.115	155.081	-2.198	-0.426
2427.315	157.114	-2.213	-0.440
2427.515	159.154	-2.168	-0.427
2427.715	161.093	-2.167	-0.456
2427.915	163.308	-2.142	-0.451
2428.115	165.162	-2.127	-0.468
2428.315	167.183	-2.103	-0.472
2428.515	169.403	-2.082	-0.463
2428.715	171.378	-2.069	-0.454
2428.915	173.332	-2.089	-0.445
2429.115	175.441	-2.052	-0.440
2429.315	177.417	-2.086	-0.464
2429.515	179.572	-2.046	-0.460
2429.715	181.431	-2.064	-0.474
2429.915	183.571	-2.018	-0.490
2430.115	185.627	-2.028	-0.487
2430.315	187.629	-1.995	-0.505
2430.515	189.557	-1.991	-0.501
2430.715	191.617	-1.945	-0.503
2430.915	193.744	-1.952	-0.495
2431.115	195.748	-1.925	-0.483
2431.315	197.813	-1.932	-0.471
2431.515	199.808	-1.921	-0.465
2431.715	201.852	-1.946	-0.485
2431.915	203.940	-1.907	-0.467
2432.115	205.924	-1.919	-0.507
2432.315	208.056	-1.884	-0.504
2432.515	210.058	-1.895	-0.523
2432.715	212.039	-1.842	-0.517
2432.915	214.138	-1.848	-0.516
2433.115	216.112	-1.802	-0.494
2433.315	218.088	-1.822	-0.498
2433.515	220.163	-1.792	-0.485
2433.715	222.123	-1.789	-0.492
2433.815	223.263	-1.780	-0.455
2434.015	225.322	-1.785	-0.529
2434.215	227.271	-1.753	-0.474
2434.415	229.350	-1.786	-0.531
2434.615	231.330	-1.758	-0.513
2434.815	233.497	-1.758	-0.550
2435.015	235.377	-1.720	-0.525
2435.215	237.492	-1.701	-0.552
2435.415	239.541	-1.684	-0.524
2435.615	241.454	-1.681	-0.518
2435.815	243.612	-1.660	-0.503
2436.015	245.629	-1.649	-0.512
2436.215	247.601	-1.644	-0.506
2436.415	249.632	-1.655	-0.509
2436.615	251.697	-1.633	-0.512
2436.815	253.731	-1.672	-0.548
2437.015	255.715	-1.594	-0.532
2437.215	257.731	-1.606	-0.542
2437.415	259.763	-1.569	-0.538
2437.515	260.870	-1.571	-0.523
2437.715	262.958	-1.560	-0.550
2437.915	264.928	-1.497	-0.486
2438.115	266.923	-1.545	-0.532
2438.315	268.934	-1.515	-0.507
2438.515	271.064	-1.533	-0.521
2438.715	273.113	-1.511	-0.510
2438.915	275.092	-1.542	-0.534
2439.115	277.055	-1.503	-0.532
2439.315	279.150	-1.512	-0.563
2439.515	281.167	-1.465	-0.545
2439.715	283.150	-1.480	-0.573
2439.915	285.283	-1.426	-0.549
2440.115	287.291	-1.435	-0.527
2440.315	289.339	-1.405	-0.545
2440.516	291.400	-1.421	-0.513
2440.715	293.398	-1.390	-0.518
2440.915	295.416	-1.422	-0.515
2441.115	297.447	-1.418	-0.544
2441.315	299.429	-1.416	-0.537
2441.515	301.468	-1.393	-0.573
2441.715	303.503	-1.382	-0.552
2441.815	304.613	-1.392	-0.578
2442.015	306.645	-1.351	-0.575
2442.215	308.596	-1.339	-0.515
2442.415	310.797	-1.323	-0.558
2442.615	312.761	-1.313	-0.518
2442.815	314.725	-1.328	-0.544
2443.015	316.791	-1.308	-0.498
2443.215	318.754	-1.335	-0.539
2443.315	319.901	-1.330	-0.535
2443.515	321.812	-1.333	-0.545
2443.715	323.958	-1.313	-0.555
2443.915	325.893	-1.307	-0.569
2444.015	327.004	-1.317	-0.572
2444.215	328.986	-1.275	-0.534
2444.415	331.134	-1.258	-0.581
2444.615	333.145	-1.226	-0.519
2444.815	335.122	-1.234	-0.568
2445.015	337.194	-1.215	-0.519
2445.215	339.199	-1.233	-0.535
2445.415	341.171	-1.218	-0.517
2445.615	343.270	-1.242	-0.558
2445.815	345.229	-1.214	-0.559
2446.015	347.407	-1.221	-0.555
2446.215	349.377	-1.209	-0.576
2446.415	351.311	-1.179	-0.578
2446.615	353.374	-1.159	-0.575
2446.815	355.475	-1.141	-0.570
2447.015	357.467	-1.123	-0.555
2447.215	359.495	-1.111	-0.540
2447.415	361.509	-1.106	-0.535
2447.615	363.552	-1.123	-0.538
2447.815	365.605	-1.108	-0.539
2448.015	367.589	-1.103	-0.549
2448.215	369.709	-1.109	-0.564
2448.415	371.734	-1.100	-0.561
2448.615	373.701	-1.105	-0.603
2448.815	375.798	-1.052	-0.565
2449.015	377.782	-1.073	-0.591
2449.115	378.926	-1.000	-0.547
2449.315	380.810	-1.044	-0.550
2449.515	382.958	-1.015	-0.553
2449.715	384.969	-1.036	-0.532
2449.915	387.056	-1.006	-0.553
2450.115	388.973	-1.032	-0.550
2450.315	390.616	-1.000	-0.564
2450.515	391.399	-0.999	-0.564
2450.615	391.507	-0.991	-0.563
2711.515	0.000	-4.807	0.322
2711.715	0.015	-4.841	0.313
2711.915	0.620	-4.820	0.306
2712.116	2.043	-4.849	0.274
2712.315	4.074	-4.837	0.273
2712.515	6.036	-4.844	0.260
2712.715	8.161	-4.826	0.277
2712.915	10.166	-4.820	0.261
2713.115	12.149	-4.812	0.293
2713.315	14.152	-4.829	0.282
2713.515	16.194	-4.810	0.317
2713.715	18.200	-4.836	0.294
2713.915	20.315	-4.841	0.291
2714.115	22.324	-4.845	0.288
2714.315	24.293	-4.841	0.291
2714.515	26.413	-4.845	0.243
2714.715	28.402	-4.837	0.279
2714.815	29.547	-4.816	0.267
2715.015	31.425	-4.807	0.294
2715.115	32.532	-4.849	0.259
2715.315	34.542	-4.816	0.258
2715.515	36.572	-3.440	0.083
2715.716	38.558	-2.956	-0.093
2715.915	40.640	-2.958	-0.120
2716.116	42.596	-2.973	-0.162
2716.215	43.743	-2.927	-0.144
2716.416	45.757	-2.933	-0.168
2716.616	47.752	-2.920	-0.188
2716.815	49.755	-2.869	-0.200
2717.015	51.784	-2.844	-0.219
2717.215	53.890	-2.796	-0.214
2717.415	55.988	-2.796	-0.232
2717.615	57.988	-2.770	-0.246
2717.815	59.905	-2.741	-0.257
2718.015	61.935	-2.724	-0.289
2718.215	64.082	-2.699	-0.312
2718.415	66.164	-2.674	-0.335
2718.615	68.055	-2.644	-0.327
2718.815	70.189	-2.633	-0.353
2719.015	72.221	-2.609	-0.357
2719.216	74.272	-2.577	-0.352
2719.415	76.272	-2.568	-0.353
2719.615	78.320	-2.562	-0.354
2719.815	80.344	-2.549	-0.339
2720.015	82.370	-2.530	-0.366
2720.215	84.448	-2.529	-0.322
2720.415	86.428	-2.512	-0.311
2720.615	88.397	-2.502	-0.320
2720.815	90.484	-2.478	-0.345
2721.015	92.470	-2.464	-0.344
2721.115	93.615	-2.446	-0.353
2721.315	95.527	-2.434	-0.354
2721.515	97.525	-2.403	-0.329
2721.615	98.695	-2.408	-0.359
2721.815	100.616	-2.417	-0.323
2722.015	102.622	-2.394	-0.338
2722.215	104.688	-2.409	-0.347
2722.415	106.771	-2.394	-0.355
2722.615	108.776	-2.411	-0.390
2722.815	110.815	-2.365	-0.380
2723.015	112.834	-2.361	-0.393
2723.215	114.816	-2.341	-0.386
2723.415	117.033	-2.325	-0.368
2723.615	119.013	-2.322	-0.375
2723.815	120.954	-2.316	-0.383
2724.015	123.023	-2.325	-0.363
2724.215	124.998	-2.311	-0.389
2724.415	127.197	-2.318	-0.398
2724.615	129.161	-2.328	-0.441
2724.815	131.112	-2.297	-0.423
2725.016	133.196	-2.281	-0.442
2725.215	135.175	-2.241	-0.422
2725.316	136.322	-2.250	-0.419
2725.515	138.225	-2.220	-0.404
2725.715	140.374	-2.233	-0.405
2725.915	142.317	-2.240	-0.411
2726.015	143.429	-2.241	-0.418
2726.215	145.429	-2.218	-0.413
2726.415	147.562	-2.245	-0.435
2726.616	149.563	-2.213	-0.444
2726.815	151.519	-2.206	-0.467
2727.015	153.591	-2.173	-0.441
2727.215	155.557	-2.155	-0.445
2727.415	157.706	-2.162	-0.432
2727.616	159.704	-2.164	-0.432
2727.815	161.673	-2.137	-0.416
2728.015	163.675	-2.121	-0.447
2728.215	165.779	-2.126	-0.445
2728.415	167.764	-2.132	-0.490
2728.615	169.757	-2.103	-0.448
2728.715	170.859	-2.094	-0.515
2728.915	172.922	-2.082	-0.495
2729.115	174.878	-2.053	-0.471
2729.315	177.043	-2.036	-0.479
2729.515	178.941	-2.025	-0.445
2729.715	180.996	-2.040	-0.461
2729.915	182.991	-2.019	-0.464
2730.115	185.024	-2.035	-0.478
2730.315	187.161	-2.013	-0.487
2730.515	189.236	-2.013	-0.523
2730.715	191.212	-1.958	-0.496
2730.915	193.178	-1.951	-0.511
2731.115	195.270	-1.929	-0.474
2731.315	197.252	-1.942	-0.492
2731.415	198.390	-1.909	-0.431
2731.615	200.280	-1.928	-0.473
2731.815	202.414	-1.925	-0.474
2732.015	204.429	-1.927	-0.504
2732.215	206.379	-1.898	-0.497
2732.315	207.513	-1.898	-0.520
2732.515	209.499	-1.899	-0.534
2732.715	211.456	-1.849	-0.511
2732.915	213.663	-1.844	-0.526
2733.115	215.647	-1.809	-0.491
2733.315	217.628	-1.812	-0.499
2733.515	219.716	-1.811	-0.478
2733.715	221.769	-1.810	-0.506
2733.915	223.800	-1.785	-0.497
2734.116	225.722	-1.810	-0.523
2734.315	227.730	-1.770	-0.528
2734.417	228.881	-1.754	-0.505
2734.616	230.882	-1.745	-0.537
2734.816	232.863	-1.707	-0.513
2735.015	234.874	-1.725	-0.518
2735.216	236.911	-1.685	-0.483
2735.415	239.051	-1.716	-0.516
2735.615	241.107	-1.704	-0.507
2735.815	243.082	-1.708	-0.505
2736.015	245.205	-1.669	-0.528
2736.215	247.069	-1.678	-0.530
2736.315	248.177	-1.646	-0.541
2736.516	250.162	-1.645	-0.552
2736.715	252.187	-1.595	-0.532
2736.915	254.307	-1.610	-0.541
2737.115	256.391	-1.586	-0.501
2737.315	258.389	-1.599	-0.504
2737.516	260.359	-1.597	-0.511
2737.716	262.317	-1.579	-0.513
2737.816	263.435	-1.570	-0.507
2738.016	265.485	-1.546	-0.531
2738.215	267.422	-1.566	-0.558
2738.415	269.564	-1.528	-0.552
2738.615	271.602	-1.514	-0.539
2738.815	273.504	-1.497	-0.526
2738.915	274.631	-1.482	-0.500
2739.115	276.654	-1.480	-0.502
2739.315	278.671	-1.516	-0.542
2739.515	280.649	-1.466	-0.506
2739.715	282.741	-1.491	-0.526
2739.916	284.698	-1.450	-0.519
2740.015	285.848	-1.477	-0.557
2740.216	287.857	-1.446	-0.559
2740.415	289.855	-1.424	-0.554
2740.615	291.856	-1.410	-0.552
2740.815	293.860	-1.396	-0.540
2741.015	296.004	-1.394	-0.520
2741.215	298.109	-1.395	-0.522
2741.415	300.106	-1.407	-0.527
2741.615	302.040	-1.385	-0.533
2741.815	304.094	-1.386	-0.538
2742.015	306.147	-1.387	-0.563
2742.216	308.152	-1.342	-0.560
2742.415	310.255	-1.343	-0.557
2742.615	312.261	-1.312	-0.533
2742.815	314.219	-1.324	-0.529
2743.015	316.319	-1.325	-0.517
2743.215	318.319	-1.341	-0.532
2743.415	320.505	-1.326	-0.528
2743.615	322.427	-1.329	-0.546
2743.815	324.380	-1.315	-0.567
2744.015	326.601	-1.279	-0.554
2744.215	328.592	-1.282	-0.571
2744.415	330.563	-1.247	-0.554
2744.615	332.633	-1.246	-0.548
2744.815	334.623	-1.225	-0.521
2745.015	336.593	-1.249	-0.535
2745.215	338.695	-1.237	-0.522
2745.415	340.701	-1.250	-0.549
2745.615	342.854	-1.223	-0.564
2745.816	344.846	-1.238	-0.580
2746.015	346.868	-1.184	-0.562
2746.215	348.923	-1.181	-0.569
2746.415	350.825	-1.139	-0.549
2746.615	352.973	-1.170	-0.551
2746.815	355.009	-1.136	-0.530
2747.015	357.045	-1.177	-0.544
2747.215	359.048	-1.159	-0.555
2747.415	361.066	-1.176	-0.569
2747.615	363.144	-1.141	-0.560
2747.815	365.074	-1.119	-0.568
2748.015	367.159	-1.101	-0.576
2748.215	369.157	-1.088	-0.568
2748.315	370.306	-1.065	-0.535
2748.515	372.196	-1.081	-0.561
2748.715	374.337	-1.059	-0.522
2748.915	376.339	-1.089	-0.549
2749.116	378.282	-1.077	-0.527
2749.315	380.327	-1.077	-0.573
2749.515	382.475	-1.067	-0.555
2749.715	384.439	-1.059	-0.591
2749.915	386.449	-1.005	-0.559
2750.115	388.530	-1.011	-0.601
2750.315	390.313	-0.963	-0.537
2750.515	391.284	-0.984	-0.576
2750.715	391.507	-0.947	-0.524
3011.616	0.000	-4.797	0.286
3011.816	0.006	-4.820	0.299
3012.016	0.508	-4.818	0.298
3012.216	1.768	-4.832	0.310
3012.315	2.846	-4.807	0.325
3012.515	4.744	-4.840	0.276
3012.616	5.845	-4.835	0.288
3012.816	7.889	-4.841	0.288
3013.016	9.889	-4.849	0.258
3013.115	11.030	-4.800	0.285
3013.316	12.901	-4.838	0.256
3013.416	14.013	-4.811	0.286
3013.616	16.024	-4.809	0.304
3013.816	18.040	-4.836	0.277
3014.016	20.022	-4.840	0.303
3014.216	22.053	-4.852	0.277
3014.316	23.195	-4.847	0.289
3014.515	25.294	-4.827	0.287
3014.716	27.201	-4.835	0.277
3014.916	29.303	-4.818	0.259
3015.116	31.391	-4.822	0.283
3015.316	33.358	-4.822	0.255
3015.516	35.275	-4.582	0.258
3015.716	37.330	-2.920	-0.077
3015.816	38.431	-2.966	-0.137
3016.016	40.462	-2.940	-0.145
3016.216	42.497	-2.968	-0.185
3016.416	44.416	-2.906	-0.173
3016.616	46.648	-2.939	-0.221
3016.815	48.486	-2.866	-0.207
3016.916	49.615	-2.899	-0.257
3017.116	51.726	-2.843	-0.247
3017.316	53.712	-2.814	-0.237
3017.516	55.652	-2.796	-0.249
3017.715	57.719	-2.786	-0.248
3017.916	59.709	-2.760	-0.260
3018.016	60.849	-2.745	-0.272
3018.216	62.847	-2.753	-0.309
3018.416	64.883	-2.697	-0.288
3018.616	66.869	-2.673	-0.311
3018.816	68.850	-2.639	-0.308
3018.916	70.015	-2.660	-0.340
3019.116	71.915	-2.622	-0.316
3019.316	74.028	-2.592	-0.333
3019.516	76.037	-2.575	-0.329
3019.716	78.050	-2.569	-0.360
3019.916	80.053	-2.545	-0.341
3020.116	82.085	-2.540	-0.381
3020.316	84.311	-2.520	-0.316
3020.515	86.282	-2.523	-0.330
3020.716	88.220	-2.469	-0.300
3020.916	90.245	-2.479	-0.350
3021.116	92.442	-2.422	-0.318
3021.316	94.337	-2.445	-0.329
3021.516	96.330	-2.411	-0.306
3021.616	97.479	-2.431	-0.321
3021.816	99.373	-2.455	-0.340
3021.915	100.480	-2.400	-0.323
3022.116	102.495	-2.429	-0.356
3022.316	104.490	-2.406	-0.348
3022.515	106.487	-2.381	-0.374
3022.716	108.540	-2.381	-0.382
3022.916	110.653	-2.344	-0.375
3023.116	112.664	-2.333	-0.357
3023.316	114.701	-2.338	-0.358
3023.516	116.682	-2.339	-0.355
3023.716	118.707	-2.340	-0.358
3023.916	120.773	-2.343	-0.383
3024.116	122.778	-2.335	-0.411
3024.316	124.822	-2.320	-0.419
3024.516	126.917	-2.284	-0.414
3024.716	128.907	-2.286	-0.405
3024.916	131.062	-2.252	-0.419
3025.116	133.089	-2.263	-0.389
3025.316	135.077	-2.251	-0.406
3025.516	137.184	-2.271	-0.409
3025.716	139.171	-2.266	-0.432
3025.916	141.149	-2.242	-0.432
3026.115	143.241	-2.235	-0.458
3026.316	145.266	-2.207	-0.447
3026.515	147.265	-2.208	-0.462
3026.716	149.278	-2.161	-0.420
3026.916	151.284	-2.181	-0.433
3027.116	153.295	-2.171	-0.412
3027.316	155.353	-2.186	-0.427
3027.516	157.351	-2.180	-0.441
3027.716	159.396	-2.184	-0.482
3027.916	161.463	-2.148	-0.472
3028.116	163.453	-2.127	-0.502
3028.315	165.568	-2.084	-0.467
3028.516	167.592	-2.115	-0.483
3028.716	169.600	-2.070	-0.454
3028.916	171.737	-2.082	-0.442
3029.116	173.731	-2.096	-0.469
3029.316	175.708	-2.084	-0.473
3029.516	177.785	-2.055	-0.494
3029.716	179.805	-2.039	-0.499
3029.916	181.951	-2.016	-0.489
3030.116	183.822	-2.006	-0.497
3030.315	185.939	-1.982	-0.470
3030.516	187.941	-1.982	-0.476
3030.716	190.015	-1.999	-0.471
3030.916	192.036	-1.977	-0.484
3031.116	194.046	-1.986	-0.475
3031.316	196.027	-1.972	-0.508
3031.516	198.051	-1.951	-0.509
3031.716	200.086	-1.915	-0.519
3031.915	202.097	-1.896	-0.500
3032.115	204.334	-1.885	-0.504
3032.316	206.183	-1.859	-0.470
3032.516	208.388	-1.876	-0.496
3032.716	210.326	-1.879	-0.490
3032.916	212.347	-1.882	-0.516
3033.116	214.320	-1.850	-0.528
3033.315	216.425	-1.829	-0.527
3033.516	218.398	-1.806	-0.512
3033.615	219.557	-1.793	-0.495
3033.816	221.460	-1.801	-0.514
3034.015	223.583	-1.753	-0.473
3034.216	225.612	-1.802	-0.516
3034.416	227.660	-1.759	-0.486
3034.616	229.595	-1.783	-0.511
3034.815	231.671	-1.754	-0.524
3035.015	233.652	-1.771	-0.550
3035.116	234.802	-1.706	-0.529
3035.316	236.676	-1.690	-0.527
3035.416	237.788	-1.714	-0.554
3035.616	239.788	-1.660	-0.514
3035.816	241.848	-1.685	-0.505
3036.016	243.859	-1.655	-0.488
3036.216	245.854	-1.679	-0.507
3036.416	247.957	-1.657	-0.536
3036.615	249.924	-1.663	-0.543
3036.815	252.052	-1.625	-0.533
3037.016	254.062	-1.610	-0.542
3037.215	256.014	-1.584	-0.528
3037.416	258.098	-1.581	-0.517
3037.616	260.085	-1.584	-0.511
3037.716	261.249	-1.571	-0.520
3037.916	263.135	-1.584	-0.506
3038.015	264.238	-1.586	-0.548
3038.216	266.254	-1.556	-0.533
3038.415	268.340	-1.545	-0.549
3038.615	270.254	-1.535	-0.549
3038.816	272.320	-1.511	-0.539
3039.016	274.442	-1.494	-0.541
3039.216	276.442	-1.463	-0.513
3039.416	278.465	-1.476	-0.539
3039.616	280.447	-1.469	-0.498
3039.815	282.469	-1.484	-0.525
3040.015	284.648	-1.483	-0.540
3040.215	286.600	-1.470	-0.558
3040.415	288.567	-1.445	-0.539
3040.516	289.679	-1.440	-0.545
3040.715	291.717	-1.419	-0.545
3040.916	293.660	-1.404	-0.545
3041.116	295.814	-1.396	-0.515
3041.316	297.874	-1.406	-0.521
3041.516	299.756	-1.418	-0.542
3041.616	300.862	-1.391	-0.531
3041.815	302.848	-1.426	-0.568
3042.015	304.849	-1.357	-0.555
3042.116	305.960	-1.386	-0.574
3042.316	307.949	-1.380	-0.568
3042.515	309.966	-1.330	-0.549
3042.716	311.951	-1.353	-0.540
3042.916	314.129	-1.323	-0.542
3043.116	316.094	-1.345	-0.527
3043.316	318.158	-1.336	-0.533
3043.515	320.140	-1.345	-0.537
3043.716	322.289	-1.325	-0.581
3043.916	324.200	-1.313	-0.568
3044.116	326.217	-1.274	-0.577
3044.216	327.372	-1.307	-0.570
3044.416	329.299	-1.257	-0.536
3044.615	331.320	-1.259	-0.548
3044.815	333.358	-1.268	-0.535
3045.016	335.426	-1.269	-0.550
3045.216	337.447	-1.281	-0.560
3045.416	339.462	-1.242	-0.562
3045.616	341.526	-1.238	-0.574
3045.815	343.516	-1.199	-0.563
3046.016	345.546	-1.193	-0.564
3046.216	347.557	-1.184	-0.551
3046.316	348.669	-1.196	-0.521
3046.516	350.699	-1.174	-0.534
3046.717	352.793	-1.182	-0.552
3046.917	354.864	-1.184	-0.548
3047.117	356.845	-1.170	-0.567
3047.317	358.790	-1.159	-0.582
3047.516	360.894	-1.141	-0.582
3047.716	362.876	-1.114	-0.580
3047.916	365.030	-1.098	-0.551
3048.115	366.952	-1.104	-0.555
3048.316	368.972	-1.116	-0.541
3048.515	371.105	-1.111	-0.555
3048.716	373.081	-1.093	-0.548
3048.916	375.113	-1.117	-0.587
3049.116	377.145	-1.069	-0.581
3049.316	379.222	-1.056	-0.588
3049.516	381.235	-1.030	-0.555
3049.716	383.296	-1.030	-0.545
3049.916	385.315	-1.038	-0.533
3050.116	387.312	-1.027	-0.558
3050.316	389.322	-1.028	-0.550
3050.516	390.802	-1.006	-0.579
3050.715	391.452	-0.980	-0.559
3050.916	391.507	-0.976	-0.601
