TimeSec	Probe1mm	ConductivityP1V	TemperatureP1V
144.840	0.000	-4.756	0.262
145.040	0.232	-4.782	0.225
145.240	1.214	-4.780	0.252
145.440	2.938	-4.773	0.243
145.640	5.044	-4.774	0.257
145.840	6.974	-4.758	0.248
146.040	9.111	-4.774	0.236
146.240	11.072	-4.782	0.260
146.440	13.244	-4.782	0.252
146.640	15.204	-4.764	0.266
146.840	17.169	-4.755	0.250
147.040	19.176	-4.767	0.252
147.240	21.242	-4.782	0.230
147.440	23.362	-4.761	0.263
147.640	25.376	-4.777	0.249
147.840	27.347	-4.769	0.250
148.040	29.415	-4.779	0.220
148.240	31.490	-4.778	0.240
148.440	33.476	-4.783	0.210
148.640	35.443	-4.753	0.238
148.840	37.601	-4.367	0.160
149.042	39.718	-1.626	-0.103
149.240	41.571	-1.662	-0.153
149.442	43.730	-1.633	-0.145
149.642	45.796	-1.644	-0.175
149.840	47.766	-1.625	-0.191
150.040	49.718	-1.632	-0.195
150.240	51.815	-1.604	-0.197
150.440	53.777	-1.556	-0.205
150.540	54.917	-1.518	-0.210
150.740	56.941	-1.503	-0.227
150.940	58.918	-1.479	-0.229
151.140	60.937	-1.451	-0.245
151.340	62.934	-1.427	-0.254
151.540	64.987	-1.403	-0.288
151.740	66.994	-1.375	-0.289
151.940	69.058	-1.364	-0.306
152.140	71.239	-1.368	-0.284
152.340	73.174	-1.330	-0.315
152.540	75.150	-1.325	-0.319
152.740	77.176	-1.306	-0.342
152.940	79.255	-1.311	-0.354
153.140	81.359	-1.302	-0.352
153.340	83.299	-1.284	-0.338
153.540	85.401	-1.260	-0.299
153.740	87.435	-1.270	-0.285
153.940	89.450	-1.281	-0.280
154.140	91.435	-1.261	-0.281
154.340	93.508	-1.239	-0.275
154.540	95.538	-1.238	-0.292
154.739	97.517	-1.222	-0.299
154.839	98.635	-1.253	-0.312
155.039	100.600	-1.229	-0.283
155.239	102.718	-1.230	-0.266
155.439	104.720	-1.191	-0.278
155.640	106.846	-1.208	-0.296
155.840	108.715	-1.202	-0.305
156.040	110.855	-1.214	-0.291
156.240	112.866	-1.168	-0.274
156.440	114.881	-1.157	-0.292
156.640	116.866	-1.144	-0.310
156.840	118.880	-1.168	-0.326
157.040	120.895	-1.147	-0.307
157.240	123.033	-1.123	-0.304
157.440	125.116	-1.115	-0.320
157.640	127.099	-1.111	-0.342
157.840	129.188	-1.115	-0.336
158.040	131.109	-1.100	-0.346
158.240	133.229	-1.087	-0.324
158.440	135.290	-1.073	-0.357
158.640	137.272	-1.062	-0.340
158.840	139.327	-1.070	-0.374
159.040	141.344	-1.049	-0.323
159.240	143.275	-1.047	-0.345
159.340	144.431	-1.058	-0.367
159.540	146.356	-1.029	-0.355
159.740	148.444	-1.024	-0.369
159.940	150.464	-1.009	-0.349
160.140	152.550	-1.019	-0.364
160.340	154.595	-0.990	-0.357
160.540	156.548	-0.987	-0.367
160.740	158.662	-0.988	-0.383
160.940	160.591	-0.980	-0.372
161.140	162.606	-0.995	-0.374
161.340	164.643	-0.960	-0.369
161.540	166.710	-0.924	-0.370
161.740	168.715	-0.959	-0.390
161.940	170.762	-0.940	-0.372
162.140	172.785	-0.945	-0.369
162.340	174.906	-0.888	-0.364
162.540	176.924	-0.930	-0.402
162.740	178.887	-0.907	-0.406
162.840	180.035	-0.917	-0.365
163.040	182.041	-0.913	-0.379
163.240	184.032	-0.889	-0.373
163.440	186.070	-0.874	-0.379
163.640	188.114	-0.865	-0.408
163.840	190.104	-0.859	-0.381
164.040	192.110	-0.885	-0.413
164.239	194.160	-0.853	-0.381
164.340	195.280	-0.867	-0.401
164.540	197.242	-0.831	-0.390
164.740	199.283	-0.829	-0.410
164.940	201.347	-0.847	-0.412
165.140	203.390	-0.821	-0.398
165.340	205.487	-0.802	-0.390
165.540	207.469	-0.784	-0.404
165.740	209.483	-0.782	-0.399
165.940	211.468	-0.793	-0.412
166.140	213.526	-0.791	-0.411
166.340	215.611	-0.771	-0.400
166.540	217.553	-0.749	-0.413
166.740	219.617	-0.742	-0.407
166.940	221.662	-0.757	-0.431
167.140	223.662	-0.744	-0.400
167.340	225.760	-0.742	-0.423
167.540	227.764	-0.688	-0.391
167.740	229.739	-0.720	-0.443
167.940	231.816	-0.695	-0.420
168.140	233.819	-0.716	-0.415
168.240	234.971	-0.687	-0.422
168.440	236.858	-0.684	-0.421
168.640	238.972	-0.651	-0.426
168.840	240.970	-0.665	-0.442
169.040	242.974	-0.669	-0.433
169.240	245.105	-0.680	-0.435
169.440	247.205	-0.643	-0.415
169.640	249.207	-0.629	-0.437
169.840	251.160	-0.622	-0.456
170.040	253.260	-0.633	-0.452
170.240	255.242	-0.639	-0.429
170.440	257.311	-0.613	-0.439
170.640	259.384	-0.614	-0.428
170.840	261.351	-0.593	-0.464
171.040	263.366	-0.587	-0.437
171.240	265.446	-0.585	-0.456
171.440	267.394	-0.578	-0.429
171.640	269.528	-0.568	-0.463
171.840	271.563	-0.551	-0.439
172.040	273.525	-0.575	-0.468
172.240	275.511	-0.552	-0.430
172.340	276.666	-0.535	-0.449
172.540	278.637	-0.553	-0.457
172.740	280.696	-0.512	-0.440
172.940	282.701	-0.523	-0.476
173.140	284.801	-0.510	-0.457
173.340	286.885	-0.521	-0.452
173.540	288.758	-0.516	-0.447
173.740	290.947	-0.500	-0.460
173.940	292.852	-0.469	-0.451
174.140	294.855	-0.490	-0.479
174.340	297.065	-0.481	-0.446
174.540	298.989	-0.480	-0.463
174.740	300.992	-0.436	-0.444
174.940	303.164	-0.466	-0.493
175.140	305.040	-0.446	-0.468
175.340	307.170	-0.468	-0.478
175.540	309.194	-0.431	-0.441
175.740	311.218	-0.427	-0.463
175.940	313.204	-0.403	-0.492
176.140	315.232	-0.435	-0.495
176.340	317.255	-0.430	-0.474
176.540	319.386	-0.425	-0.464
176.740	321.311	-0.396	-0.463
176.839	322.406	-0.389	-0.479
177.040	324.383	-0.383	-0.471
177.240	326.396	-0.391	-0.493
177.440	328.491	-0.401	-0.475
177.640	330.556	-0.369	-0.467
177.840	332.522	-0.382	-0.473
178.040	334.585	-0.348	-0.483
178.240	336.710	-0.383	-0.490
178.440	338.656	-0.346	-0.486
178.640	340.619	-0.360	-0.474
178.740	341.725	-0.391	-0.525
178.940	343.732	-0.326	-0.480
179.140	345.720	-0.329	-0.479
179.340	347.800	-0.336	-0.509
179.540	349.798	-0.340	-0.481
179.740	351.956	-0.358	-0.507
179.940	353.983	-0.305	-0.450
180.140	355.990	-0.312	-0.499
180.340	357.956	-0.308	-0.493
180.540	360.091	-0.325	-0.519
180.740	362.086	-0.300	-0.476
180.940	364.043	-0.301	-0.502
181.140	366.123	-0.283	-0.485
181.340	368.103	-0.279	-0.507
181.440	369.264	-0.294	-0.504
181.640	371.266	-0.307	-0.515
181.840	373.261	-0.291	-0.492
182.040	375.271	-0.256	-0.473
182.240	377.290	-0.253	-0.503
182.440	379.269	-0.256	-0.510
182.640	381.311	-0.295	-0.540
182.840	383.492	-0.264	-0.479
183.040	385.470	-0.256	-0.512
183.240	387.455	-0.222	-0.485
183.440	389.432	-0.232	-0.528
183.540	390.337	-0.197	-0.529
183.740	391.285	-0.239	-0.513
183.940	391.507	-0.201	-0.498
444.940	0.000	-4.755	0.249
445.140	0.229	-4.751	0.242
445.340	1.212	-4.760	0.217
445.540	2.913	-4.766	0.216
445.640	3.979	-4.734	0.230
445.840	6.021	-4.790	0.212
446.040	8.080	-4.773	0.246
446.240	10.064	-4.774	0.235
446.440	12.157	-4.763	0.257
446.640	14.143	-4.758	0.244
446.840	16.280	-4.757	0.247
447.040	18.210	-4.774	0.219
447.240	20.268	-4.775	0.225
447.440	22.374	-4.783	0.219
447.640	24.315	-4.783	0.234
447.840	26.311	-4.765	0.237
447.940	27.427	-4.769	0.248
448.140	29.518	-4.758	0.234
448.340	31.458	-4.755	0.242
448.540	33.623	-4.747	0.236
448.740	35.528	-4.766	0.212
448.940	37.574	-4.393	0.182
449.140	39.536	-1.638	-0.109
449.340	41.578	-1.648	-0.139
449.540	43.597	-1.655	-0.163
449.740	45.654	-1.629	-0.161
449.940	47.708	-1.624	-0.173
450.140	49.706	-1.621	-0.189
450.340	51.915	-1.599	-0.191
450.540	53.905	-1.555	-0.215
450.740	55.861	-1.528	-0.196
450.940	57.938	-1.506	-0.241
451.140	59.920	-1.469	-0.225
451.240	61.062	-1.418	-0.203
451.440	62.944	-1.437	-0.280
451.540	64.047	-1.410	-0.245
451.741	66.081	-1.383	-0.281
451.940	68.080	-1.369	-0.270
452.140	70.114	-1.376	-0.328
452.340	72.117	-1.364	-0.311
452.540	74.163	-1.354	-0.325
452.740	76.163	-1.326	-0.313
452.940	78.351	-1.321	-0.329
453.140	80.239	-1.295	-0.327
453.340	82.258	-1.286	-0.342
453.540	84.382	-1.278	-0.340
453.740	86.325	-1.290	-0.283
453.940	88.504	-1.293	-0.280
454.140	90.416	-1.261	-0.268
454.340	92.501	-1.257	-0.267
454.540	94.597	-1.239	-0.275
454.740	96.527	-1.226	-0.265
454.940	98.587	-1.217	-0.298
455.140	100.689	-1.220	-0.290
455.340	102.665	-1.210	-0.303
455.540	104.677	-1.198	-0.297
455.740	106.874	-1.214	-0.304
455.940	108.800	-1.197	-0.286
456.140	110.833	-1.188	-0.282
456.340	112.813	-1.169	-0.273
456.540	114.912	-1.149	-0.299
456.740	116.895	-1.150	-0.306
456.940	119.070	-1.130	-0.323
457.140	120.973	-1.137	-0.309
457.340	122.976	-1.146	-0.345
457.540	125.169	-1.118	-0.309
457.740	127.073	-1.121	-0.335
457.940	129.080	-1.096	-0.305
458.140	131.242	-1.097	-0.332
458.340	133.122	-1.057	-0.316
458.540	135.280	-1.072	-0.347
458.740	137.345	-1.059	-0.346
458.940	139.327	-1.074	-0.359
459.140	141.431	-1.048	-0.349
459.340	143.415	-1.064	-0.349
459.540	145.421	-1.046	-0.350
459.740	147.382	-1.035	-0.347
459.940	149.542	-1.007	-0.344
460.140	151.512	-1.006	-0.367
460.340	153.586	-0.977	-0.358
460.540	155.517	-1.005	-0.383
460.640	156.683	-1.015	-0.379
460.840	158.601	-0.982	-0.369
461.040	160.697	-1.001	-0.373
461.240	162.730	-0.952	-0.355
461.440	164.660	-0.976	-0.358
461.640	166.800	-0.952	-0.360
461.840	168.920	-0.939	-0.354
462.040	170.771	-0.914	-0.382
462.240	172.795	-0.929	-0.378
462.440	174.840	-0.930	-0.398
462.640	176.894	-0.935	-0.389
462.840	179.017	-0.912	-0.381
463.040	181.090	-0.908	-0.380
463.240	183.075	-0.906	-0.370
463.440	185.052	-0.875	-0.370
463.640	187.152	-0.851	-0.372
463.840	189.129	-0.865	-0.403
464.040	191.098	-0.850	-0.411
464.240	193.191	-0.867	-0.414
464.440	195.298	-0.861	-0.401
464.640	197.224	-0.863	-0.397
464.740	198.309	-0.818	-0.375
464.940	200.437	-0.833	-0.399
465.140	202.397	-0.798	-0.377
465.340	204.369	-0.824	-0.414
465.540	206.367	-0.777	-0.402
465.740	208.514	-0.793	-0.419
465.940	210.448	-0.771	-0.408
466.140	212.587	-0.789	-0.422
466.340	214.548	-0.765	-0.403
466.540	216.674	-0.775	-0.409
466.740	218.568	-0.768	-0.413
466.840	219.712	-0.722	-0.400
467.040	221.688	-0.737	-0.410
467.240	223.690	-0.706	-0.418
467.440	225.853	-0.739	-0.432
467.640	227.894	-0.723	-0.446
467.840	229.883	-0.721	-0.430
468.040	231.921	-0.715	-0.434
468.240	233.922	-0.717	-0.414
468.440	235.939	-0.680	-0.421
468.640	237.972	-0.689	-0.417
468.840	239.937	-0.651	-0.418
469.040	242.125	-0.677	-0.448
469.240	244.099	-0.644	-0.429
469.440	246.229	-0.644	-0.449
469.640	248.108	-0.650	-0.458
469.840	250.232	-0.639	-0.444
470.040	252.243	-0.644	-0.429
470.240	254.240	-0.636	-0.424
470.440	256.225	-0.616	-0.426
470.640	258.401	-0.606	-0.432
470.840	260.401	-0.572	-0.415
471.040	262.375	-0.578	-0.452
471.240	264.355	-0.554	-0.437
471.440	266.477	-0.597	-0.473
471.640	268.549	-0.565	-0.443
471.840	270.527	-0.603	-0.476
472.040	272.598	-0.548	-0.441
472.240	274.589	-0.549	-0.434
472.440	276.652	-0.527	-0.434
472.640	278.654	-0.526	-0.452
472.840	280.615	-0.507	-0.455
472.940	281.705	-0.549	-0.511
473.140	283.737	-0.509	-0.457
473.341	285.835	-0.526	-0.474
473.540	287.883	-0.512	-0.464
473.740	289.825	-0.507	-0.447
473.940	291.930	-0.508	-0.452
474.140	293.879	-0.487	-0.446
474.340	295.917	-0.478	-0.458
474.540	297.952	-0.451	-0.455
474.740	300.004	-0.457	-0.471
474.940	301.987	-0.459	-0.481
475.140	304.206	-0.469	-0.469
475.340	306.176	-0.457	-0.480
475.540	308.133	-0.468	-0.467
475.740	310.226	-0.446	-0.466
475.940	312.236	-0.424	-0.432
476.140	314.209	-0.412	-0.456
476.340	316.300	-0.402	-0.463
476.540	318.289	-0.402	-0.490
476.640	319.439	-0.421	-0.500
476.840	321.318	-0.396	-0.483
476.940	322.414	-0.423	-0.528
477.140	324.481	-0.406	-0.471
477.340	326.417	-0.413	-0.498
477.440	327.574	-0.373	-0.467
477.640	329.579	-0.389	-0.472
477.840	331.523	-0.392	-0.475
478.040	333.527	-0.362	-0.455
478.240	335.659	-0.372	-0.490
478.440	337.613	-0.348	-0.473
478.640	339.628	-0.375	-0.517
478.840	341.757	-0.351	-0.490
479.040	343.694	-0.379	-0.506
479.240	345.873	-0.345	-0.470
479.440	347.858	-0.362	-0.485
479.640	349.913	-0.315	-0.461
479.840	351.933	-0.326	-0.480
480.040	353.914	-0.304	-0.497
480.240	355.980	-0.316	-0.509
480.440	358.002	-0.301	-0.500
480.640	360.059	-0.335	-0.516
480.840	362.053	-0.317	-0.506
481.040	364.064	-0.319	-0.497
481.240	366.099	-0.281	-0.475
481.440	368.128	-0.307	-0.488
481.640	370.266	-0.264	-0.479
481.840	372.363	-0.269	-0.498
482.040	374.349	-0.257	-0.510
482.240	376.307	-0.276	-0.522
482.440	378.400	-0.278	-0.518
482.640	380.390	-0.273	-0.511
482.840	382.363	-0.269	-0.504
483.040	384.449	-0.263	-0.509
483.240	386.460	-0.250	-0.492
483.440	388.445	-0.223	-0.489
483.640	390.314	-0.221	-0.494
483.840	391.274	-0.211	-0.529
484.040	391.507	-0.190	-0.507
745.040	0.000	-4.759	0.252
745.240	0.220	-4.758	0.245
745.441	1.161	-4.798	0.224
745.641	3.094	-4.780	0.263
745.840	5.038	-4.792	0.234
746.040	6.976	-4.772	0.273
746.240	9.022	-4.777	0.260
746.440	11.065	-4.764	0.273
746.540	12.213	-4.792	0.244
746.741	14.122	-4.780	0.250
746.840	15.205	-4.731	0.293
747.040	17.228	-4.761	0.253
747.241	19.171	-4.768	0.242
747.440	21.361	-4.755	0.243
747.640	23.305	-4.757	0.252
747.840	25.423	-4.745	0.243
748.040	27.345	-4.758	0.242
748.240	29.471	-4.784	0.226
748.440	31.571	-4.766	0.241
748.640	33.432	-4.788	0.206
748.840	35.583	-4.782	0.220
749.040	37.483	-4.397	0.177
749.240	39.543	-1.635	-0.076
749.440	41.672	-1.643	-0.111
749.640	43.764	-1.652	-0.149
749.841	45.753	-1.624	-0.133
750.041	47.711	-1.630	-0.166
750.240	49.811	-1.610	-0.168
750.441	51.791	-1.594	-0.191
750.640	53.959	-1.547	-0.173
750.841	55.833	-1.522	-0.192
751.040	57.945	-1.491	-0.222
751.240	59.891	-1.457	-0.210
751.340	60.977	-1.449	-0.257
751.540	62.913	-1.443	-0.251
751.740	64.961	-1.413	-0.254
751.940	67.081	-1.403	-0.258
752.140	69.078	-1.365	-0.266
752.340	71.208	-1.379	-0.282
752.540	73.139	-1.364	-0.290
752.740	75.215	-1.351	-0.299
752.941	77.196	-1.320	-0.297
753.040	78.342	-1.299	-0.299
753.241	80.228	-1.317	-0.310
753.440	82.291	-1.298	-0.350
753.640	84.443	-1.293	-0.323
753.840	86.391	-1.292	-0.269
754.040	88.503	-1.271	-0.247
754.240	90.430	-1.262	-0.258
754.441	92.423	-1.248	-0.261
754.640	94.628	-1.250	-0.268
754.841	96.645	-1.259	-0.274
755.041	98.620	-1.245	-0.260
755.241	100.764	-1.257	-0.273
755.441	102.607	-1.243	-0.268
755.641	104.744	-1.225	-0.263
755.840	106.825	-1.207	-0.254
756.040	108.806	-1.197	-0.263
756.240	110.738	-1.175	-0.267
756.440	112.816	-1.163	-0.264
756.640	114.809	-1.157	-0.275
756.740	115.958	-1.182	-0.308
756.940	117.853	-1.120	-0.279
757.140	120.000	-1.134	-0.304
757.341	121.930	-1.109	-0.303
757.540	123.989	-1.121	-0.331
757.640	125.116	-1.134	-0.321
757.841	127.089	-1.095	-0.332
758.040	129.082	-1.110	-0.331
758.240	131.086	-1.093	-0.343
758.440	133.110	-1.120	-0.332
758.540	134.222	-1.092	-0.334
758.740	136.235	-1.076	-0.339
758.940	138.204	-1.068	-0.335
759.040	139.336	-1.092	-0.366
759.241	141.382	-1.047	-0.322
759.440	143.306	-1.043	-0.336
759.540	144.458	-1.058	-0.374
759.741	146.400	-1.023	-0.325
759.940	148.511	-1.019	-0.361
760.140	150.513	-0.994	-0.336
760.340	152.458	-0.983	-0.362
760.540	154.579	-0.989	-0.373
760.741	156.594	-0.986	-0.369
760.940	158.600	-0.981	-0.374
761.140	160.740	-0.985	-0.401
761.341	162.610	-0.983	-0.390
761.541	164.743	-0.964	-0.394
761.740	166.833	-0.959	-0.357
761.940	168.836	-0.964	-0.392
762.140	170.801	-0.944	-0.361
762.341	172.892	-0.956	-0.394
762.540	174.879	-0.921	-0.353
762.740	176.854	-0.939	-0.390
762.940	178.945	-0.905	-0.357
763.140	180.950	-0.897	-0.371
763.240	182.102	-0.854	-0.345
763.441	183.975	-0.872	-0.362
763.540	185.066	-0.892	-0.366
763.740	187.133	-0.869	-0.392
763.941	189.054	-0.853	-0.370
764.040	190.216	-0.860	-0.405
764.240	192.221	-0.834	-0.392
764.440	194.183	-0.833	-0.405
764.640	196.343	-0.826	-0.398
764.840	198.314	-0.835	-0.420
765.040	200.257	-0.823	-0.416
765.240	202.339	-0.845	-0.418
765.440	204.399	-0.812	-0.393
765.641	206.467	-0.831	-0.425
765.840	208.427	-0.781	-0.395
766.040	210.541	-0.797	-0.405
766.240	212.459	-0.775	-0.391
766.440	214.601	-0.782	-0.404
766.640	216.622	-0.752	-0.396
766.840	218.689	-0.778	-0.409
767.040	220.652	-0.742	-0.393
767.241	222.799	-0.748	-0.408
767.440	224.815	-0.704	-0.404
767.640	226.799	-0.700	-0.412
767.840	228.724	-0.696	-0.416
768.040	230.915	-0.708	-0.438
768.241	232.866	-0.677	-0.424
768.440	234.949	-0.697	-0.455
768.640	236.950	-0.687	-0.445
768.841	238.901	-0.695	-0.445
769.040	240.980	-0.676	-0.433
769.240	242.970	-0.686	-0.449
769.340	244.132	-0.685	-0.443
769.541	246.136	-0.669	-0.441
769.741	248.103	-0.663	-0.418
769.940	250.176	-0.643	-0.431
770.140	252.127	-0.646	-0.429
770.240	253.286	-0.622	-0.439
770.440	255.260	-0.625	-0.442
770.640	257.264	-0.600	-0.409
770.841	259.288	-0.599	-0.439
771.040	261.304	-0.577	-0.414
771.240	263.355	-0.585	-0.452
771.440	265.456	-0.560	-0.431
771.640	267.437	-0.575	-0.471
771.840	269.440	-0.552	-0.446
772.040	271.477	-0.563	-0.471
772.240	273.571	-0.546	-0.444
772.441	275.618	-0.556	-0.465
772.640	277.569	-0.543	-0.459
772.740	278.728	-0.556	-0.478
772.941	280.654	-0.550	-0.477
773.140	282.637	-0.521	-0.445
773.340	284.681	-0.530	-0.471
773.540	286.761	-0.514	-0.436
773.740	288.770	-0.528	-0.459
773.940	290.810	-0.492	-0.439
774.140	292.859	-0.508	-0.452
774.340	294.870	-0.462	-0.431
774.541	296.898	-0.487	-0.457
774.741	298.921	-0.448	-0.436
774.941	301.044	-0.454	-0.453
775.140	303.142	-0.420	-0.436
775.341	305.147	-0.451	-0.466
775.541	307.132	-0.423	-0.476
775.740	309.235	-0.433	-0.483
775.940	311.229	-0.416	-0.476
776.140	313.335	-0.450	-0.507
776.341	315.262	-0.415	-0.479
776.541	317.253	-0.440	-0.498
776.740	319.439	-0.403	-0.480
776.940	321.439	-0.446	-0.483
777.141	323.409	-0.400	-0.470
777.341	325.397	-0.423	-0.474
777.541	327.523	-0.389	-0.472
777.740	329.469	-0.417	-0.476
777.940	331.514	-0.394	-0.474
778.141	333.603	-0.380	-0.465
778.341	335.695	-0.368	-0.469
778.540	337.710	-0.357	-0.474
778.741	339.706	-0.338	-0.449
778.941	341.767	-0.345	-0.486
779.140	343.839	-0.336	-0.478
779.340	345.861	-0.353	-0.494
779.540	347.801	-0.325	-0.482
779.741	349.826	-0.338	-0.507
779.940	351.803	-0.327	-0.489
780.140	353.936	-0.323	-0.512
780.340	355.943	-0.322	-0.502
780.540	358.095	-0.319	-0.505
780.741	359.992	-0.331	-0.508
780.941	362.009	-0.334	-0.523
781.040	363.169	-0.325	-0.472
781.241	365.073	-0.318	-0.504
781.440	367.076	-0.310	-0.497
781.540	368.227	-0.309	-0.488
781.741	370.127	-0.302	-0.493
781.840	371.244	-0.261	-0.470
782.041	373.249	-0.297	-0.477
782.240	375.387	-0.292	-0.491
782.440	377.365	-0.253	-0.465
782.640	379.303	-0.256	-0.485
782.840	381.443	-0.236	-0.462
783.040	383.519	-0.258	-0.514
783.240	385.508	-0.216	-0.483
783.440	387.458	-0.244	-0.518
783.640	389.513	-0.227	-0.508
783.840	390.872	-0.216	-0.518
784.041	391.493	-0.207	-0.511
784.240	391.507	-0.205	-0.519
1045.041	0.000	-4.747	0.232
1045.240	0.199	-4.762	0.251
1045.441	1.221	-4.752	0.245
1045.641	2.987	-4.753	0.240
1045.841	5.014	-4.736	0.265
1046.040	6.982	-4.745	0.233
1046.241	9.013	-4.742	0.249
1046.441	11.025	-4.754	0.225
1046.541	12.119	-4.786	0.228
1046.741	14.215	-4.729	0.238
1046.941	16.201	-4.764	0.229
1047.141	18.148	-4.740	0.243
1047.340	20.249	-4.763	0.231
1047.541	22.235	-4.750	0.229
1047.640	23.382	-4.778	0.251
1047.841	25.352	-4.765	0.230
1048.040	27.316	-4.748	0.229
1048.241	29.336	-4.762	0.236
1048.340	30.449	-4.799	0.186
1048.541	32.428	-4.759	0.224
1048.740	34.430	-4.765	0.226
1048.840	35.548	-4.780	0.163
1049.041	37.569	-4.424	0.188
1049.241	39.630	-1.629	-0.104
1049.440	41.700	-1.623	-0.129
1049.641	43.660	-1.641	-0.162
1049.841	45.742	-1.640	-0.164
1050.041	47.695	-1.633	-0.177
1050.241	49.789	-1.606	-0.177
1050.441	51.834	-1.592	-0.191
1050.641	53.777	-1.565	-0.200
1050.841	55.905	-1.532	-0.210
1051.041	57.829	-1.484	-0.174
1051.241	59.947	-1.476	-0.251
1051.441	62.050	-1.439	-0.221
1051.640	64.064	-1.419	-0.246
1051.841	66.078	-1.394	-0.229
1052.040	68.014	-1.385	-0.266
1052.240	70.048	-1.378	-0.276
1052.441	72.058	-1.361	-0.261
1052.641	74.098	-1.353	-0.291
1052.841	76.277	-1.329	-0.292
1053.041	78.253	-1.323	-0.292
1053.241	80.369	-1.289	-0.302
1053.441	82.353	-1.306	-0.306
1053.640	84.319	-1.295	-0.324
1053.841	86.409	-1.288	-0.241
1054.041	88.406	-1.294	-0.268
1054.240	90.497	-1.279	-0.256
1054.441	92.413	-1.264	-0.254
1054.541	93.532	-1.248	-0.246
1054.741	95.568	-1.242	-0.245
1054.941	97.561	-1.269	-0.273
1055.141	99.535	-1.243	-0.252
1055.341	101.703	-1.241	-0.271
1055.541	103.703	-1.214	-0.259
1055.740	105.655	-1.219	-0.289
1055.941	107.803	-1.207	-0.272
1056.141	109.769	-1.182	-0.289
1056.341	111.803	-1.173	-0.277
1056.541	113.905	-1.192	-0.306
1056.741	115.942	-1.160	-0.275
1056.941	117.867	-1.176	-0.310
1057.141	119.887	-1.131	-0.278
1057.241	121.062	-1.150	-0.323
1057.440	122.980	-1.150	-0.320
1057.640	124.988	-1.114	-0.298
1057.841	127.058	-1.138	-0.320
1058.040	129.137	-1.111	-0.308
1058.240	131.157	-1.099	-0.313
1058.441	133.147	-1.062	-0.302
1058.641	135.201	-1.085	-0.319
1058.841	137.206	-1.054	-0.318
1059.041	139.230	-1.059	-0.320
1059.241	141.254	-1.045	-0.328
1059.441	143.376	-1.044	-0.331
1059.641	145.482	-1.023	-0.337
1059.841	147.451	-1.024	-0.341
1060.041	149.408	-0.989	-0.321
1060.241	151.473	-1.013	-0.357
1060.440	153.489	-0.956	-0.340
1060.641	155.471	-1.008	-0.356
1060.841	157.642	-0.957	-0.348
1061.041	159.599	-0.981	-0.374
1061.241	161.692	-0.957	-0.371
1061.440	163.680	-0.949	-0.365
1061.641	165.858	-0.942	-0.381
1061.841	167.828	-0.942	-0.379
1062.040	169.779	-0.917	-0.382
1062.241	171.782	-0.919	-0.378
1062.441	173.844	-0.917	-0.383
1062.641	176.009	-0.914	-0.394
1062.841	178.021	-0.895	-0.381
1063.041	179.937	-0.912	-0.405
1063.241	181.995	-0.892	-0.395
1063.441	183.993	-0.900	-0.410
1063.640	186.121	-0.864	-0.385
1063.842	188.093	-0.878	-0.407
1064.040	190.123	-0.871	-0.400
1064.241	192.160	-0.850	-0.407
1064.441	194.232	-0.846	-0.403
1064.641	196.239	-0.849	-0.428
1064.841	198.244	-0.861	-0.409
1065.041	200.260	-0.845	-0.429
1065.241	202.382	-0.828	-0.396
1065.441	204.450	-0.843	-0.440
1065.641	206.432	-0.793	-0.387
1065.841	208.397	-0.822	-0.431
1066.041	210.494	-0.773	-0.405
1066.240	212.472	-0.819	-0.435
1066.341	213.616	-0.805	-0.446
1066.541	215.604	-0.769	-0.405
1066.740	217.635	-0.765	-0.413
1066.940	219.617	-0.772	-0.415
1067.140	221.600	-0.767	-0.431
1067.241	222.698	-0.770	-0.426
1067.441	224.703	-0.742	-0.404
1067.640	226.770	-0.723	-0.409
1067.841	228.761	-0.728	-0.415
1068.040	230.814	-0.696	-0.399
1068.241	232.951	-0.711	-0.422
1068.441	234.835	-0.689	-0.420
1068.541	235.922	-0.673	-0.394
1068.741	237.916	-0.695	-0.427
1068.941	240.036	-0.647	-0.396
1069.141	242.023	-0.689	-0.439
1069.341	244.102	-0.634	-0.417
1069.541	246.015	-0.662	-0.418
1069.741	248.048	-0.631	-0.418
1069.940	250.138	-0.648	-0.417
1070.140	252.157	-0.628	-0.433
1070.340	254.171	-0.605	-0.414
1070.541	256.360	-0.596	-0.424
1070.741	258.269	-0.614	-0.440
1070.941	260.264	-0.570	-0.422
1071.040	261.416	-0.611	-0.454
1071.241	263.305	-0.569	-0.425
1071.341	264.424	-0.549	-0.449
1071.541	266.463	-0.574	-0.449
1071.741	268.462	-0.542	-0.432
1071.941	270.458	-0.557	-0.441
1072.141	272.483	-0.533	-0.444
1072.341	274.505	-0.526	-0.441
1072.541	276.634	-0.527	-0.444
1072.741	278.699	-0.522	-0.460
1072.941	280.662	-0.528	-0.475
1073.140	282.735	-0.515	-0.471
1073.341	284.804	-0.504	-0.439
1073.541	286.754	-0.515	-0.487
1073.740	288.770	-0.490	-0.456
1073.941	290.876	-0.508	-0.491
1074.140	292.814	-0.477	-0.451
1074.340	294.842	-0.492	-0.484
1074.540	296.960	-0.476	-0.467
1074.740	298.915	-0.477	-0.480
1074.841	300.023	-0.493	-0.481
1075.041	302.153	-0.463	-0.473
1075.241	304.139	-0.475	-0.484
1075.441	306.113	-0.448	-0.464
1075.641	308.174	-0.458	-0.477
1075.841	310.173	-0.461	-0.490
1076.041	312.147	-0.450	-0.476
1076.240	314.226	-0.443	-0.479
1076.441	316.228	-0.441	-0.497
1076.640	318.270	-0.430	-0.462
1076.841	320.356	-0.446	-0.492
1077.041	322.393	-0.397	-0.463
1077.241	324.422	-0.441	-0.505
1077.441	326.461	-0.393	-0.472
1077.641	328.453	-0.420	-0.488
1077.840	330.486	-0.393	-0.475
1078.041	332.514	-0.420	-0.496
1078.241	334.516	-0.400	-0.485
1078.441	336.542	-0.410	-0.486
1078.641	338.586	-0.370	-0.466
1078.841	340.742	-0.390	-0.478
1079.041	342.832	-0.361	-0.472
1079.241	344.832	-0.375	-0.482
1079.440	346.811	-0.340	-0.480
1079.641	348.798	-0.372	-0.513
1079.841	350.781	-0.338	-0.471
1080.041	352.999	-0.349	-0.488
1080.241	354.920	-0.317	-0.464
1080.441	356.898	-0.339	-0.490
1080.641	358.986	-0.307	-0.480
1080.840	361.055	-0.309	-0.464
1081.041	363.004	-0.298	-0.485
1081.241	365.131	-0.299	-0.487
1081.441	367.231	-0.290	-0.475
1081.641	369.155	-0.296	-0.492
1081.841	371.257	-0.281	-0.475
1082.041	373.192	-0.286	-0.507
1082.241	375.209	-0.264	-0.470
1082.440	377.303	-0.265	-0.499
1082.641	379.367	-0.253	-0.474
1082.841	381.371	-0.259	-0.509
1083.041	383.362	-0.234	-0.474
1083.241	385.443	-0.243	-0.505
1083.441	387.453	-0.227	-0.488
1083.641	389.587	-0.213	-0.511
1083.841	390.866	-0.203	-0.498
1084.041	391.474	-0.186	-0.499
1084.141	391.507	-0.150	-0.452
1345.141	0.000	-4.747	0.307
1345.341	0.149	-4.743	0.323
1345.441	0.540	-4.766	0.300
1345.641	1.858	-4.756	0.297
1345.841	3.796	-4.747	0.325
1345.941	4.887	-4.745	0.285
1346.141	6.990	-4.762	0.290
1346.341	8.978	-4.740	0.308
1346.541	10.934	-4.743	0.283
1346.741	13.017	-4.742	0.296
1346.941	14.984	-4.749	0.269
1347.041	16.133	-4.746	0.273
1347.241	18.143	-4.745	0.278
1347.441	20.123	-4.748	0.275
1347.641	22.127	-4.737	0.273
1347.841	24.112	-4.736	0.284
1348.041	26.264	-4.729	0.285
1348.241	28.347	-4.751	0.273
1348.441	30.281	-4.745	0.274
1348.641	32.289	-4.745	0.276
1348.841	34.340	-4.751	0.273
1348.941	35.471	-4.745	0.269
1349.141	37.375	-4.729	0.272
1349.241	38.432	-1.862	-0.051
1349.441	40.416	-1.624	-0.113
1349.541	41.502	-1.592	-0.073
1349.741	43.568	-1.653	-0.172
1349.941	45.487	-1.625	-0.142
1350.041	46.616	-1.610	-0.134
1350.241	48.620	-1.625	-0.151
1350.441	50.675	-1.590	-0.172
1350.641	52.755	-1.580	-0.198
1350.841	54.737	-1.529	-0.201
1351.040	56.824	-1.507	-0.190
1351.241	58.765	-1.481	-0.225
1351.441	60.767	-1.449	-0.228
1351.641	62.802	-1.425	-0.238
1351.841	64.875	-1.400	-0.260
1352.041	66.873	-1.383	-0.262
1352.241	68.899	-1.373	-0.267
1352.441	70.910	-1.367	-0.273
1352.541	72.027	-1.401	-0.273
1352.741	74.083	-1.346	-0.278
1352.941	76.080	-1.337	-0.285
1353.141	78.224	-1.324	-0.291
1353.341	80.110	-1.320	-0.286
1353.541	82.219	-1.307	-0.316
1353.741	84.267	-1.301	-0.324
1353.941	86.292	-1.294	-0.222
1354.141	88.316	-1.290	-0.257
1354.341	90.309	-1.254	-0.229
1354.541	92.346	-1.275	-0.260
1354.741	94.349	-1.244	-0.240
1354.941	96.460	-1.259	-0.266
1355.141	98.396	-1.220	-0.248
1355.341	100.502	-1.229	-0.263
1355.541	102.557	-1.217	-0.277
1355.741	104.625	-1.218	-0.284
1355.941	106.587	-1.191	-0.274
1356.141	108.552	-1.183	-0.284
1356.341	110.596	-1.164	-0.297
1356.541	112.737	-1.167	-0.303
1356.740	114.723	-1.131	-0.307
1356.940	116.701	-1.159	-0.322
1357.040	117.812	-1.152	-0.354
1357.240	119.931	-1.105	-0.307
1357.440	121.786	-1.109	-0.317
1357.540	122.951	-1.105	-0.350
1357.741	124.875	-1.110	-0.326
1357.941	126.886	-1.094	-0.335
1358.141	129.097	-1.086	-0.326
1358.341	131.005	-1.082	-0.354
1358.541	132.994	-1.068	-0.343
1358.641	134.148	-1.053	-0.349
1358.841	136.015	-1.053	-0.364
1358.941	137.136	-1.028	-0.324
1359.141	139.182	-1.037	-0.345
1359.341	141.192	-1.047	-0.373
1359.541	143.189	-1.017	-0.350
1359.741	145.219	-1.027	-0.368
1359.941	147.261	-1.008	-0.353
1360.141	149.259	-1.012	-0.373
1360.341	151.463	-0.977	-0.341
1360.440	152.464	-0.986	-0.401
1360.641	154.467	-0.995	-0.355
1360.841	156.397	-0.980	-0.364
1361.041	158.390	-0.971	-0.356
1361.141	159.560	-0.940	-0.344
1361.341	161.577	-0.956	-0.379
1361.541	163.479	-0.955	-0.368
1361.741	165.552	-0.946	-0.384
1361.941	167.560	-0.925	-0.352
1362.041	168.658	-0.925	-0.366
1362.241	170.624	-0.933	-0.390
1362.441	172.708	-0.917	-0.371
1362.641	174.757	-0.917	-0.390
1362.841	176.766	-0.905	-0.375
1363.041	178.895	-0.900	-0.397
1363.241	180.904	-0.877	-0.370
1363.441	182.922	-0.882	-0.379
1363.640	184.898	-0.852	-0.364
1363.841	186.878	-0.873	-0.388
1364.041	188.920	-0.836	-0.371
1364.241	190.986	-0.847	-0.386
1364.441	193.058	-0.837	-0.379
1364.641	195.076	-0.835	-0.385
1364.841	197.085	-0.808	-0.372
1365.041	199.105	-0.832	-0.405
1365.241	201.248	-0.800	-0.371
1365.441	203.344	-0.811	-0.392
1365.641	205.181	-0.763	-0.372
1365.741	206.306	-0.831	-0.432
1365.941	208.392	-0.785	-0.400
1366.141	210.387	-0.765	-0.380
1366.341	212.357	-0.760	-0.385
1366.541	214.436	-0.758	-0.394
1366.741	216.459	-0.752	-0.382
1366.941	218.438	-0.751	-0.402
1367.141	220.585	-0.756	-0.401
1367.341	222.528	-0.736	-0.415
1367.541	224.533	-0.725	-0.403
1367.741	226.624	-0.716	-0.409
1367.941	228.628	-0.717	-0.400
1368.141	230.761	-0.709	-0.413
1368.341	232.705	-0.695	-0.405
1368.541	234.782	-0.679	-0.406
1368.741	236.713	-0.682	-0.414
1368.841	237.801	-0.687	-0.444
1369.041	239.772	-0.692	-0.415
1369.241	241.854	-0.650	-0.408
1369.441	243.902	-0.658	-0.419
1369.641	245.994	-0.667	-0.427
1369.840	247.961	-0.638	-0.417
1370.041	250.087	-0.643	-0.429
1370.241	252.070	-0.641	-0.446
1370.441	254.206	-0.625	-0.415
1370.641	256.047	-0.633	-0.433
1370.841	258.192	-0.616	-0.410
1371.041	260.219	-0.621	-0.440
1371.241	262.200	-0.595	-0.421
1371.440	264.365	-0.592	-0.437
1371.641	266.250	-0.587	-0.427
1371.841	268.373	-0.588	-0.452
1372.041	270.389	-0.576	-0.428
1372.241	272.398	-0.566	-0.445
1372.441	274.375	-0.574	-0.441
1372.641	276.415	-0.577	-0.466
1372.841	278.617	-0.553	-0.431
1373.041	280.565	-0.549	-0.464
1373.241	282.526	-0.523	-0.436
1373.441	284.616	-0.536	-0.480
1373.641	286.677	-0.513	-0.430
1373.841	288.660	-0.529	-0.477
1374.041	290.763	-0.489	-0.445
1374.241	292.707	-0.511	-0.470
1374.441	294.756	-0.490	-0.460
1374.641	296.758	-0.502	-0.469
1374.841	298.877	-0.484	-0.464
1375.041	300.826	-0.481	-0.463
1375.241	302.962	-0.452	-0.452
1375.441	304.932	-0.486	-0.473
1375.641	306.909	-0.457	-0.472
1375.841	309.034	-0.450	-0.477
1376.041	310.999	-0.443	-0.481
1376.140	312.106	-0.463	-0.483
1376.341	314.105	-0.454	-0.499
1376.541	316.218	-0.409	-0.467
1376.741	318.228	-0.447	-0.483
1376.941	320.204	-0.411	-0.480
1377.141	322.272	-0.445	-0.507
1377.341	324.231	-0.401	-0.481
1377.441	325.372	-0.415	-0.479
1377.641	327.258	-0.410	-0.490
1377.741	328.375	-0.395	-0.515
1377.941	330.356	-0.405	-0.490
1378.141	332.360	-0.382	-0.497
1378.341	334.490	-0.390	-0.498
1378.541	336.595	-0.361	-0.501
1378.741	338.585	-0.375	-0.503
1378.941	340.518	-0.345	-0.484
1379.141	342.573	-0.373	-0.514
1379.341	344.647	-0.335	-0.500
1379.541	346.694	-0.355	-0.516
1379.741	348.611	-0.331	-0.485
1379.841	349.699	-0.313	-0.486
1380.041	351.708	-0.350	-0.516
1380.241	353.761	-0.311	-0.502
1380.441	355.781	-0.336	-0.502
1380.641	357.896	-0.306	-0.513
1380.841	359.878	-0.320	-0.500
1381.041	361.882	-0.293	-0.509
1381.241	363.946	-0.295	-0.493
1381.441	366.061	-0.289	-0.511
1381.641	368.073	-0.288	-0.501
1381.841	370.009	-0.269	-0.498
1382.041	372.080	-0.271	-0.498
1382.241	374.138	-0.273	-0.518
1382.441	376.111	-0.259	-0.490
1382.641	378.108	-0.262	-0.494
1382.741	379.234	-0.250	-0.489
1382.941	381.360	-0.245	-0.487
1383.141	383.215	-0.242	-0.518
1383.341	385.290	-0.229	-0.488
1383.541	387.378	-0.224	-0.500
1383.741	389.332	-0.226	-0.494
1383.941	390.879	-0.206	-0.512
1384.141	391.462	-0.180	-0.478
1384.341	391.507	-0.189	-0.503
1645.241	0.000	-4.754	0.272
1645.441	0.177	-4.764	0.293
1645.641	1.091	-4.734	0.303
1645.841	2.760	-4.754	0.295
1645.941	3.872	-4.729	0.336
1646.141	5.936	-4.739	0.310
1646.341	7.900	-4.771	0.306
1646.541	10.045	-4.745	0.307
1646.741	11.927	-4.762	0.307
1646.841	13.037	-4.728	0.325
1647.041	15.046	-4.759	0.299
1647.241	17.029	-4.740	0.302
1647.441	19.184	-4.782	0.291
1647.641	21.171	-4.752	0.306
1647.841	23.129	-4.764	0.292
1648.041	25.336	-4.749	0.305
1648.241	27.298	-4.775	0.290
1648.441	29.241	-4.749	0.308
1648.641	31.374	-4.774	0.281
1648.841	33.408	-4.771	0.278
1649.041	35.425	-4.776	0.270
1649.241	37.407	-4.732	0.263
1649.441	39.480	-1.626	-0.056
1649.641	41.487	-1.647	-0.102
1649.841	43.491	-1.625	-0.140
1649.941	44.655	-1.616	-0.117
1650.141	46.593	-1.624	-0.164
1650.341	48.542	-1.600	-0.156
1650.541	50.640	-1.579	-0.165
1650.741	52.654	-1.553	-0.192
1650.941	54.692	-1.537	-0.195
1651.141	56.739	-1.517	-0.195
1651.341	58.742	-1.469	-0.214
1651.541	60.763	-1.470	-0.214
1651.741	62.941	-1.425	-0.224
1651.941	64.892	-1.424	-0.226
1652.141	66.993	-1.396	-0.233
1652.341	69.005	-1.387	-0.233
1652.541	70.977	-1.387	-0.258
1652.741	73.065	-1.362	-0.236
1652.941	75.057	-1.347	-0.261
1653.141	77.029	-1.343	-0.254
1653.341	79.127	-1.329	-0.265
1653.541	81.125	-1.310	-0.263
1653.741	83.296	-1.313	-0.267
1653.941	85.219	-1.314	-0.239
1654.141	87.380	-1.277	-0.195
1654.341	89.268	-1.276	-0.210
1654.541	91.269	-1.256	-0.206
1654.641	92.355	-1.271	-0.215
1654.841	94.325	-1.245	-0.220
1655.041	96.449	-1.236	-0.221
1655.241	98.458	-1.227	-0.226
1655.441	100.532	-1.236	-0.243
1655.641	102.490	-1.204	-0.239
1655.841	104.647	-1.209	-0.257
1656.041	106.640	-1.187	-0.252
1656.241	108.691	-1.195	-0.270
1656.441	110.711	-1.180	-0.256
1656.641	112.774	-1.167	-0.262
1656.841	114.750	-1.176	-0.287
1657.041	116.780	-1.167	-0.299
1657.241	118.827	-1.139	-0.293
1657.441	120.769	-1.155	-0.312
1657.641	122.922	-1.145	-0.317
1657.841	124.943	-1.131	-0.330
1658.041	126.974	-1.122	-0.310
1658.241	128.974	-1.113	-0.350
1658.441	131.005	-1.099	-0.329
1658.641	133.050	-1.087	-0.364
1658.841	135.055	-1.051	-0.339
1659.041	137.087	-1.066	-0.362
1659.241	139.128	-1.034	-0.347
1659.441	141.104	-1.037	-0.363
1659.641	143.293	-1.025	-0.358
1659.841	145.288	-1.031	-0.382
1660.041	147.208	-1.020	-0.349
1660.241	149.377	-0.987	-0.362
1660.441	151.450	-0.993	-0.350
1660.641	153.414	-0.990	-0.373
1660.841	155.382	-0.972	-0.339
1661.041	157.544	-0.985	-0.365
1661.241	159.464	-0.960	-0.340
1661.441	161.541	-0.969	-0.364
1661.641	163.514	-0.941	-0.338
1661.841	165.589	-0.967	-0.376
1662.041	167.640	-0.943	-0.345
1662.241	169.644	-0.953	-0.368
1662.441	171.720	-0.927	-0.363
1662.641	173.712	-0.937	-0.378
1662.841	175.779	-0.929	-0.374
1663.041	177.818	-0.928	-0.392
1663.241	179.828	-0.910	-0.386
1663.441	181.806	-0.916	-0.387
1663.641	183.939	-0.896	-0.395
1663.841	185.929	-0.900	-0.403
1664.041	188.092	-0.870	-0.382
1664.241	189.974	-0.889	-0.417
1664.441	191.962	-0.862	-0.393
1664.541	193.122	-0.848	-0.387
1664.741	195.018	-0.862	-0.431
1664.841	196.134	-0.847	-0.439
1665.041	198.181	-0.832	-0.414
1665.241	200.215	-0.823	-0.420
1665.441	202.211	-0.792	-0.398
1665.641	204.250	-0.795	-0.413
1665.841	206.260	-0.774	-0.420
1666.041	208.284	-0.784	-0.418
1666.241	210.290	-0.755	-0.394
1666.341	211.397	-0.791	-0.397
1666.541	213.401	-0.752	-0.394
1666.741	215.426	-0.756	-0.413
1666.941	217.411	-0.726	-0.389
1667.141	219.432	-0.754	-0.423
1667.341	221.607	-0.725	-0.396
1667.541	223.521	-0.736	-0.411
1667.741	225.618	-0.711	-0.400
1667.941	227.699	-0.727	-0.413
1668.141	229.727	-0.711	-0.413
1668.341	231.678	-0.706	-0.401
1668.541	233.843	-0.696	-0.412
1668.741	235.837	-0.698	-0.409
1668.941	237.840	-0.681	-0.405
1669.141	239.815	-0.691	-0.435
1669.341	241.966	-0.683	-0.433
1669.541	243.957	-0.679	-0.449
1669.741	246.070	-0.667	-0.433
1669.941	248.058	-0.649	-0.433
1670.141	250.020	-0.654	-0.441
1670.341	252.115	-0.652	-0.455
1670.541	254.095	-0.619	-0.428
1670.741	256.232	-0.615	-0.459
1670.941	258.106	-0.612	-0.458
1671.141	260.217	-0.598	-0.451
1671.341	262.252	-0.584	-0.452
1671.541	264.256	-0.569	-0.458
1671.741	266.243	-0.564	-0.442
1671.941	268.257	-0.556	-0.463
1672.041	269.415	-0.543	-0.425
1672.241	271.483	-0.546	-0.448
1672.441	273.383	-0.539	-0.427
1672.641	275.488	-0.532	-0.431
1672.841	277.503	-0.529	-0.440
1673.041	279.464	-0.521	-0.433
1673.141	280.546	-0.528	-0.446
1673.341	282.539	-0.504	-0.429
1673.541	284.593	-0.516	-0.449
1673.741	286.674	-0.507	-0.433
1673.941	288.635	-0.503	-0.445
1674.041	289.771	-0.514	-0.445
1674.241	291.776	-0.492	-0.441
1674.441	293.762	-0.500	-0.450
1674.641	295.734	-0.495	-0.466
1674.841	297.785	-0.494	-0.455
1675.041	299.865	-0.479	-0.444
1675.241	301.991	-0.494	-0.477
1675.441	303.973	-0.477	-0.450
1675.641	306.012	-0.479	-0.495
1675.841	307.942	-0.447	-0.454
1676.041	309.968	-0.468	-0.490
1676.141	311.124	-0.425	-0.475
1676.341	313.040	-0.459	-0.486
1676.541	315.051	-0.446	-0.477
1676.641	316.211	-0.404	-0.454
1676.841	318.240	-0.444	-0.497
1677.041	320.221	-0.408	-0.483
1677.241	322.246	-0.411	-0.499
1677.441	324.267	-0.387	-0.476
1677.641	326.258	-0.408	-0.490
1677.841	328.289	-0.362	-0.459
1678.041	330.335	-0.382	-0.482
1678.241	332.460	-0.361	-0.467
1678.441	334.524	-0.366	-0.480
1678.641	336.503	-0.351	-0.448
1678.841	338.490	-0.386	-0.485
1679.041	340.512	-0.344	-0.461
1679.241	342.557	-0.368	-0.480
1679.441	344.637	-0.351	-0.471
1679.641	346.716	-0.368	-0.480
1679.841	348.826	-0.350	-0.486
1680.041	350.791	-0.347	-0.474
1680.241	352.690	-0.330	-0.469
1680.441	354.842	-0.332	-0.486
1680.641	356.821	-0.328	-0.481
1680.841	358.846	-0.324	-0.490
1681.041	360.850	-0.312	-0.478
1681.241	362.862	-0.335	-0.505
1681.341	364.041	-0.323	-0.501
1681.541	366.033	-0.310	-0.502
1681.741	368.140	-0.301	-0.513
1681.941	369.989	-0.285	-0.497
1682.141	372.020	-0.311	-0.513
1682.241	373.180	-0.300	-0.525
1682.441	375.111	-0.275	-0.507
1682.641	377.143	-0.274	-0.510
1682.841	379.330	-0.253	-0.515
1683.041	381.205	-0.255	-0.503
1683.241	383.340	-0.242	-0.512
1683.441	385.357	-0.236	-0.505
1683.641	387.368	-0.224	-0.508
1683.841	389.320	-0.205	-0.488
1684.041	390.780	-0.204	-0.496
1684.241	391.457	-0.184	-0.482
1684.341	391.507	-0.190	-0.484
1945.341	0.000	-4.751	0.284
1945.541	0.079	-4.741	0.310
1945.741	0.837	-4.733	0.316
1945.841	1.622	-4.735	0.313
1946.041	3.445	-4.720	0.327
1946.241	5.517	-4.743	0.309
1946.441	7.582	-4.754	0.333
1946.641	9.651	-4.747	0.314
1946.841	11.571	-4.733	0.329
1946.941	12.695	-4.720	0.359
1947.141	14.641	-4.757	0.310
1947.341	16.746	-4.743	0.328
1947.542	18.710	-4.770	0.307
1947.742	20.774	-4.738	0.333
1947.942	22.801	-4.764	0.304
1948.142	24.805	-4.749	0.321
1948.342	26.910	-4.758	0.318
1948.541	28.908	-4.746	0.317
1948.741	30.916	-4.762	0.284
1948.841	32.002	-4.758	0.297
1949.041	34.046	-4.741	0.290
1949.241	35.954	-4.752	0.287
1949.441	38.149	-3.742	0.156
1949.641	40.092	-1.627	-0.082
1949.841	42.076	-1.617	-0.122
1950.041	44.189	-1.615	-0.127
1950.241	46.194	-1.625	-0.168
1950.441	48.360	-1.596	-0.174
1950.642	50.222	-1.565	-0.185
1950.741	51.328	-1.580	-0.173
1950.941	53.309	-1.519	-0.196
1951.141	55.306	-1.517	-0.205
1951.241	56.416	-1.505	-0.223
1951.441	58.502	-1.455	-0.217
1951.641	60.499	-1.456	-0.218
1951.841	62.452	-1.424	-0.238
1952.041	64.527	-1.401	-0.214
1952.241	66.490	-1.385	-0.237
1952.341	67.619	-1.394	-0.259
1952.541	69.684	-1.374	-0.258
1952.741	71.595	-1.387	-0.258
1952.941	73.723	-1.344	-0.231
1953.141	75.642	-1.358	-0.263
1953.341	77.844	-1.325	-0.253
1953.541	79.812	-1.343	-0.278
1953.741	81.769	-1.309	-0.265
1953.941	83.771	-1.331	-0.293
1954.041	84.893	-1.301	-0.222
1954.241	86.845	-1.289	-0.194
1954.441	88.867	-1.290	-0.212
1954.541	89.979	-1.297	-0.232
1954.741	92.067	-1.268	-0.227
1954.941	94.031	-1.247	-0.211
1955.141	96.010	-1.266	-0.240
1955.341	98.115	-1.236	-0.252
1955.541	100.169	-1.244	-0.271
1955.741	102.153	-1.205	-0.256
1955.941	104.207	-1.198	-0.293
1956.141	106.225	-1.193	-0.290
1956.341	108.290	-1.177	-0.299
1956.542	110.354	-1.160	-0.298
1956.741	112.357	-1.148	-0.309
1956.941	114.372	-1.143	-0.309
1957.141	116.406	-1.119	-0.309
1957.341	118.399	-1.096	-0.299
1957.541	120.412	-1.112	-0.318
1957.741	122.429	-1.095	-0.295
1957.841	123.544	-1.108	-0.340
1958.041	125.620	-1.079	-0.292
1958.241	127.577	-1.087	-0.297
1958.441	129.735	-1.094	-0.315
1958.641	131.708	-1.067	-0.301
1958.841	133.701	-1.077	-0.323
1959.041	135.702	-1.062	-0.321
1959.241	137.771	-1.072	-0.343
1959.441	139.785	-1.057	-0.342
1959.641	141.797	-1.057	-0.341
1959.841	143.862	-1.046	-0.348
1960.041	145.879	-1.038	-0.340
1960.241	147.960	-1.024	-0.344
1960.441	149.934	-1.022	-0.365
1960.641	151.969	-1.007	-0.351
1960.841	154.055	-1.001	-0.377
1961.041	156.122	-0.970	-0.353
1961.241	158.144	-1.008	-0.399
1961.441	160.074	-0.964	-0.364
1961.641	162.149	-0.977	-0.396
1961.841	164.218	-0.931	-0.375
1962.041	166.250	-0.951	-0.379
1962.241	168.320	-0.923	-0.374
1962.441	170.342	-0.924	-0.370
1962.641	172.386	-0.901	-0.360
1962.841	174.309	-0.909	-0.364
1962.941	175.427	-0.911	-0.388
1963.141	177.463	-0.899	-0.373
1963.341	179.488	-0.899	-0.359
1963.541	181.491	-0.890	-0.362
1963.741	183.529	-0.891	-0.362
1963.941	185.570	-0.886	-0.377
1964.141	187.562	-0.883	-0.378
1964.341	189.602	-0.862	-0.385
1964.541	191.638	-0.881	-0.388
1964.741	193.643	-0.853	-0.406
1964.941	195.839	-0.877	-0.404
1965.141	197.694	-0.852	-0.411
1965.241	198.830	-0.808	-0.366
1965.441	200.848	-0.822	-0.400
1965.641	202.827	-0.832	-0.417
1965.741	203.985	-0.853	-0.428
1965.941	205.965	-0.810	-0.426
1966.141	207.875	-0.783	-0.391
1966.341	209.909	-0.787	-0.429
1966.441	211.034	-0.809	-0.440
1966.641	213.004	-0.763	-0.409
1966.841	215.036	-0.750	-0.426
1967.041	217.111	-0.743	-0.398
1967.241	219.160	-0.746	-0.429
1967.441	221.192	-0.725	-0.407
1967.642	223.317	-0.733	-0.429
1967.841	225.227	-0.713	-0.402
1968.041	227.244	-0.714	-0.419
1968.241	229.392	-0.707	-0.392
1968.441	231.351	-0.720	-0.423
1968.641	233.373	-0.687	-0.398
1968.842	235.417	-0.709	-0.430
1969.042	237.482	-0.656	-0.387
1969.242	239.485	-0.692	-0.419
1969.442	241.516	-0.664	-0.411
1969.642	243.536	-0.696	-0.431
1969.842	245.531	-0.658	-0.427
1970.041	247.577	-0.678	-0.447
1970.241	249.603	-0.656	-0.451
1970.441	251.747	-0.649	-0.448
1970.641	253.841	-0.625	-0.462
1970.841	255.828	-0.636	-0.460
1971.041	257.796	-0.610	-0.448
1971.241	259.867	-0.598	-0.441
1971.441	261.837	-0.572	-0.450
1971.641	264.003	-0.587	-0.458
1971.841	265.910	-0.564	-0.435
1972.041	268.007	-0.564	-0.449
1972.241	270.013	-0.563	-0.445
1972.441	271.975	-0.555	-0.457
1972.641	274.187	-0.551	-0.441
1972.841	276.098	-0.528	-0.436
1973.042	278.062	-0.543	-0.431
1973.241	280.206	-0.534	-0.453
1973.441	282.256	-0.522	-0.414
1973.641	284.299	-0.517	-0.441
1973.841	286.293	-0.526	-0.430
1974.041	288.265	-0.534	-0.464
1974.241	290.360	-0.503	-0.427
1974.441	292.400	-0.521	-0.475
1974.641	294.376	-0.504	-0.451
1974.842	296.412	-0.510	-0.490
1975.041	298.417	-0.488	-0.450
1975.241	300.448	-0.489	-0.481
1975.441	302.507	-0.500	-0.480
1975.641	304.509	-0.466	-0.476
1975.841	306.707	-0.461	-0.460
1976.041	308.673	-0.453	-0.487
1976.241	310.624	-0.424	-0.464
1976.441	312.699	-0.436	-0.485
1976.642	314.685	-0.406	-0.461
1976.741	315.822	-0.421	-0.460
1976.941	317.839	-0.420	-0.485
1977.141	319.805	-0.386	-0.442
1977.342	321.826	-0.411	-0.472
1977.541	324.012	-0.385	-0.453
1977.741	325.988	-0.435	-0.480
1977.941	327.960	-0.387	-0.456
1978.141	330.063	-0.408	-0.465
1978.341	332.098	-0.393	-0.462
1978.541	334.021	-0.391	-0.466
1978.641	335.158	-0.371	-0.462
1978.841	337.180	-0.390	-0.479
1979.042	339.229	-0.391	-0.476
1979.241	341.231	-0.377	-0.487
1979.441	343.289	-0.384	-0.479
1979.641	345.364	-0.353	-0.497
1979.842	347.298	-0.373	-0.482
1980.041	349.343	-0.342	-0.486
1980.241	351.356	-0.357	-0.494
1980.441	353.449	-0.319	-0.502
1980.641	355.571	-0.335	-0.505
1980.841	357.428	-0.306	-0.497
1980.941	358.598	-0.322	-0.487
1981.141	360.515	-0.302	-0.495
1981.341	362.597	-0.301	-0.504
1981.541	364.673	-0.282	-0.490
1981.741	366.578	-0.268	-0.501
1981.841	367.691	-0.300	-0.504
1982.041	369.726	-0.279	-0.496
1982.242	371.742	-0.267	-0.482
1982.441	373.718	-0.263	-0.471
1982.641	375.758	-0.265	-0.473
1982.841	377.782	-0.267	-0.476
1983.042	379.788	-0.259	-0.478
1983.241	382.014	-0.263	-0.475
1983.441	384.011	-0.267	-0.487
1983.641	385.961	-0.263	-0.489
1983.841	388.023	-0.263	-0.496
1984.041	389.902	-0.233	-0.500
1984.241	391.089	-0.221	-0.495
1984.441	391.507	-0.221	-0.509
2245.642	0.001	-4.746	0.301
2245.841	0.331	-4.743	0.296
2246.041	1.496	-4.732	0.301
2246.242	3.459	-4.735	0.306
2246.441	5.460	-4.767	0.307
2246.642	7.462	-4.744	0.296
2246.841	9.449	-4.752	0.316
2247.041	11.463	-4.756	0.287
2247.141	12.608	-4.763	0.297
2247.341	14.673	-4.775	0.295
2247.541	16.568	-4.776	0.284
2247.641	17.678	-4.755	0.305
2247.842	19.700	-4.764	0.279
2248.042	21.667	-4.775	0.276
2248.141	22.824	-4.770	0.264
2248.342	24.820	-4.765	0.281
2248.541	26.744	-4.767	0.283
2248.741	28.900	-4.750	0.282
2248.942	30.862	-4.755	0.280
2249.141	32.888	-4.746	0.271
2249.342	34.998	-4.747	0.282
2249.542	36.947	-4.751	0.248
2249.742	39.003	-2.447	0.040
2249.942	41.005	-1.626	-0.111
2250.041	42.100	-1.593	-0.115
2250.241	44.036	-1.603	-0.148
2250.341	45.140	-1.606	-0.137
2250.541	47.116	-1.576	-0.146
2250.641	48.229	-1.563	-0.159
2250.842	50.192	-1.563	-0.182
2251.042	52.292	-1.527	-0.179
2251.242	54.310	-1.526	-0.196
2251.442	56.283	-1.498	-0.202
2251.642	58.359	-1.491	-0.219
2251.841	60.342	-1.453	-0.196
2251.941	61.486	-1.443	-0.247
2252.141	63.361	-1.434	-0.229
2252.241	64.473	-1.409	-0.228
2252.442	66.520	-1.412	-0.262
2252.642	68.540	-1.379	-0.238
2252.842	70.553	-1.387	-0.264
2253.042	72.581	-1.357	-0.260
2253.242	74.625	-1.359	-0.296
2253.442	76.609	-1.328	-0.286
2253.641	78.609	-1.325	-0.299
2253.741	79.699	-1.284	-0.294
2253.942	81.651	-1.289	-0.302
2254.142	83.729	-1.292	-0.299
2254.342	85.732	-1.284	-0.276
2254.441	86.879	-1.253	-0.220
2254.642	88.907	-1.247	-0.233
2254.842	90.898	-1.238	-0.247
2255.042	92.853	-1.230	-0.241
2255.241	95.040	-1.226	-0.263
2255.442	97.005	-1.196	-0.236
2255.642	99.033	-1.221	-0.263
2255.842	101.125	-1.179	-0.245
2256.042	103.170	-1.205	-0.272
2256.241	105.091	-1.169	-0.259
2256.442	107.197	-1.173	-0.278
2256.642	109.241	-1.175	-0.292
2256.841	111.163	-1.182	-0.306
2257.042	113.193	-1.148	-0.304
2257.242	115.251	-1.157	-0.322
2257.442	117.316	-1.130	-0.322
2257.642	119.339	-1.143	-0.333
2257.842	121.388	-1.102	-0.335
2258.042	123.418	-1.132	-0.352
2258.242	125.425	-1.091	-0.334
2258.441	127.469	-1.080	-0.340
2258.641	129.495	-1.061	-0.334
2258.842	131.492	-1.060	-0.322
2259.042	133.728	-1.042	-0.328
2259.242	135.725	-1.039	-0.332
2259.442	137.671	-1.047	-0.323
2259.642	139.750	-1.053	-0.334
2259.842	141.752	-1.045	-0.321
2260.041	143.732	-1.026	-0.331
2260.242	145.736	-1.046	-0.347
2260.341	146.844	-1.034	-0.357
2260.542	148.914	-1.017	-0.338
2260.741	150.872	-1.025	-0.358
2260.842	151.952	-1.038	-0.366
2261.042	153.909	-0.999	-0.345
2261.242	156.014	-1.015	-0.376
2261.442	157.971	-0.979	-0.362
2261.642	160.043	-0.995	-0.385
2261.842	162.143	-0.966	-0.364
2262.042	164.066	-0.971	-0.396
2262.141	165.214	-0.955	-0.374
2262.342	167.206	-0.939	-0.375
2262.542	169.206	-0.918	-0.379
2262.742	171.229	-0.925	-0.376
2262.942	173.276	-0.908	-0.378
2263.141	175.280	-0.907	-0.351
2263.342	177.399	-0.913	-0.366
2263.542	179.418	-0.881	-0.359
2263.742	181.404	-0.900	-0.369
2263.942	183.506	-0.885	-0.370
2264.142	185.490	-0.896	-0.369
2264.342	187.645	-0.862	-0.365
2264.542	189.520	-0.885	-0.380
2264.742	191.633	-0.868	-0.406
2264.941	193.662	-0.871	-0.393
2265.142	195.667	-0.857	-0.417
2265.342	197.635	-0.855	-0.415
2265.542	199.659	-0.821	-0.427
2265.742	201.841	-0.826	-0.425
2265.942	203.778	-0.789	-0.420
2266.141	205.854	-0.800	-0.418
2266.342	207.787	-0.777	-0.399
2266.441	208.980	-0.754	-0.397
2266.642	210.881	-0.762	-0.402
2266.741	212.009	-0.767	-0.407
2266.942	213.934	-0.757	-0.393
2267.142	216.026	-0.748	-0.408
2267.342	218.104	-0.738	-0.382
2267.542	220.067	-0.748	-0.409
2267.741	222.201	-0.733	-0.398
2267.942	224.145	-0.745	-0.402
2268.142	226.197	-0.735	-0.427
2268.342	228.275	-0.723	-0.412
2268.542	230.275	-0.730	-0.431
2268.742	232.225	-0.702	-0.400
2268.942	234.329	-0.716	-0.434
2269.141	236.353	-0.684	-0.434
2269.342	238.326	-0.690	-0.449
2269.542	240.402	-0.651	-0.432
2269.742	242.400	-0.671	-0.456
2269.942	244.440	-0.641	-0.445
2270.142	246.483	-0.646	-0.446
2270.342	248.610	-0.616	-0.434
2270.542	250.695	-0.631	-0.441
2270.742	252.690	-0.600	-0.422
2270.942	254.643	-0.611	-0.425
2271.141	256.734	-0.583	-0.408
2271.342	258.701	-0.623	-0.421
2271.542	260.854	-0.587	-0.419
2271.742	262.727	-0.616	-0.418
2271.942	264.874	-0.588	-0.432
2272.142	266.881	-0.605	-0.437
2272.341	268.927	-0.585	-0.438
2272.542	271.025	-0.565	-0.439
2272.742	272.890	-0.580	-0.453
2272.841	274.000	-0.564	-0.461
2273.042	276.002	-0.548	-0.434
2273.241	278.006	-0.556	-0.466
2273.442	280.111	-0.542	-0.463
2273.642	282.065	-0.536	-0.477
2273.841	284.197	-0.515	-0.454
2274.042	286.197	-0.505	-0.464
2274.242	288.182	-0.510	-0.448
2274.442	290.267	-0.495	-0.456
2274.642	292.312	-0.476	-0.437
2274.842	294.333	-0.484	-0.446
2275.042	296.451	-0.475	-0.433
2275.242	298.357	-0.500	-0.455
2275.441	300.418	-0.477	-0.440
2275.642	302.422	-0.483	-0.455
2275.842	304.474	-0.474	-0.461
2276.042	306.492	-0.483	-0.473
2276.242	308.548	-0.469	-0.472
2276.441	310.620	-0.474	-0.476
2276.641	312.625	-0.472	-0.490
2276.842	314.642	-0.440	-0.470
2277.042	316.687	-0.450	-0.485
2277.242	318.691	-0.414	-0.482
2277.441	320.731	-0.412	-0.477
2277.642	322.771	-0.399	-0.474
2277.842	324.771	-0.405	-0.461
2278.042	326.829	-0.386	-0.483
2278.242	328.874	-0.394	-0.474
2278.442	331.009	-0.367	-0.458
2278.641	332.938	-0.386	-0.451
2278.741	334.042	-0.386	-0.484
2278.942	336.032	-0.391	-0.476
2279.142	338.047	-0.363	-0.455
2279.342	340.041	-0.380	-0.465
2279.541	342.201	-0.385	-0.470
2279.741	344.181	-0.380	-0.486
2279.942	346.208	-0.375	-0.481
2280.142	348.229	-0.356	-0.479
2280.342	350.214	-0.361	-0.483
2280.542	352.383	-0.344	-0.501
2280.742	354.311	-0.337	-0.477
2280.942	356.503	-0.335	-0.528
2281.142	358.423	-0.313	-0.490
2281.342	360.515	-0.313	-0.516
2281.542	362.573	-0.291	-0.478
2281.741	364.459	-0.318	-0.509
2281.942	366.478	-0.284	-0.476
2282.142	368.547	-0.292	-0.489
2282.342	370.639	-0.283	-0.473
2282.542	372.674	-0.290	-0.495
2282.742	374.729	-0.274	-0.470
2282.942	376.773	-0.283	-0.484
2283.142	378.777	-0.277	-0.483
2283.342	380.808	-0.296	-0.505
2283.542	382.849	-0.264	-0.493
2283.741	384.839	-0.282	-0.510
2283.942	386.908	-0.261	-0.518
2284.142	388.949	-0.256	-0.520
2284.342	390.560	-0.235	-0.520
2284.542	391.394	-0.220	-0.509
2284.742	391.507	-0.192	-0.516
2545.642	0.000	-4.742	0.273
2545.842	0.030	-4.747	0.277
2546.042	0.603	-4.770	0.276
2546.242	2.070	-4.770	0.256
2546.442	3.899	-4.753	0.282
2546.542	4.986	-4.767	0.287
2546.742	6.956	-4.763	0.267
2546.942	9.125	-4.778	0.281
2547.142	11.158	-4.780	0.254
2547.342	13.141	-4.768	0.267
2547.542	15.095	-4.793	0.242
2547.642	16.270	-4.744	0.287
2547.842	18.268	-4.774	0.254
2548.042	20.276	-4.766	0.256
2548.242	22.244	-4.781	0.242
2548.442	24.386	-4.758	0.271
2548.642	26.433	-4.757	0.264
2548.842	28.352	-4.757	0.264
2549.042	30.366	-4.768	0.251
2549.142	31.526	-4.737	0.278
2549.342	33.532	-4.748	0.279
2549.542	35.511	-4.768	0.244
2549.742	37.536	-4.585	0.249
2549.941	39.557	-1.642	-0.089
2550.142	41.542	-1.620	-0.102
2550.342	43.569	-1.633	-0.127
2550.542	45.773	-1.617	-0.135
2550.742	47.722	-1.602	-0.157
2550.942	49.790	-1.577	-0.154
2551.142	51.763	-1.572	-0.176
2551.242	52.881	-1.550	-0.194
2551.441	54.757	-1.508	-0.213
2551.542	55.854	-1.498	-0.197
2551.742	57.822	-1.477	-0.197
2551.941	59.959	-1.474	-0.242
2552.142	61.908	-1.426	-0.202
2552.342	64.029	-1.427	-0.242
2552.542	66.120	-1.398	-0.219
2552.742	68.085	-1.395	-0.248
2552.942	70.028	-1.370	-0.230
2553.142	72.263	-1.367	-0.242
2553.342	74.192	-1.352	-0.258
2553.542	76.139	-1.339	-0.286
2553.742	78.291	-1.314	-0.270
2553.942	80.293	-1.312	-0.308
2554.142	82.258	-1.298	-0.293
2554.342	84.307	-1.312	-0.339
2554.542	86.390	-1.282	-0.239
2554.742	88.427	-1.272	-0.254
2554.942	90.441	-1.252	-0.250
2555.142	92.397	-1.246	-0.262
2555.342	94.528	-1.228	-0.267
2555.542	96.534	-1.219	-0.276
2555.742	98.508	-1.214	-0.276
2555.942	100.592	-1.174	-0.290
2556.141	102.572	-1.167	-0.270
2556.242	103.712	-1.170	-0.305
2556.442	105.749	-1.158	-0.280
2556.642	107.731	-1.144	-0.272
2556.842	109.749	-1.139	-0.274
2557.041	111.737	-1.149	-0.267
2557.142	112.848	-1.182	-0.316
2557.342	114.933	-1.137	-0.278
2557.542	116.883	-1.149	-0.294
2557.741	118.968	-1.121	-0.309
2557.942	121.015	-1.130	-0.315
2558.142	122.946	-1.119	-0.310
2558.342	124.997	-1.115	-0.322
2558.541	127.076	-1.120	-0.339
2558.741	129.008	-1.107	-0.342
2558.941	131.099	-1.086	-0.340
2559.041	132.207	-1.066	-0.325
2559.241	134.190	-1.076	-0.348
2559.441	136.258	-1.044	-0.345
2559.642	138.251	-1.057	-0.347
2559.842	140.227	-1.022	-0.331
2559.942	141.382	-1.082	-0.365
2560.142	143.359	-1.043	-0.337
2560.342	145.364	-1.010	-0.327
2560.542	147.549	-1.029	-0.339
2560.742	149.370	-1.000	-0.340
2560.942	151.535	-1.039	-0.368
2561.141	153.437	-0.996	-0.364
2561.242	154.549	-1.038	-0.360
2561.442	156.589	-1.014	-0.359
2561.642	158.634	-1.008	-0.391
2561.842	160.634	-0.977	-0.371
2562.042	162.662	-0.969	-0.395
2562.242	164.662	-0.966	-0.373
2562.441	166.767	-0.950	-0.403
2562.641	168.843	-0.925	-0.374
2562.842	170.834	-0.927	-0.389
2563.042	172.782	-0.903	-0.366
2563.242	174.873	-0.913	-0.377
2563.442	176.873	-0.897	-0.350
2563.642	179.063	-0.898	-0.363
2563.842	180.908	-0.879	-0.358
2564.041	183.029	-0.901	-0.371
2564.242	185.072	-0.881	-0.362
2564.442	187.037	-0.894	-0.398
2564.542	188.170	-0.913	-0.395
2564.742	190.168	-0.874	-0.388
2564.942	192.151	-0.880	-0.410
2565.141	194.153	-0.828	-0.386
2565.342	196.260	-0.861	-0.417
2565.541	198.334	-0.812	-0.402
2565.742	200.308	-0.834	-0.429
2565.942	202.366	-0.796	-0.414
2566.142	204.469	-0.812	-0.410
2566.342	206.417	-0.779	-0.412
2566.542	208.406	-0.777	-0.392
2566.742	210.526	-0.757	-0.395
2566.942	212.519	-0.772	-0.382
2567.141	214.636	-0.765	-0.393
2567.342	216.618	-0.780	-0.407
2567.542	218.640	-0.779	-0.409
2567.742	220.657	-0.769	-0.426
2567.942	222.720	-0.748	-0.401
2568.142	224.743	-0.757	-0.447
2568.342	226.757	-0.725	-0.427
2568.542	228.793	-0.728	-0.446
2568.742	230.796	-0.711	-0.436
2568.942	232.811	-0.695	-0.444
2569.142	234.847	-0.675	-0.424
2569.342	236.983	-0.669	-0.441
2569.542	239.071	-0.648	-0.402
2569.742	240.910	-0.653	-0.421
2569.842	242.038	-0.635	-0.422
2570.042	244.142	-0.660	-0.414
2570.241	246.124	-0.633	-0.398
2570.442	248.113	-0.645	-0.417
2570.642	250.217	-0.658	-0.436
2570.842	252.104	-0.618	-0.413
2571.042	254.173	-0.647	-0.437
2571.241	256.290	-0.621	-0.417
2571.442	258.243	-0.643	-0.453
2571.642	260.372	-0.601	-0.437
2571.842	262.413	-0.620	-0.457
2572.042	264.398	-0.588	-0.464
2572.242	266.398	-0.591	-0.447
2572.442	268.578	-0.561	-0.452
2572.642	270.421	-0.559	-0.439
2572.842	272.573	-0.546	-0.437
2573.042	274.575	-0.560	-0.451
2573.241	276.592	-0.519	-0.414
2573.441	278.720	-0.551	-0.438
2573.642	280.702	-0.535	-0.431
2573.842	282.729	-0.546	-0.438
2574.042	284.803	-0.525	-0.434
2574.242	286.738	-0.546	-0.452
2574.442	288.752	-0.536	-0.450
2574.542	289.915	-0.544	-0.461
2574.742	291.810	-0.520	-0.453
2574.942	293.820	-0.515	-0.475
2575.042	294.988	-0.532	-0.482
2575.242	296.887	-0.486	-0.463
2575.442	299.014	-0.487	-0.479
2575.642	301.057	-0.451	-0.450
2575.842	302.967	-0.473	-0.489
2576.042	305.100	-0.431	-0.436
2576.242	307.140	-0.457	-0.456
2576.442	309.085	-0.437	-0.456
2576.642	311.284	-0.451	-0.457
2576.841	313.257	-0.452	-0.450
2577.042	315.242	-0.449	-0.441
2577.242	317.246	-0.440	-0.451
2577.442	319.401	-0.453	-0.454
2577.642	321.376	-0.433	-0.453
2577.841	323.381	-0.422	-0.474
2578.042	325.454	-0.429	-0.460
2578.242	327.398	-0.420	-0.486
2578.442	329.423	-0.405	-0.472
2578.642	331.549	-0.407	-0.492
2578.842	333.602	-0.392	-0.486
2579.042	335.559	-0.387	-0.496
2579.242	337.678	-0.370	-0.474
2579.442	339.720	-0.361	-0.474
2579.642	341.636	-0.366	-0.458
2579.841	343.841	-0.347	-0.469
2580.042	345.850	-0.359	-0.452
2580.242	347.815	-0.368	-0.483
2580.442	349.948	-0.354	-0.445
2580.642	351.953	-0.361	-0.492
2580.842	353.917	-0.340	-0.455
2581.042	356.004	-0.360	-0.505
2581.242	358.003	-0.336	-0.484
2581.442	359.937	-0.347	-0.510
2581.642	362.031	-0.310	-0.492
2581.842	364.003	-0.314	-0.513
2581.941	365.162	-0.297	-0.487
2582.142	367.175	-0.263	-0.482
2582.342	369.174	-0.286	-0.500
2582.542	371.164	-0.264	-0.493
2582.742	373.357	-0.289	-0.491
2582.942	375.320	-0.280	-0.475
2583.142	377.309	-0.298	-0.490
2583.342	379.269	-0.270	-0.491
2583.542	381.467	-0.289	-0.490
2583.742	383.441	-0.256	-0.474
2583.941	385.357	-0.275	-0.497
2584.142	387.485	-0.248	-0.493
2584.342	389.515	-0.258	-0.505
2584.542	390.880	-0.228	-0.499
2584.742	391.481	-0.219	-0.502
2584.942	391.506	-0.228	-0.522
2845.742	0.001	-4.766	0.214
2845.942	0.404	-4.761	0.224
2846.142	1.541	-4.777	0.218
2846.342	3.501	-4.757	0.227
2846.542	5.480	-4.765	0.224
2846.642	6.628	-4.781	0.199
2846.842	8.527	-4.744	0.251
2847.042	10.664	-4.762	0.224
2847.242	12.681	-4.743	0.263
2847.442	14.697	-4.765	0.243
2847.642	16.678	-4.773	0.236
2847.842	18.698	-4.777	0.229
2848.042	20.888	-4.772	0.230
2848.242	22.854	-4.785	0.214
2848.442	24.947	-4.757	0.216
2848.642	26.906	-4.777	0.218
2848.842	29.026	-4.760	0.216
2849.042	31.059	-4.749	0.207
2849.242	32.995	-4.738	0.227
2849.442	34.988	-4.762	0.226
2849.642	37.098	-4.735	0.227
2849.842	39.185	-2.230	-0.047
2850.042	41.087	-1.603	-0.143
2850.142	42.228	-1.629	-0.172
2850.342	44.234	-1.614	-0.173
2850.542	46.297	-1.584	-0.178
2850.742	48.342	-1.572	-0.191
2850.942	50.267	-1.552	-0.210
2851.142	52.350	-1.537	-0.231
2851.342	54.395	-1.509	-0.230
2851.542	56.398	-1.487	-0.224
2851.742	58.434	-1.470	-0.258
2851.942	60.455	-1.456	-0.268
2852.142	62.520	-1.432	-0.252
2852.342	64.547	-1.406	-0.256
2852.542	66.562	-1.383	-0.265
2852.742	68.728	-1.392	-0.262
2852.942	70.650	-1.369	-0.269
2853.142	72.635	-1.364	-0.273
2853.242	73.780	-1.329	-0.287
2853.442	75.788	-1.353	-0.302
2853.642	77.760	-1.327	-0.287
2853.842	79.776	-1.323	-0.323
2854.042	81.783	-1.301	-0.322
2854.242	83.903	-1.304	-0.351
2854.442	85.989	-1.263	-0.260
2854.642	87.979	-1.271	-0.253
2854.842	89.919	-1.229	-0.250
2855.042	92.001	-1.229	-0.256
2855.242	93.994	-1.197	-0.255
2855.442	96.150	-1.196	-0.253
2855.642	98.098	-1.208	-0.254
2855.842	100.251	-1.191	-0.258
2856.042	102.113	-1.195	-0.255
2856.242	104.219	-1.185	-0.285
2856.442	106.376	-1.180	-0.275
2856.642	108.361	-1.173	-0.311
2856.842	110.262	-1.148	-0.285
2857.042	112.406	-1.161	-0.337
2857.242	114.331	-1.134	-0.313
2857.342	115.478	-1.121	-0.344
2857.542	117.480	-1.120	-0.326
2857.742	119.453	-1.108	-0.321
2857.942	121.558	-1.093	-0.321
2858.142	123.576	-1.094	-0.297
2858.342	125.665	-1.088	-0.305
2858.542	127.627	-1.098	-0.309
2858.742	129.639	-1.104	-0.324
2858.942	131.681	-1.080	-0.323
2859.142	133.759	-1.089	-0.345
2859.342	135.754	-1.083	-0.343
2859.542	137.785	-1.074	-0.372
2859.742	139.806	-1.039	-0.337
2859.942	141.794	-1.055	-0.384
2860.142	144.024	-1.009	-0.342
2860.342	145.859	-1.032	-0.354
2860.542	147.994	-0.987	-0.329
2860.742	150.090	-1.019	-0.334
2860.942	152.087	-0.991	-0.335
2861.142	154.022	-1.006	-0.330
2861.342	156.052	-0.995	-0.351
2861.542	158.173	-1.017	-0.367
2861.742	160.136	-0.973	-0.352
2861.942	162.201	-0.978	-0.382
2862.142	164.263	-0.966	-0.392
2862.342	166.347	-0.962	-0.391
2862.542	168.271	-0.927	-0.383
2862.742	170.433	-0.945	-0.392
2862.942	172.397	-0.910	-0.383
2863.142	174.378	-0.909	-0.368
2863.342	176.385	-0.896	-0.355
2863.542	178.415	-0.907	-0.373
2863.742	180.565	-0.909	-0.367
2863.942	182.678	-0.894	-0.379
2864.142	184.517	-0.890	-0.382
2864.342	186.664	-0.899	-0.403
2864.542	188.630	-0.882	-0.405
2864.742	190.643	-0.851	-0.407
2864.942	192.842	-0.841	-0.399
2865.142	194.768	-0.847	-0.436
2865.342	196.772	-0.809	-0.389
2865.542	198.751	-0.820	-0.410
2865.742	200.853	-0.793	-0.362
2865.942	202.839	-0.819	-0.401
2866.142	205.018	-0.788	-0.370
2866.342	206.909	-0.810	-0.396
2866.542	208.922	-0.805	-0.406
2866.642	210.083	-0.822	-0.442
2866.842	212.113	-0.790	-0.419
2867.042	214.114	-0.792	-0.424
2867.242	216.135	-0.772	-0.429
2867.442	218.148	-0.748	-0.431
2867.642	220.193	-0.740	-0.439
2867.842	222.198	-0.715	-0.394
2868.042	224.182	-0.735	-0.420
2868.142	225.330	-0.718	-0.433
2868.342	227.366	-0.714	-0.400
2868.542	229.348	-0.684	-0.390
2868.742	231.502	-0.711	-0.396
2868.942	233.427	-0.696	-0.419
2869.142	235.396	-0.698	-0.421
2869.342	237.443	-0.694	-0.429
2869.542	239.525	-0.686	-0.437
2869.742	241.483	-0.673	-0.434
2869.942	243.662	-0.666	-0.448
2870.142	245.652	-0.636	-0.427
2870.342	247.693	-0.644	-0.443
2870.542	249.696	-0.633	-0.415
2870.742	251.823	-0.614	-0.419
2870.942	253.773	-0.633	-0.412
2871.142	255.785	-0.637	-0.435
2871.342	257.848	-0.623	-0.408
2871.542	259.914	-0.610	-0.439
2871.742	261.910	-0.618	-0.434
2871.942	263.951	-0.617	-0.472
2872.142	265.975	-0.595	-0.436
2872.342	267.958	-0.586	-0.477
2872.542	269.988	-0.558	-0.446
2872.742	272.029	-0.563	-0.467
2872.942	274.134	-0.528	-0.425
2873.142	276.230	-0.543	-0.443
2873.342	278.240	-0.524	-0.419
2873.542	280.185	-0.539	-0.425
2873.742	282.224	-0.527	-0.417
2873.942	284.209	-0.563	-0.451
2874.142	286.397	-0.548	-0.462
2874.342	288.365	-0.526	-0.444
2874.542	290.323	-0.515	-0.456
2874.742	292.386	-0.527	-0.484
2874.942	294.500	-0.511	-0.469
2875.142	296.607	-0.482	-0.465
2875.342	298.569	-0.466	-0.459
2875.542	300.655	-0.478	-0.461
2875.742	302.600	-0.463	-0.453
2875.942	304.563	-0.449	-0.436
2876.142	306.587	-0.471	-0.444
2876.342	308.633	-0.462	-0.439
2876.542	310.716	-0.478	-0.452
2876.742	312.819	-0.446	-0.453
2876.942	314.878	-0.473	-0.465
2877.142	316.854	-0.437	-0.483
2877.342	318.886	-0.442	-0.455
2877.542	320.891	-0.428	-0.491
2877.742	322.943	-0.416	-0.477
2877.942	325.014	-0.401	-0.472
2878.142	326.975	-0.395	-0.452
2878.342	328.986	-0.393	-0.467
2878.542	331.001	-0.406	-0.445
2878.742	333.135	-0.403	-0.457
2878.942	335.232	-0.405	-0.460
2879.142	337.199	-0.400	-0.467
2879.342	339.137	-0.402	-0.488
2879.542	341.216	-0.390	-0.488
2879.742	343.209	-0.381	-0.489
2879.842	344.366	-0.392	-0.521
2880.042	346.280	-0.351	-0.498
2880.242	348.436	-0.333	-0.478
2880.442	350.398	-0.331	-0.485
2880.642	352.453	-0.319	-0.459
2880.842	354.466	-0.348	-0.491
2881.042	356.435	-0.313	-0.452
2881.142	357.582	-0.333	-0.477
2881.342	359.525	-0.335	-0.485
2881.542	361.561	-0.320	-0.472
2881.742	363.582	-0.346	-0.502
2881.942	365.698	-0.302	-0.481
2882.142	367.773	-0.318	-0.509
2882.342	369.732	-0.297	-0.518
2882.542	371.822	-0.301	-0.503
2882.742	373.816	-0.270	-0.495
2882.942	375.761	-0.287	-0.498
2883.142	377.815	-0.255	-0.481
2883.342	379.878	-0.279	-0.487
2883.542	381.863	-0.249	-0.479
2883.742	383.992	-0.290	-0.496
2883.942	386.000	-0.241	-0.487
2884.142	387.980	-0.279	-0.506
2884.342	389.951	-0.226	-0.504
2884.542	391.110	-0.244	-0.510
2884.742	391.507	-0.203	-0.526
3145.842	0.000	-4.756	0.255
3146.042	0.215	-4.772	0.259
3146.142	0.668	-4.795	0.250
3146.342	2.027	-4.745	0.275
3146.442	3.132	-4.748	0.302
3146.642	5.125	-4.756	0.285
3146.842	7.083	-4.771	0.276
3147.042	9.263	-4.755	0.293
3147.242	11.170	-4.752	0.289
3147.442	13.204	-4.778	0.281
3147.642	15.316	-4.760	0.275
3147.842	17.341	-4.770	0.279
3148.042	19.302	-4.763	0.246
3148.242	21.383	-4.766	0.252
3148.442	23.500	-4.773	0.235
3148.642	25.503	-4.736	0.277
3148.842	27.490	-4.765	0.245
3149.042	29.524	-4.765	0.250
3149.242	31.533	-4.776	0.241
3149.442	33.570	-4.754	0.266
3149.642	35.625	-4.765	0.238
3149.842	37.629	-4.413	0.217
3150.042	39.659	-1.616	-0.107
3150.242	41.678	-1.628	-0.136
3150.442	43.804	-1.619	-0.177
3150.642	45.876	-1.602	-0.173
3150.842	47.867	-1.566	-0.201
3151.042	49.826	-1.547	-0.174
3151.242	51.910	-1.547	-0.213
3151.442	53.882	-1.509	-0.199
3151.542	55.027	-1.507	-0.239
3151.742	56.947	-1.502	-0.196
3151.942	59.070	-1.455	-0.219
3152.142	61.000	-1.459	-0.269
3152.242	62.067	-1.440	-0.241
3152.442	64.199	-1.423	-0.256
3152.642	66.070	-1.419	-0.264
3152.742	67.178	-1.369	-0.253
3152.942	69.186	-1.390	-0.270
3153.142	71.201	-1.366	-0.287
3153.342	73.275	-1.368	-0.288
3153.542	75.344	-1.337	-0.291
3153.742	77.259	-1.322	-0.301
3153.842	78.408	-1.290	-0.257
3154.042	80.435	-1.295	-0.310
3154.242	82.363	-1.306	-0.313
3154.342	83.546	-1.282	-0.276
3154.542	85.494	-1.288	-0.250
3154.742	87.413	-1.269	-0.211
3154.942	89.524	-1.271	-0.228
3155.142	91.591	-1.263	-0.224
3155.342	93.606	-1.244	-0.231
3155.542	95.668	-1.239	-0.247
3155.742	97.685	-1.234	-0.273
3155.942	99.755	-1.217	-0.262
3156.142	101.688	-1.188	-0.292
3156.342	103.820	-1.175	-0.265
3156.542	105.838	-1.165	-0.290
3156.742	107.867	-1.139	-0.245
3156.942	109.865	-1.149	-0.274
3157.142	111.884	-1.145	-0.255
3157.342	113.917	-1.170	-0.296
3157.542	115.914	-1.129	-0.278
3157.742	117.939	-1.154	-0.322
3157.942	119.982	-1.132	-0.321
3158.142	122.090	-1.127	-0.339
3158.342	124.168	-1.109	-0.334
3158.542	126.120	-1.107	-0.337
3158.742	128.132	-1.086	-0.329
3158.942	130.156	-1.077	-0.332
3159.142	132.270	-1.052	-0.308
3159.342	134.330	-1.069	-0.329
3159.542	136.301	-1.054	-0.306
3159.742	138.374	-1.066	-0.322
3159.942	140.320	-1.045	-0.335
3160.042	141.432	-1.051	-0.355
3160.242	143.490	-1.072	-0.363
3160.442	145.454	-1.021	-0.363
3160.642	147.586	-1.029	-0.362
3160.842	149.480	-0.996	-0.358
3160.942	150.591	-1.003	-0.363
3161.143	152.708	-0.997	-0.365
3161.342	154.752	-0.969	-0.342
3161.543	156.757	-0.987	-0.345
3161.743	158.669	-0.984	-0.361
3161.943	160.667	-0.983	-0.351
3162.043	161.824	-0.951	-0.358
3162.243	163.766	-0.989	-0.365
3162.442	165.755	-0.962	-0.380
3162.542	166.900	-0.964	-0.388
3162.742	168.909	-0.953	-0.374
3162.942	170.894	-0.919	-0.394
3163.142	172.920	-0.939	-0.396
3163.342	174.934	-0.897	-0.389
3163.542	177.058	-0.904	-0.375
3163.742	179.137	-0.876	-0.374
3163.942	181.084	-0.909	-0.364
3164.142	183.041	-0.881	-0.377
3164.342	185.112	-0.887	-0.351
3164.542	187.113	-0.886	-0.404
3164.742	189.290	-0.897	-0.400
3164.942	191.252	-0.864	-0.403
3165.142	193.392	-0.852	-0.403
3165.342	195.256	-0.838	-0.421
3165.442	196.369	-0.859	-0.447
3165.642	198.311	-0.820	-0.392
3165.842	200.455	-0.810	-0.409
3166.042	202.399	-0.805	-0.374
3166.242	204.448	-0.804	-0.405
3166.442	206.490	-0.789	-0.385
3166.642	208.491	-0.788	-0.398
3166.842	210.532	-0.792	-0.399
3167.042	212.634	-0.788	-0.415
3167.242	214.691	-0.765	-0.403
3167.442	216.704	-0.775	-0.435
3167.642	218.829	-0.751	-0.403
3167.842	220.798	-0.749	-0.432
3168.042	222.794	-0.709	-0.391
3168.242	224.847	-0.717	-0.420
3168.442	226.784	-0.702	-0.403
3168.642	228.928	-0.704	-0.392
3168.842	230.964	-0.700	-0.394
3169.042	233.006	-0.713	-0.409
3169.242	235.003	-0.712	-0.432
3169.442	237.022	-0.690	-0.415
3169.642	239.061	-0.695	-0.441
3169.842	241.067	-0.678	-0.454
3170.042	243.093	-0.677	-0.458
3170.242	245.117	-0.649	-0.443
3170.442	247.259	-0.643	-0.437
3170.642	249.242	-0.632	-0.413
3170.842	251.215	-0.619	-0.389
3171.042	253.409	-0.628	-0.414
3171.242	255.393	-0.635	-0.417
3171.442	257.350	-0.622	-0.430
3171.642	259.419	-0.634	-0.440
3171.842	261.389	-0.591	-0.431
3171.942	262.483	-0.642	-0.449
3172.142	264.440	-0.617	-0.459
3172.342	266.555	-0.585	-0.449
3172.542	268.561	-0.565	-0.446
3172.742	270.633	-0.551	-0.431
3172.942	272.628	-0.550	-0.433
3173.142	274.672	-0.546	-0.432
3173.342	276.626	-0.545	-0.423
3173.442	277.803	-0.566	-0.476
3173.642	279.800	-0.551	-0.436
3173.842	281.723	-0.531	-0.440
3174.042	283.872	-0.550	-0.441
3174.242	285.813	-0.521	-0.468
3174.442	287.853	-0.528	-0.466
3174.642	289.911	-0.490	-0.474
3174.842	291.927	-0.505	-0.469
3175.042	293.948	-0.485	-0.462
3175.242	295.964	-0.478	-0.450
3175.342	297.079	-0.493	-0.433
3175.542	299.160	-0.474	-0.441
3175.742	301.145	-0.476	-0.423
3175.942	303.112	-0.494	-0.457
3176.142	305.195	-0.484	-0.422
3176.342	307.175	-0.488	-0.478
3176.442	308.325	-0.490	-0.476
3176.642	310.218	-0.473	-0.467
3176.842	312.334	-0.456	-0.489
3177.042	314.295	-0.437	-0.474
3177.142	315.385	-0.474	-0.515
3177.342	317.319	-0.423	-0.468
3177.542	319.391	-0.428	-0.467
3177.742	321.519	-0.420	-0.445
3177.942	323.521	-0.408	-0.447
3178.142	325.530	-0.426	-0.459
3178.342	327.532	-0.423	-0.463
3178.542	329.534	-0.415	-0.462
3178.742	331.648	-0.426	-0.474
3178.942	333.626	-0.411	-0.489
3179.142	335.641	-0.419	-0.497
3179.342	337.725	-0.393	-0.479
3179.542	339.914	-0.371	-0.479
3179.742	341.744	-0.372	-0.490
3179.942	343.899	-0.358	-0.461
3180.142	345.811	-0.372	-0.474
3180.343	347.971	-0.361	-0.460
3180.542	350.041	-0.376	-0.487
3180.742	351.953	-0.345	-0.458
3180.942	353.974	-0.360	-0.477
3181.142	356.157	-0.332	-0.480
3181.342	358.041	-0.361	-0.508
3181.542	360.043	-0.318	-0.498
3181.642	361.192	-0.353	-0.524
3181.842	363.224	-0.306	-0.495
3182.042	365.240	-0.287	-0.498
3182.242	367.288	-0.282	-0.481
3182.442	369.332	-0.297	-0.476
3182.642	371.332	-0.284	-0.475
3182.843	373.366	-0.298	-0.479
3183.043	375.374	-0.304	-0.480
3183.242	377.401	-0.307	-0.490
3183.442	379.401	-0.301	-0.517
3183.642	381.503	-0.255	-0.504
3183.843	383.457	-0.280	-0.509
3184.042	385.495	-0.247	-0.526
3184.242	387.620	-0.246	-0.500
3184.442	389.544	-0.212	-0.497
3184.642	390.925	-0.211	-0.471
3184.842	391.499	-0.216	-0.498
3185.042	391.507	-0.201	-0.460
3445.942	0.001	-4.772	0.313
3446.142	0.447	-4.768	0.303
3446.342	1.657	-4.736	0.331
3446.542	3.558	-4.752	0.312
3446.642	4.646	-4.766	0.311
3446.842	6.690	-4.730	0.348
3447.042	8.654	-4.755	0.336
3447.142	9.799	-4.739	0.351
3447.342	11.786	-4.785	0.314
3447.542	13.793	-4.765	0.331
3447.742	15.759	-4.770	0.292
3447.842	16.859	-4.745	0.330
3448.042	18.845	-4.771	0.312
3448.242	20.848	-4.774	0.291
3448.342	21.946	-4.760	0.302
3448.542	24.006	-4.771	0.300
3448.742	26.031	-4.755	0.317
3448.943	28.099	-4.752	0.303
3449.143	29.997	-4.736	0.328
3449.242	31.069	-4.770	0.303
3449.443	33.211	-4.775	0.285
3449.642	35.130	-4.742	0.303
3449.842	37.219	-4.755	0.279
3450.043	39.222	-2.034	-0.013
3450.243	41.327	-1.633	-0.109
3450.442	43.229	-1.600	-0.136
3450.642	45.277	-1.611	-0.161
3450.842	47.448	-1.578	-0.156
3451.042	49.461	-1.566	-0.192
3451.242	51.416	-1.524	-0.182
3451.442	53.510	-1.520	-0.204
3451.642	55.512	-1.505	-0.192
3451.842	57.653	-1.501	-0.216
3452.043	59.540	-1.449	-0.192
3452.243	61.649	-1.458	-0.228
3452.442	63.632	-1.425	-0.222
3452.642	65.642	-1.415	-0.252
3452.842	67.631	-1.386	-0.250
3453.042	69.666	-1.380	-0.265
3453.242	71.860	-1.353	-0.277
3453.442	73.807	-1.335	-0.267
3453.642	75.853	-1.315	-0.272
3453.842	77.828	-1.325	-0.285
3454.043	80.001	-1.281	-0.254
3454.242	81.964	-1.294	-0.290
3454.442	84.031	-1.272	-0.272
3454.642	86.033	-1.292	-0.242
3454.842	88.016	-1.258	-0.189
3454.942	89.148	-1.242	-0.196
3455.142	91.068	-1.254	-0.226
3455.342	93.136	-1.253	-0.232
3455.543	95.160	-1.241	-0.241
3455.742	97.226	-1.213	-0.239
3455.942	99.173	-1.221	-0.254
3456.143	101.315	-1.195	-0.245
3456.342	103.360	-1.179	-0.252
3456.542	105.282	-1.160	-0.244
3456.742	107.377	-1.163	-0.261
3456.942	109.360	-1.154	-0.252
3457.042	110.467	-1.180	-0.296
3457.242	112.450	-1.145	-0.258
3457.442	114.577	-1.175	-0.289
3457.643	116.590	-1.144	-0.296
3457.843	118.573	-1.144	-0.314
3458.042	120.669	-1.114	-0.312
3458.242	122.653	-1.105	-0.326
3458.442	124.616	-1.086	-0.334
3458.642	126.708	-1.072	-0.316
3458.843	128.694	-1.072	-0.310
3458.942	129.839	-1.087	-0.331
3459.143	131.746	-1.076	-0.303
3459.343	133.898	-1.057	-0.312
3459.543	135.918	-1.083	-0.328
3459.743	137.947	-1.059	-0.341
3459.942	139.971	-1.068	-0.356
3460.143	141.975	-1.025	-0.339
3460.342	144.039	-1.047	-0.367
3460.543	146.024	-1.010	-0.359
3460.743	148.047	-1.024	-0.372
3460.943	150.049	-0.983	-0.362
3461.042	151.203	-0.959	-0.314
3461.243	153.124	-1.004	-0.355
3461.442	155.212	-0.978	-0.360
3461.642	157.230	-0.993	-0.343
3461.843	159.236	-0.981	-0.364
3462.042	161.412	-0.985	-0.355
3462.243	163.255	-0.977	-0.382
3462.443	165.359	-0.956	-0.363
3462.642	167.365	-0.954	-0.385
3462.843	169.472	-0.953	-0.388
3463.042	171.454	-0.923	-0.369
3463.242	173.433	-0.902	-0.364
3463.442	175.582	-0.894	-0.368
3463.642	177.496	-0.912	-0.367
3463.843	179.569	-0.900	-0.369
3464.042	181.581	-0.904	-0.364
3464.243	183.626	-0.902	-0.383
3464.443	185.655	-0.910	-0.399
3464.642	187.795	-0.876	-0.401
3464.843	189.903	-0.878	-0.408
3465.043	191.743	-0.862	-0.407
3465.243	193.881	-0.838	-0.401
3465.443	195.989	-0.811	-0.392
3465.642	197.994	-0.816	-0.394
3465.842	199.952	-0.808	-0.367
3466.042	202.017	-0.822	-0.386
3466.242	203.989	-0.806	-0.384
3466.442	206.006	-0.833	-0.417
3466.643	208.010	-0.803	-0.406
3466.842	210.138	-0.805	-0.414
3467.042	212.222	-0.778	-0.416
3467.243	214.205	-0.793	-0.442
3467.442	216.161	-0.747	-0.416
3467.642	218.201	-0.745	-0.423
3467.842	220.250	-0.730	-0.393
3467.942	221.402	-0.715	-0.404
3468.142	223.318	-0.726	-0.400
3468.342	225.448	-0.738	-0.402
3468.543	227.355	-0.717	-0.408
3468.743	229.371	-0.728	-0.414
3468.842	230.529	-0.742	-0.419
3469.043	232.450	-0.692	-0.412
3469.242	234.510	-0.728	-0.439
3469.442	236.495	-0.676	-0.423
3469.642	238.647	-0.687	-0.449
3469.842	240.623	-0.643	-0.427
3470.042	242.740	-0.660	-0.412
3470.243	244.762	-0.643	-0.420
3470.443	246.728	-0.655	-0.408
3470.642	248.810	-0.636	-0.397
3470.843	250.777	-0.648	-0.418
3471.042	252.953	-0.648	-0.428
3471.242	254.821	-0.655	-0.449
3471.442	256.947	-0.621	-0.438
3471.642	258.983	-0.620	-0.459
3471.842	260.986	-0.597	-0.454
3472.042	262.970	-0.591	-0.452
3472.243	264.995	-0.567	-0.439
3472.442	267.036	-0.578	-0.439
3472.542	268.168	-0.595	-0.419
3472.742	270.154	-0.574	-0.426
3472.942	272.135	-0.586	-0.432
3473.143	274.140	-0.564	-0.439
3473.342	276.291	-0.571	-0.448
3473.543	278.392	-0.553	-0.448
3473.743	280.279	-0.559	-0.455
3473.942	282.353	-0.529	-0.457
3474.143	284.366	-0.535	-0.473
3474.343	286.381	-0.512	-0.449
3474.543	288.502	-0.505	-0.448
3474.743	290.490	-0.506	-0.438
3474.943	292.584	-0.510	-0.433
3475.143	294.494	-0.487	-0.429
3475.342	296.560	-0.503	-0.445
3475.542	298.655	-0.487	-0.444
3475.742	300.669	-0.507	-0.469
3475.943	302.668	-0.489	-0.465
3476.143	304.800	-0.472	-0.486
3476.343	306.695	-0.473	-0.471
3476.543	308.837	-0.444	-0.476
3476.742	310.864	-0.442	-0.445
3476.943	312.865	-0.437	-0.466
3477.142	314.850	-0.431	-0.428
3477.343	316.867	-0.448	-0.455
3477.543	318.889	-0.434	-0.429
3477.642	320.004	-0.435	-0.458
3477.842	322.084	-0.465	-0.482
3478.042	324.066	-0.446	-0.474
3478.242	326.197	-0.447	-0.485
3478.443	328.065	-0.406	-0.473
3478.642	330.232	-0.409	-0.497
3478.842	332.237	-0.392	-0.483
3479.042	334.268	-0.390	-0.466
3479.242	336.291	-0.381	-0.462
3479.442	338.235	-0.381	-0.463
3479.542	339.346	-0.395	-0.461
3479.743	341.352	-0.382	-0.473
3479.943	343.314	-0.370	-0.445
3480.042	344.451	-0.364	-0.460
3480.242	346.404	-0.393	-0.507
3480.442	348.470	-0.374	-0.476
3480.643	350.544	-0.367	-0.508
3480.843	352.526	-0.327	-0.485
3481.042	354.502	-0.352	-0.495
3481.242	356.559	-0.299	-0.465
3481.443	358.645	-0.323	-0.485
3481.643	360.671	-0.300	-0.464
3481.842	362.782	-0.335	-0.499
3482.043	364.753	-0.317	-0.474
3482.243	366.808	-0.323	-0.491
3482.443	368.797	-0.311	-0.486
3482.643	370.771	-0.315	-0.520
3482.842	372.862	-0.288	-0.495
3483.042	374.849	-0.301	-0.526
3483.142	375.998	-0.267	-0.493
3483.342	378.021	-0.251	-0.487
3483.543	380.005	-0.258	-0.486
3483.743	382.051	-0.237	-0.472
3483.943	384.082	-0.278	-0.500
3484.142	386.080	-0.250	-0.468
3484.342	388.088	-0.277	-0.505
3484.543	389.978	-0.235	-0.483
3484.642	390.710	-0.248	-0.513
3484.842	391.439	-0.239	-0.499
3485.042	391.507	-0.216	-0.511
