TimeSec	Probe1mm	ConductivityP1V	TemperatureP1V
87.876	0.001	-4.879	0.365
88.076	0.347	-4.852	0.382
88.276	1.489	-4.894	0.342
88.475	3.435	-4.886	0.386
88.676	5.457	-4.863	0.390
88.876	7.445	-4.867	0.381
89.076	9.632	-4.892	0.378
89.275	11.530	-4.852	0.389
89.475	13.495	-4.878	0.363
89.576	14.648	-4.882	0.375
89.776	16.678	-4.880	0.377
89.976	18.654	-4.885	0.377
90.175	20.811	-4.872	0.377
90.376	22.792	-4.883	0.373
90.575	24.748	-4.864	0.390
90.776	26.794	-4.872	0.363
90.975	28.795	-4.877	0.373
91.176	30.981	-4.909	0.357
91.375	32.958	-4.843	0.376
91.576	35.042	-4.875	0.319
91.776	37.010	-4.139	0.077
91.976	39.058	-4.153	-0.011
92.175	41.057	-4.139	-0.045
92.376	43.119	-4.129	-0.060
92.576	45.121	-4.095	-0.080
92.776	47.175	-4.063	-0.093
92.976	49.170	-4.039	-0.124
93.176	51.183	-4.017	-0.103
93.375	53.275	-3.976	-0.112
93.575	55.254	-3.977	-0.135
93.776	57.378	-3.968	-0.152
93.976	59.392	-3.940	-0.154
94.176	61.349	-3.924	-0.188
94.376	63.425	-3.909	-0.171
94.576	65.404	-3.882	-0.199
94.676	66.575	-3.916	-0.234
94.876	68.470	-3.871	-0.204
95.076	70.607	-3.858	-0.203
95.276	72.633	-3.828	-0.237
95.476	74.654	-3.840	-0.246
95.675	76.714	-3.802	-0.233
95.875	78.721	-3.802	-0.254
96.076	80.714	-3.780	-0.259
96.275	82.686	-3.778	-0.276
96.476	84.768	-3.755	-0.227
96.675	86.741	-3.766	-0.245
96.775	87.826	-3.704	-0.207
96.975	89.811	-3.733	-0.235
97.176	91.963	-3.704	-0.244
97.375	93.960	-3.709	-0.249
97.576	95.922	-3.681	-0.240
97.776	98.121	-3.673	-0.262
97.976	100.046	-3.665	-0.262
98.175	102.048	-3.665	-0.254
98.376	104.107	-3.624	-0.262
98.575	106.167	-3.621	-0.279
98.776	108.200	-3.617	-0.286
98.975	110.218	-3.608	-0.271
99.175	112.260	-3.580	-0.285
99.375	114.262	-3.583	-0.287
99.576	116.306	-3.565	-0.280
99.776	118.354	-3.524	-0.287
99.975	120.374	-3.530	-0.298
100.176	122.398	-3.525	-0.297
100.376	124.576	-3.483	-0.270
100.575	126.538	-3.489	-0.312
100.776	128.555	-3.486	-0.319
100.976	130.475	-3.469	-0.300
101.176	132.678	-3.433	-0.309
101.376	134.682	-3.440	-0.313
101.576	136.645	-3.404	-0.300
101.775	138.749	-3.385	-0.316
101.976	140.674	-3.397	-0.325
102.176	142.698	-3.383	-0.312
102.376	144.761	-3.361	-0.315
102.576	146.766	-3.337	-0.320
102.776	148.820	-3.332	-0.318
102.975	150.927	-3.318	-0.323
103.175	152.897	-3.288	-0.325
103.375	155.012	-3.288	-0.330
103.575	157.001	-3.269	-0.309
103.776	158.980	-3.243	-0.325
103.976	161.072	-3.241	-0.341
104.176	163.061	-3.246	-0.329
104.276	164.209	-3.180	-0.304
104.476	166.080	-3.204	-0.335
104.576	167.189	-3.196	-0.331
104.776	169.201	-3.191	-0.328
104.976	171.241	-3.173	-0.322
105.175	173.304	-3.154	-0.339
105.375	175.234	-3.144	-0.322
105.475	176.341	-3.127	-0.324
105.675	178.340	-3.130	-0.332
105.875	180.365	-3.093	-0.332
106.075	182.424	-3.103	-0.318
106.276	184.437	-3.056	-0.325
106.475	186.493	-3.060	-0.343
106.676	188.640	-3.063	-0.346
106.876	190.615	-3.032	-0.316
107.076	192.577	-3.005	-0.320
107.276	194.600	-2.998	-0.340
107.476	196.669	-2.981	-0.323
107.675	198.649	-2.975	-0.327
107.775	199.760	-2.949	-0.323
107.975	201.743	-2.962	-0.361
108.175	203.862	-2.947	-0.321
108.375	205.880	-2.908	-0.328
108.575	207.835	-2.888	-0.335
108.775	209.914	-2.896	-0.341
108.975	211.877	-2.858	-0.316
109.075	213.017	-2.867	-0.347
109.276	215.018	-2.844	-0.342
109.476	216.994	-2.846	-0.336
109.676	218.988	-2.814	-0.317
109.876	221.146	-2.806	-0.350
110.075	223.254	-2.790	-0.347
110.276	225.153	-2.773	-0.315
110.475	227.113	-2.752	-0.341
110.675	229.332	-2.754	-0.342
110.875	231.311	-2.751	-0.339
111.075	233.327	-2.699	-0.318
111.276	235.329	-2.689	-0.342
111.476	237.392	-2.682	-0.340
111.676	239.412	-2.668	-0.331
111.876	241.420	-2.652	-0.340
112.076	243.533	-2.659	-0.338
112.276	245.447	-2.622	-0.331
112.475	247.521	-2.589	-0.332
112.675	249.512	-2.607	-0.351
112.876	251.669	-2.595	-0.332
113.075	253.656	-2.552	-0.325
113.276	255.784	-2.552	-0.337
113.475	257.741	-2.535	-0.340
113.675	259.706	-2.531	-0.335
113.875	261.780	-2.502	-0.352
114.076	263.758	-2.507	-0.322
114.175	264.901	-2.485	-0.361
114.376	266.902	-2.471	-0.330
114.576	268.888	-2.450	-0.331
114.776	271.027	-2.450	-0.344
114.975	272.889	-2.431	-0.332
115.075	274.008	-2.441	-0.332
115.276	276.012	-2.396	-0.334
115.476	277.993	-2.405	-0.338
115.676	280.154	-2.393	-0.339
115.876	282.077	-2.378	-0.347
115.976	283.226	-2.342	-0.325
116.176	285.199	-2.354	-0.332
116.376	287.255	-2.350	-0.338
116.576	289.287	-2.327	-0.348
116.776	291.290	-2.323	-0.334
116.976	293.263	-2.308	-0.330
117.176	295.375	-2.286	-0.357
117.375	297.352	-2.287	-0.335
117.575	299.398	-2.277	-0.340
117.775	301.442	-2.233	-0.313
117.976	303.454	-2.253	-0.354
118.175	305.486	-2.232	-0.331
118.376	307.510	-2.225	-0.335
118.575	309.507	-2.183	-0.344
118.776	311.731	-2.204	-0.335
118.976	313.710	-2.169	-0.321
119.176	315.688	-2.163	-0.340
119.376	317.782	-2.165	-0.369
119.576	319.684	-2.155	-0.320
119.675	320.810	-2.115	-0.333
119.875	322.875	-2.126	-0.339
120.076	324.812	-2.117	-0.350
120.275	326.887	-2.128	-0.339
120.475	328.892	-2.069	-0.325
120.676	330.998	-2.101	-0.364
120.875	332.959	-2.091	-0.347
121.075	335.063	-2.074	-0.334
121.276	337.107	-2.048	-0.347
121.476	339.034	-2.062	-0.346
121.576	340.131	-2.051	-0.341
121.775	342.108	-2.029	-0.342
121.976	344.109	-2.019	-0.339
122.175	346.194	-2.042	-0.363
122.375	348.215	-2.001	-0.322
122.576	350.206	-1.992	-0.349
122.776	352.326	-1.999	-0.340
122.976	354.321	-1.981	-0.332
123.175	356.490	-1.954	-0.332
123.375	358.373	-1.979	-0.370
123.576	360.475	-1.976	-0.340
123.776	362.476	-1.942	-0.336
123.976	364.503	-1.922	-0.330
124.176	366.508	-1.944	-0.361
124.376	368.704	-1.927	-0.340
124.576	370.731	-1.913	-0.339
124.775	372.713	-1.901	-0.356
124.975	374.635	-1.906	-0.348
125.175	376.740	-1.866	-0.325
125.375	378.805	-1.871	-0.351
125.575	380.851	-1.872	-0.353
125.775	382.941	-1.848	-0.338
125.975	384.907	-1.808	-0.343
126.176	386.947	-1.803	-0.364
126.376	388.905	-1.791	-0.353
126.576	390.528	-1.749	-0.344
126.776	391.380	-1.710	-0.354
126.976	391.507	-1.714	-0.354
387.876	0.001	-4.879	0.397
388.076	0.054	-4.885	0.379
388.276	0.769	-4.836	0.405
388.476	2.148	-4.865	0.380
388.576	3.218	-4.854	0.398
388.776	5.358	-4.858	0.386
388.976	7.339	-4.880	0.384
389.176	9.266	-4.839	0.411
389.375	11.343	-4.872	0.379
389.575	13.392	-4.870	0.377
389.775	15.393	-4.871	0.398
389.976	17.508	-4.853	0.385
390.175	19.440	-4.876	0.391
390.376	21.468	-4.876	0.381
390.576	23.532	-4.868	0.406
390.776	25.630	-4.862	0.391
390.976	27.562	-4.873	0.375
391.076	28.659	-4.852	0.381
391.276	30.715	-4.880	0.383
391.476	32.732	-4.860	0.381
391.675	34.714	-4.871	0.356
391.775	35.829	-4.313	0.176
391.976	37.816	-4.134	0.023
392.176	39.941	-4.135	-0.036
392.376	41.955	-4.137	-0.079
392.576	43.938	-4.092	-0.079
392.776	46.015	-4.093	-0.110
392.976	47.990	-4.047	-0.108
393.176	49.957	-4.027	-0.133
393.376	52.020	-4.001	-0.143
393.576	54.008	-3.995	-0.162
393.676	55.088	-3.962	-0.122
393.876	57.097	-3.963	-0.180
394.076	59.138	-3.915	-0.157
394.276	61.145	-3.909	-0.207
394.476	63.149	-3.903	-0.218
394.576	64.292	-3.893	-0.202
394.776	66.300	-3.886	-0.217
394.976	68.359	-3.844	-0.226
395.176	70.317	-3.857	-0.252
395.376	72.399	-3.834	-0.237
395.576	74.356	-3.830	-0.248
395.776	76.375	-3.806	-0.266
395.976	78.472	-3.790	-0.258
396.176	80.479	-3.783	-0.272
396.376	82.481	-3.760	-0.268
396.476	83.638	-3.764	-0.216
396.676	85.560	-3.759	-0.244
396.876	87.575	-3.732	-0.216
396.976	88.749	-3.758	-0.245
397.176	90.751	-3.702	-0.238
397.376	92.742	-3.694	-0.249
397.576	94.826	-3.695	-0.240
397.776	96.814	-3.691	-0.265
397.976	98.819	-3.655	-0.237
398.176	100.921	-3.651	-0.269
398.376	102.908	-3.634	-0.254
398.576	104.862	-3.627	-0.258
398.776	106.914	-3.595	-0.264
398.976	108.925	-3.588	-0.287
399.175	111.066	-3.592	-0.289
399.376	113.130	-3.574	-0.271
399.576	115.215	-3.536	-0.269
399.775	117.181	-3.541	-0.315
399.975	119.189	-3.536	-0.296
400.175	121.134	-3.518	-0.294
400.275	122.245	-3.455	-0.251
400.475	124.233	-3.493	-0.310
400.676	126.265	-3.494	-0.315
400.876	128.442	-3.477	-0.300
401.076	130.381	-3.450	-0.286
401.276	132.344	-3.415	-0.305
401.475	134.469	-3.428	-0.314
401.676	136.454	-3.426	-0.324
401.876	138.570	-3.409	-0.299
402.076	140.573	-3.383	-0.311
402.276	142.525	-3.344	-0.302
402.476	144.605	-3.382	-0.328
402.676	146.588	-3.348	-0.298
402.776	147.684	-3.320	-0.313
402.976	149.688	-3.306	-0.314
403.176	151.675	-3.320	-0.332
403.376	153.869	-3.315	-0.313
403.576	155.853	-3.272	-0.318
403.775	157.942	-3.242	-0.298
403.976	159.841	-3.265	-0.345
404.176	161.905	-3.253	-0.319
404.376	163.919	-3.224	-0.312
404.576	165.974	-3.198	-0.325
404.776	168.133	-3.196	-0.337
404.976	170.114	-3.182	-0.315
405.176	172.124	-3.157	-0.303
405.376	174.144	-3.153	-0.329
405.576	176.075	-3.146	-0.347
405.776	178.254	-3.123	-0.312
405.976	180.264	-3.127	-0.336
406.176	182.205	-3.057	-0.301
406.376	184.244	-3.072	-0.342
406.576	186.319	-3.055	-0.331
406.776	188.385	-3.078	-0.339
406.976	190.414	-3.018	-0.318
407.176	192.428	-3.008	-0.337
407.376	194.434	-2.992	-0.333
407.576	196.439	-3.004	-0.325
407.776	198.563	-2.962	-0.328
407.976	200.641	-2.949	-0.333
408.176	202.625	-2.954	-0.350
408.376	204.577	-2.925	-0.319
408.576	206.658	-2.879	-0.310
408.776	208.618	-2.897	-0.333
408.976	210.848	-2.885	-0.346
409.176	212.816	-2.871	-0.321
409.376	214.772	-2.842	-0.318
409.576	216.785	-2.831	-0.327
409.776	218.841	-2.823	-0.349
409.976	221.017	-2.809	-0.331
410.176	222.991	-2.804	-0.339
410.376	224.911	-2.768	-0.337
410.576	227.053	-2.747	-0.338
410.776	229.073	-2.764	-0.340
410.975	231.084	-2.737	-0.333
411.176	233.059	-2.724	-0.330
411.376	235.082	-2.682	-0.340
411.576	237.139	-2.693	-0.338
411.776	239.202	-2.667	-0.332
411.976	241.210	-2.633	-0.306
412.176	243.224	-2.651	-0.367
412.376	245.240	-2.651	-0.328
412.576	247.382	-2.638	-0.341
412.776	249.454	-2.578	-0.304
412.976	251.442	-2.578	-0.361
413.176	253.529	-2.567	-0.336
413.375	255.428	-2.579	-0.334
413.576	257.534	-2.542	-0.319
413.776	259.534	-2.530	-0.350
413.976	261.605	-2.508	-0.333
414.176	263.718	-2.509	-0.337
414.376	265.655	-2.485	-0.326
414.576	267.764	-2.479	-0.361
414.776	269.719	-2.453	-0.333
414.976	271.718	-2.457	-0.339
415.176	273.761	-2.425	-0.321
415.376	275.774	-2.394	-0.336
415.576	277.788	-2.413	-0.366
415.775	279.919	-2.404	-0.341
415.976	281.930	-2.390	-0.338
416.176	283.937	-2.351	-0.336
416.376	286.081	-2.345	-0.335
416.576	288.089	-2.357	-0.365
416.776	290.048	-2.328	-0.331
416.976	292.127	-2.323	-0.348
417.176	294.122	-2.279	-0.331
417.375	296.269	-2.312	-0.338
417.576	298.183	-2.259	-0.331
417.776	300.178	-2.276	-0.341
417.976	302.273	-2.253	-0.355
418.175	304.346	-2.240	-0.340
418.376	306.463	-2.229	-0.338
418.576	308.297	-2.210	-0.323
418.776	310.441	-2.191	-0.354
418.976	312.387	-2.201	-0.364
419.176	314.524	-2.196	-0.333
419.376	316.628	-2.178	-0.338
419.576	318.590	-2.148	-0.329
419.776	320.525	-2.139	-0.354
419.976	322.719	-2.152	-0.352
420.176	324.645	-2.127	-0.328
420.376	326.628	-2.098	-0.329
420.576	328.764	-2.093	-0.341
420.776	330.757	-2.114	-0.351
420.976	332.792	-2.077	-0.328
421.176	334.859	-2.070	-0.347
421.376	336.838	-2.072	-0.351
421.576	338.844	-2.048	-0.348
421.776	341.017	-2.060	-0.328
421.976	342.955	-2.028	-0.344
422.175	345.028	-2.030	-0.346
422.376	347.011	-2.031	-0.374
422.576	349.130	-2.028	-0.323
422.776	351.144	-2.006	-0.350
422.976	353.188	-1.952	-0.324
423.175	355.174	-1.990	-0.372
423.376	357.156	-1.987	-0.346
423.576	359.312	-1.981	-0.356
423.776	361.276	-1.937	-0.332
423.976	363.257	-1.956	-0.354
424.176	365.426	-1.948	-0.345
424.376	367.397	-1.927	-0.342
424.576	369.446	-1.901	-0.349
424.776	371.448	-1.921	-0.370
424.976	373.413	-1.912	-0.357
425.076	374.591	-1.911	-0.348
425.276	376.603	-1.888	-0.333
425.476	378.540	-1.871	-0.355
425.676	380.568	-1.855	-0.352
425.876	382.585	-1.849	-0.351
426.076	384.774	-1.823	-0.332
426.276	386.691	-1.794	-0.366
426.476	388.689	-1.777	-0.353
426.576	389.753	-1.757	-0.369
426.776	390.965	-1.750	-0.341
426.976	391.503	-1.711	-0.344
688.076	0.001	-4.870	0.377
688.276	0.434	-4.899	0.357
688.476	1.660	-4.886	0.389
688.676	3.620	-4.877	0.384
688.876	5.687	-4.875	0.400
689.076	7.691	-4.863	0.398
689.276	9.847	-4.876	0.381
689.476	11.752	-4.885	0.380
689.676	13.747	-4.884	0.401
689.776	14.878	-4.822	0.409
689.976	16.832	-4.885	0.388
690.176	18.932	-4.843	0.395
690.376	21.015	-4.885	0.363
690.576	22.999	-4.867	0.406
690.776	24.949	-4.883	0.380
690.976	27.029	-4.861	0.398
691.176	29.016	-4.873	0.370
691.376	31.190	-4.847	0.389
691.576	33.152	-4.883	0.329
691.776	35.199	-4.809	0.342
691.976	37.140	-4.122	0.063
692.176	39.203	-4.126	-0.032
692.376	41.209	-4.131	-0.049
692.476	42.316	-4.135	-0.076
692.676	44.300	-4.106	-0.107
692.876	46.427	-4.076	-0.095
693.076	48.336	-4.045	-0.130
693.276	50.381	-4.004	-0.116
693.476	52.523	-3.998	-0.156
693.676	54.519	-3.955	-0.145
693.876	56.492	-3.961	-0.159
694.076	58.643	-3.941	-0.153
694.276	60.748	-3.939	-0.177
694.476	62.690	-3.891	-0.174
694.676	64.662	-3.886	-0.222
694.876	66.702	-3.867	-0.203
695.076	68.706	-3.876	-0.218
695.276	70.869	-3.833	-0.208
695.476	72.759	-3.844	-0.243
695.676	74.909	-3.809	-0.242
695.876	76.870	-3.806	-0.266
696.076	78.936	-3.781	-0.280
696.276	81.062	-3.784	-0.278
696.476	82.944	-3.761	-0.255
696.676	85.074	-3.737	-0.220
696.876	87.034	-3.736	-0.251
697.076	89.059	-3.728	-0.249
697.276	91.124	-3.698	-0.226
697.476	93.202	-3.699	-0.243
697.676	95.209	-3.657	-0.236
697.876	97.269	-3.667	-0.268
698.076	99.273	-3.635	-0.262
698.276	101.296	-3.666	-0.274
698.476	103.298	-3.618	-0.253
698.676	105.456	-3.606	-0.253
698.876	107.451	-3.573	-0.281
699.076	109.567	-3.578	-0.282
699.276	111.396	-3.570	-0.298
699.476	113.533	-3.560	-0.276
699.676	115.637	-3.550	-0.287
699.876	117.630	-3.523	-0.278
700.076	119.580	-3.483	-0.289
700.276	121.673	-3.496	-0.293
700.476	123.665	-3.498	-0.316
700.676	125.817	-3.492	-0.287
700.876	127.716	-3.475	-0.298
701.076	129.827	-3.443	-0.285
701.276	131.889	-3.442	-0.316
701.476	133.874	-3.419	-0.312
701.676	135.848	-3.425	-0.316
701.876	137.970	-3.393	-0.306
702.076	139.929	-3.394	-0.300
702.276	142.111	-3.361	-0.311
702.476	144.100	-3.355	-0.307
702.676	146.034	-3.359	-0.314
702.876	148.160	-3.332	-0.307
703.076	150.173	-3.323	-0.303
703.276	152.096	-3.306	-0.320
703.476	154.142	-3.278	-0.316
703.676	156.186	-3.284	-0.330
703.876	158.366	-3.271	-0.310
704.076	160.287	-3.257	-0.320
704.276	162.286	-3.213	-0.298
704.376	163.437	-3.220	-0.337
704.576	165.313	-3.206	-0.325
704.776	167.447	-3.193	-0.329
704.976	169.492	-3.182	-0.327
705.176	171.516	-3.181	-0.316
705.376	173.518	-3.161	-0.311
705.576	175.525	-3.113	-0.304
705.776	177.577	-3.107	-0.322
705.976	179.704	-3.119	-0.340
706.176	181.709	-3.102	-0.336
706.376	183.714	-3.086	-0.322
706.576	185.836	-3.068	-0.325
706.776	187.760	-3.033	-0.334
706.976	189.863	-3.032	-0.333
707.176	191.879	-3.015	-0.328
707.376	193.870	-3.019	-0.326
707.576	196.029	-2.994	-0.332
707.776	197.873	-2.961	-0.310
707.976	200.020	-2.947	-0.347
708.176	202.009	-2.937	-0.325
708.376	204.047	-2.950	-0.357
708.576	206.036	-2.898	-0.312
708.776	208.154	-2.906	-0.342
708.976	210.172	-2.870	-0.331
709.176	212.138	-2.878	-0.334
709.376	214.230	-2.849	-0.332
709.576	216.221	-2.857	-0.335
709.776	218.389	-2.826	-0.316
709.976	220.270	-2.800	-0.334
710.176	222.397	-2.784	-0.341
710.376	224.389	-2.792	-0.354
710.576	226.452	-2.766	-0.325
710.776	228.538	-2.755	-0.326
710.976	230.501	-2.734	-0.317
711.176	232.461	-2.716	-0.336
711.376	234.584	-2.697	-0.331
711.576	236.554	-2.701	-0.343
711.776	238.621	-2.682	-0.334
711.976	240.741	-2.663	-0.333
712.176	242.686	-2.640	-0.323
712.376	244.673	-2.637	-0.358
712.576	246.809	-2.625	-0.340
712.776	248.792	-2.622	-0.347
712.976	250.858	-2.583	-0.312
713.176	252.806	-2.605	-0.343
713.376	254.846	-2.529	-0.314
713.576	256.985	-2.555	-0.347
713.776	259.024	-2.531	-0.351
713.976	260.924	-2.556	-0.344
714.076	262.029	-2.493	-0.308
714.276	264.037	-2.493	-0.328
714.476	266.060	-2.488	-0.331
714.676	268.054	-2.464	-0.355
714.876	270.091	-2.463	-0.346
715.076	272.202	-2.461	-0.334
715.276	274.289	-2.429	-0.325
715.476	276.188	-2.410	-0.331
715.676	278.293	-2.382	-0.326
715.876	280.256	-2.399	-0.363
715.976	281.365	-2.371	-0.327
716.176	283.315	-2.379	-0.343
716.376	285.436	-2.365	-0.338
716.576	287.376	-2.349	-0.333
716.776	289.448	-2.331	-0.336
716.976	291.447	-2.305	-0.334
717.176	293.633	-2.314	-0.347
717.376	295.645	-2.295	-0.332
717.576	297.565	-2.309	-0.341
717.776	299.619	-2.259	-0.323
717.976	301.619	-2.268	-0.339
718.176	303.804	-2.232	-0.340
718.376	305.731	-2.249	-0.339
718.576	307.719	-2.221	-0.341
718.676	308.865	-2.243	-0.331
718.876	310.885	-2.205	-0.327
719.076	312.871	-2.181	-0.336
719.276	314.883	-2.181	-0.339
719.476	316.897	-2.191	-0.360
719.676	319.005	-2.165	-0.339
719.876	321.041	-2.159	-0.325
720.076	323.040	-2.117	-0.319
720.276	325.213	-2.138	-0.349
720.476	327.201	-2.106	-0.341
720.676	329.178	-2.123	-0.349
720.876	331.188	-2.104	-0.336
721.076	333.255	-2.111	-0.338
721.276	335.201	-2.066	-0.328
721.476	337.344	-2.072	-0.352
721.676	339.314	-2.052	-0.347
721.876	341.373	-2.065	-0.348
722.076	343.338	-2.033	-0.339
722.276	345.532	-2.054	-0.339
722.476	347.428	-1.993	-0.331
722.676	349.446	-2.012	-0.354
722.876	351.480	-2.005	-0.347
723.076	353.530	-2.000	-0.337
723.276	355.556	-1.986	-0.351
723.476	357.569	-1.961	-0.333
723.676	359.602	-1.982	-0.354
723.876	361.751	-1.957	-0.354
724.076	363.842	-1.956	-0.333
724.276	365.827	-1.951	-0.343
724.476	367.800	-1.921	-0.340
724.676	369.806	-1.928	-0.351
724.876	371.801	-1.894	-0.336
725.076	373.975	-1.908	-0.367
725.276	375.958	-1.894	-0.340
725.476	378.011	-1.885	-0.329
725.676	380.036	-1.858	-0.355
725.876	382.095	-1.863	-0.356
726.076	384.116	-1.837	-0.365
726.276	386.181	-1.828	-0.343
726.476	388.207	-1.796	-0.348
726.676	390.070	-1.753	-0.337
726.876	391.177	-1.735	-0.359
727.076	391.507	-1.715	-0.375
987.976	0.001	-4.832	0.444
988.176	0.061	-4.871	0.374
988.276	0.339	-4.905	0.387
988.476	1.517	-4.855	0.406
988.676	3.343	-4.881	0.386
988.876	5.480	-4.868	0.406
989.076	7.446	-4.861	0.397
989.276	9.496	-4.862	0.414
989.476	11.530	-4.848	0.392
989.676	13.540	-4.884	0.385
989.876	15.589	-4.891	0.381
990.076	17.590	-4.859	0.417
990.176	18.752	-4.863	0.405
990.376	20.675	-4.854	0.396
990.576	22.689	-4.863	0.385
990.676	23.826	-4.895	0.361
990.876	25.716	-4.859	0.398
990.976	26.825	-4.893	0.355
991.176	28.850	-4.888	0.385
991.376	30.875	-4.864	0.387
991.576	32.880	-4.848	0.390
991.776	34.904	-4.853	0.340
991.976	36.917	-4.157	0.110
992.076	38.025	-4.141	0.018
992.276	39.958	-4.147	-0.066
992.376	41.053	-4.124	-0.033
992.576	43.038	-4.128	-0.066
992.776	45.041	-4.077	-0.053
992.876	46.147	-4.062	-0.116
993.076	48.143	-4.053	-0.120
993.276	50.245	-4.015	-0.125
993.476	52.332	-3.996	-0.130
993.676	54.297	-3.975	-0.138
993.876	56.320	-3.953	-0.135
994.076	58.325	-3.947	-0.168
994.276	60.316	-3.928	-0.162
994.376	61.490	-3.876	-0.180
994.576	63.544	-3.922	-0.214
994.776	65.527	-3.876	-0.183
994.976	67.440	-3.883	-0.214
995.177	69.476	-3.838	-0.215
995.276	70.624	-3.824	-0.231
995.476	72.526	-3.835	-0.224
995.677	74.654	-3.828	-0.253
995.877	76.658	-3.796	-0.225
996.077	78.684	-3.795	-0.274
996.276	80.661	-3.751	-0.242
996.476	82.689	-3.759	-0.278
996.676	84.710	-3.735	-0.230
996.776	85.822	-3.738	-0.220
996.976	87.857	-3.728	-0.233
997.176	89.849	-3.707	-0.241
997.376	92.027	-3.672	-0.213
997.576	93.948	-3.673	-0.262
997.776	95.904	-3.652	-0.248
997.976	98.060	-3.667	-0.268
998.176	99.988	-3.626	-0.237
998.276	101.143	-3.650	-0.268
998.476	103.137	-3.620	-0.260
998.676	105.219	-3.568	-0.271
998.876	107.191	-3.575	-0.273
999.076	109.192	-3.584	-0.289
999.276	111.173	-3.584	-0.280
999.476	113.246	-3.560	-0.278
999.676	115.238	-3.550	-0.257
999.876	117.367	-3.508	-0.261
1000.076	119.378	-3.504	-0.270
1000.276	121.360	-3.514	-0.298
1000.476	123.452	-3.502	-0.293
1000.676	125.429	-3.499	-0.276
1000.776	126.557	-3.456	-0.245
1000.976	128.572	-3.451	-0.279
1001.176	130.547	-3.448	-0.297
1001.376	132.574	-3.428	-0.307
1001.576	134.581	-3.424	-0.297
1001.776	136.707	-3.409	-0.294
1001.976	138.672	-3.404	-0.290
1002.176	140.765	-3.364	-0.276
1002.376	142.770	-3.367	-0.295
1002.576	144.795	-3.361	-0.327
1002.776	146.878	-3.351	-0.302
1002.976	148.841	-3.334	-0.302
1003.176	150.925	-3.315	-0.294
1003.376	153.025	-3.293	-0.303
1003.576	154.958	-3.264	-0.303
1003.776	157.070	-3.292	-0.330
1003.976	158.982	-3.271	-0.326
1004.176	161.136	-3.269	-0.312
1004.376	163.127	-3.222	-0.304
1004.576	165.095	-3.204	-0.306
1004.776	167.131	-3.183	-0.303
1004.976	169.181	-3.180	-0.330
1005.176	171.243	-3.177	-0.323
1005.376	173.322	-3.186	-0.346
1005.576	175.423	-3.132	-0.299
1005.776	177.406	-3.128	-0.314
1005.976	179.354	-3.087	-0.306
1006.176	181.457	-3.101	-0.336
1006.376	183.440	-3.076	-0.335
1006.576	185.531	-3.092	-0.327
1006.776	187.620	-3.053	-0.316
1006.976	189.550	-3.043	-0.303
1007.176	191.637	-3.001	-0.302
1007.376	193.630	-2.994	-0.335
1007.576	195.776	-2.988	-0.341
1007.776	197.737	-3.003	-0.340
1007.976	199.682	-2.975	-0.329
1008.177	201.708	-2.964	-0.318
1008.376	203.754	-2.908	-0.306
1008.576	205.861	-2.908	-0.338
1008.776	207.935	-2.886	-0.343
1008.976	209.936	-2.904	-0.342
1009.176	211.879	-2.876	-0.329
1009.376	213.948	-2.880	-0.320
1009.576	215.972	-2.835	-0.315
1009.776	217.972	-2.805	-0.312
1009.976	220.096	-2.802	-0.340
1010.176	222.087	-2.808	-0.349
1010.376	224.258	-2.796	-0.345
1010.576	226.161	-2.783	-0.317
1010.776	228.182	-2.761	-0.324
1010.976	230.380	-2.716	-0.300
1011.176	232.268	-2.719	-0.348
1011.376	234.255	-2.702	-0.339
1011.476	235.397	-2.719	-0.363
1011.676	237.306	-2.712	-0.350
1011.776	238.414	-2.657	-0.320
1011.976	240.509	-2.681	-0.323
1012.176	242.495	-2.639	-0.311
1012.377	244.611	-2.630	-0.339
1012.576	246.578	-2.616	-0.345
1012.776	248.582	-2.619	-0.352
1012.976	250.531	-2.610	-0.334
1013.176	252.679	-2.577	-0.335
1013.376	254.595	-2.551	-0.312
1013.576	256.756	-2.552	-0.352
1013.776	258.710	-2.518	-0.329
1013.976	260.709	-2.552	-0.374
1014.076	261.845	-2.522	-0.336
1014.276	263.826	-2.519	-0.324
1014.476	265.971	-2.474	-0.311
1014.676	267.814	-2.461	-0.332
1014.776	268.928	-2.468	-0.336
1014.976	271.025	-2.434	-0.341
1015.176	273.012	-2.445	-0.346
1015.376	274.980	-2.438	-0.353
1015.576	277.058	-2.440	-0.343
1015.776	279.043	-2.400	-0.315
1015.976	281.199	-2.372	-0.330
1016.176	283.195	-2.358	-0.331
1016.376	285.253	-2.369	-0.356
1016.576	287.236	-2.346	-0.353
1016.777	289.216	-2.355	-0.335
1016.876	290.363	-2.333	-0.327
1017.077	292.250	-2.328	-0.332
1017.277	294.312	-2.284	-0.333
1017.477	296.472	-2.291	-0.350
1017.677	298.446	-2.281	-0.348
1017.877	300.373	-2.306	-0.351
1018.076	302.530	-2.260	-0.325
1018.276	304.476	-2.267	-0.342
1018.476	306.653	-2.216	-0.330
1018.676	308.636	-2.211	-0.343
1018.876	310.578	-2.214	-0.346
1019.076	312.618	-2.226	-0.355
1019.276	314.631	-2.189	-0.336
1019.376	315.799	-2.185	-0.343
1019.576	317.681	-2.168	-0.325
1019.776	319.798	-2.178	-0.343
1019.976	321.822	-2.132	-0.327
1020.176	323.834	-2.148	-0.359
1020.376	325.798	-2.142	-0.356
1020.576	328.035	-2.144	-0.348
1020.776	330.011	-2.116	-0.324
1020.976	331.949	-2.116	-0.336
1021.176	333.990	-2.067	-0.321
1021.376	335.988	-2.070	-0.340
1021.576	338.155	-2.065	-0.334
1021.776	340.121	-2.077	-0.362
1021.976	342.207	-2.052	-0.321
1022.176	344.148	-2.053	-0.341
1022.376	346.209	-2.027	-0.327
1022.576	348.219	-2.027	-0.351
1022.776	350.332	-2.006	-0.346
1022.976	352.304	-2.006	-0.351
1023.176	354.342	-2.006	-0.347
1023.376	356.349	-1.996	-0.338
1023.576	358.384	-1.961	-0.328
1023.776	360.459	-1.957	-0.340
1023.976	362.417	-1.952	-0.371
1024.176	364.475	-1.952	-0.350
1024.377	366.492	-1.939	-0.341
1024.476	367.667	-1.972	-0.366
1024.676	369.563	-1.917	-0.317
1024.876	371.665	-1.904	-0.341
1025.076	373.680	-1.887	-0.340
1025.276	375.705	-1.911	-0.387
1025.476	377.706	-1.892	-0.356
1025.676	379.731	-1.892	-0.352
1025.876	381.903	-1.841	-0.328
1026.076	383.993	-1.833	-0.351
1026.276	385.887	-1.805	-0.339
1026.476	387.872	-1.797	-0.364
1026.576	389.021	-1.796	-0.354
1026.776	390.582	-1.766	-0.372
1026.976	391.407	-1.743	-0.340
1027.176	391.507	-1.738	-0.357
1287.977	0.001	-4.891	0.401
1288.177	0.021	-4.872	0.414
1288.377	0.560	-4.883	0.400
1288.577	1.918	-4.855	0.398
1288.777	3.827	-4.861	0.404
1288.976	5.877	-4.862	0.406
1289.176	7.868	-4.860	0.397
1289.376	10.082	-4.879	0.367
1289.576	12.047	-4.877	0.374
1289.776	14.145	-4.882	0.386
1289.976	16.007	-4.889	0.378
1290.177	18.133	-4.871	0.395
1290.377	20.138	-4.867	0.382
1290.577	22.163	-4.853	0.398
1290.777	24.266	-4.873	0.363
1290.977	26.307	-4.863	0.359
1291.176	28.291	-4.890	0.352
1291.376	30.251	-4.852	0.373
1291.577	32.406	-4.886	0.348
1291.777	34.340	-4.853	0.349
1291.977	36.477	-4.342	0.152
1292.177	38.391	-4.117	-0.012
1292.376	40.537	-4.121	-0.052
1292.577	42.578	-4.102	-0.057
1292.777	44.552	-4.129	-0.089
1292.977	46.597	-4.067	-0.075
1293.177	48.578	-4.049	-0.095
1293.376	50.611	-3.986	-0.086
1293.576	52.672	-3.992	-0.108
1293.777	54.652	-3.956	-0.144
1293.977	56.754	-3.944	-0.135
1294.177	58.757	-3.948	-0.182
1294.377	60.923	-3.931	-0.180
1294.577	62.922	-3.909	-0.164
1294.776	64.908	-3.882	-0.189
1294.977	66.913	-3.849	-0.196
1295.177	68.938	-3.846	-0.222
1295.377	70.940	-3.826	-0.225
1295.576	73.158	-3.830	-0.254
1295.777	75.143	-3.808	-0.240
1295.976	77.229	-3.786	-0.273
1296.177	79.147	-3.770	-0.267
1296.377	81.234	-3.751	-0.248
1296.577	83.309	-3.732	-0.260
1296.777	85.242	-3.719	-0.222
1296.977	87.283	-3.723	-0.255
1297.177	89.252	-3.713	-0.237
1297.377	91.373	-3.697	-0.240
1297.576	93.411	-3.658	-0.230
1297.777	95.356	-3.643	-0.242
1297.877	96.512	-3.653	-0.262
1298.077	98.518	-3.627	-0.247
1298.277	100.428	-3.616	-0.253
1298.476	102.658	-3.615	-0.282
1298.677	104.601	-3.603	-0.268
1298.877	106.584	-3.582	-0.268
1299.077	108.720	-3.583	-0.268
1299.277	110.729	-3.551	-0.279
1299.477	112.697	-3.538	-0.267
1299.676	114.792	-3.515	-0.280
1299.877	116.776	-3.518	-0.289
1300.077	118.934	-3.517	-0.309
1300.277	120.804	-3.504	-0.272
1300.477	122.940	-3.491	-0.294
1300.676	124.920	-3.475	-0.267
1300.877	127.009	-3.475	-0.273
1301.077	128.973	-3.445	-0.264
1301.277	131.062	-3.432	-0.294
1301.477	133.003	-3.431	-0.291
1301.577	134.153	-3.421	-0.304
1301.776	136.163	-3.415	-0.287
1301.977	138.162	-3.390	-0.288
1302.177	140.128	-3.384	-0.276
1302.377	142.292	-3.354	-0.290
1302.577	144.222	-3.353	-0.297
1302.777	146.286	-3.335	-0.306
1302.977	148.372	-3.320	-0.311
1303.176	150.373	-3.309	-0.319
1303.377	152.318	-3.311	-0.319
1303.577	154.474	-3.287	-0.310
1303.777	156.537	-3.271	-0.295
1303.976	158.434	-3.258	-0.302
1304.177	160.560	-3.240	-0.320
1304.377	162.594	-3.220	-0.318
1304.577	164.611	-3.208	-0.324
1304.777	166.623	-3.194	-0.336
1304.977	168.648	-3.198	-0.313
1305.177	170.682	-3.170	-0.308
1305.376	172.733	-3.179	-0.325
1305.576	174.743	-3.134	-0.305
1305.777	176.748	-3.125	-0.309
1305.876	177.903	-3.076	-0.325
1306.076	179.776	-3.104	-0.338
1306.177	180.906	-3.111	-0.310
1306.377	182.912	-3.090	-0.350
1306.577	184.880	-3.077	-0.312
1306.777	187.026	-3.072	-0.320
1306.977	189.052	-3.044	-0.314
1307.177	191.007	-3.022	-0.320
1307.377	193.016	-2.986	-0.321
1307.577	195.165	-2.987	-0.347
1307.777	197.246	-2.981	-0.336
1307.976	199.272	-2.968	-0.336
1308.176	201.200	-2.976	-0.342
1308.377	203.217	-2.963	-0.335
1308.577	205.213	-2.907	-0.309
1308.777	207.301	-2.891	-0.323
1308.977	209.300	-2.868	-0.319
1309.077	210.469	-2.885	-0.385
1309.277	212.352	-2.873	-0.340
1309.476	214.490	-2.856	-0.318
1309.677	216.517	-2.871	-0.342
1309.877	218.521	-2.825	-0.328
1310.077	220.505	-2.821	-0.318
1310.276	222.578	-2.787	-0.320
1310.477	224.662	-2.775	-0.326
1310.676	226.589	-2.756	-0.324
1310.876	228.771	-2.742	-0.340
1311.076	230.717	-2.745	-0.344
1311.276	232.676	-2.732	-0.348
1311.377	233.785	-2.705	-0.318
1311.577	235.715	-2.719	-0.330
1311.777	237.882	-2.665	-0.317
1311.977	239.825	-2.672	-0.332
1312.176	241.864	-2.631	-0.328
1312.377	243.980	-2.649	-0.346
1312.576	245.959	-2.646	-0.360
1312.777	248.091	-2.627	-0.327
1312.976	250.058	-2.600	-0.323
1313.177	252.159	-2.586	-0.333
1313.377	254.164	-2.559	-0.311
1313.577	256.085	-2.549	-0.331
1313.777	258.149	-2.533	-0.333
1313.977	260.131	-2.559	-0.361
1314.076	261.281	-2.490	-0.321
1314.277	263.286	-2.514	-0.346
1314.477	265.316	-2.498	-0.346
1314.677	267.373	-2.500	-0.337
1314.876	269.360	-2.453	-0.307
1315.076	271.327	-2.455	-0.329
1315.277	273.457	-2.430	-0.319
1315.476	275.485	-2.424	-0.349
1315.677	277.447	-2.411	-0.339
1315.876	279.496	-2.412	-0.363
1316.076	281.504	-2.399	-0.330
1316.176	282.610	-2.372	-0.316
1316.377	284.557	-2.389	-0.328
1316.576	286.722	-2.348	-0.331
1316.777	288.683	-2.347	-0.335
1316.977	290.744	-2.324	-0.339
1317.177	292.732	-2.318	-0.347
1317.376	294.858	-2.316	-0.356
1317.577	296.816	-2.299	-0.347
1317.777	298.818	-2.292	-0.338
1317.977	300.874	-2.292	-0.338
1318.177	302.899	-2.265	-0.327
1318.377	305.028	-2.249	-0.323
1318.576	307.118	-2.215	-0.339
1318.777	309.102	-2.234	-0.344
1318.977	311.056	-2.219	-0.360
1319.177	313.153	-2.225	-0.337
1319.377	315.141	-2.217	-0.359
1319.577	317.272	-2.199	-0.327
1319.777	319.188	-2.176	-0.334
1319.977	321.272	-2.159	-0.312
1320.177	323.285	-2.151	-0.347
1320.377	325.343	-2.134	-0.333
1320.577	327.355	-2.142	-0.357
1320.777	329.370	-2.134	-0.343
1320.977	331.429	-2.140	-0.353
1321.177	333.445	-2.110	-0.310
1321.376	335.513	-2.104	-0.326
1321.577	337.555	-2.074	-0.321
1321.777	339.545	-2.069	-0.348
1321.977	341.547	-2.046	-0.343
1322.176	343.548	-2.072	-0.363
1322.277	344.661	-2.066	-0.345
1322.477	346.642	-2.043	-0.340
1322.676	348.779	-2.046	-0.334
1322.877	350.788	-2.011	-0.324
1323.077	352.753	-2.020	-0.341
1323.277	354.835	-1.976	-0.337
1323.477	356.836	-1.966	-0.335
1323.677	358.840	-1.973	-0.360
1323.877	360.906	-1.965	-0.350
1324.077	362.890	-1.968	-0.350
1324.177	364.057	-2.004	-0.366
1324.377	366.061	-1.933	-0.321
1324.576	368.093	-1.953	-0.351
1324.776	370.095	-1.891	-0.320
1324.976	372.082	-1.923	-0.364
1325.176	374.198	-1.900	-0.364
1325.377	376.219	-1.913	-0.352
1325.576	378.196	-1.884	-0.347
1325.777	380.363	-1.880	-0.346
1325.977	382.335	-1.855	-0.338
1326.177	384.250	-1.835	-0.345
1326.377	386.381	-1.802	-0.335
1326.577	388.381	-1.800	-0.365
1326.777	390.174	-1.754	-0.346
1326.977	391.252	-1.740	-0.351
1327.176	391.506	-1.727	-0.353
1588.277	0.001	-4.904	0.410
1588.477	0.222	-4.882	0.412
1588.677	1.179	-4.844	0.439
1588.877	2.882	-4.858	0.418
1589.077	4.956	-4.857	0.434
1589.277	6.939	-4.875	0.410
1589.377	8.089	-4.867	0.417
1589.577	10.089	-4.871	0.419
1589.777	12.075	-4.875	0.412
1589.977	14.100	-4.869	0.413
1590.177	16.101	-4.878	0.427
1590.277	17.202	-4.855	0.425
1590.476	19.278	-4.887	0.436
1590.677	21.217	-4.855	0.453
1590.877	23.397	-4.877	0.426
1591.077	25.389	-4.863	0.418
1591.277	27.444	-4.883	0.406
1591.477	29.442	-4.872	0.415
1591.677	31.372	-4.870	0.422
1591.877	33.539	-4.867	0.388
1592.077	35.524	-4.693	0.340
1592.277	37.508	-4.140	0.041
1592.477	39.571	-4.131	-0.057
1592.677	41.565	-4.100	-0.089
1592.877	43.686	-4.106	-0.091
1593.077	45.652	-4.067	-0.104
1593.277	47.686	-4.057	-0.137
1593.477	49.713	-4.024	-0.143
1593.677	51.750	-4.007	-0.140
1593.877	53.730	-3.975	-0.162
1594.077	55.951	-3.951	-0.146
1594.277	57.931	-3.949	-0.178
1594.477	59.881	-3.918	-0.186
1594.677	61.983	-3.903	-0.201
1594.877	63.955	-3.867	-0.213
1595.077	66.104	-3.877	-0.245
1595.276	68.008	-3.870	-0.221
1595.477	70.079	-3.858	-0.239
1595.677	72.116	-3.819	-0.231
1595.877	74.161	-3.817	-0.258
1596.077	76.263	-3.773	-0.247
1596.277	78.219	-3.762	-0.285
1596.477	80.272	-3.741	-0.264
1596.677	82.233	-3.754	-0.314
1596.877	84.354	-3.720	-0.235
1597.077	86.484	-3.732	-0.246
1597.277	88.440	-3.703	-0.222
1597.476	90.430	-3.674	-0.228
1597.676	92.387	-3.649	-0.233
1597.777	93.508	-3.669	-0.269
1597.977	95.570	-3.629	-0.255
1598.177	97.514	-3.630	-0.269
1598.377	99.547	-3.624	-0.264
1598.577	101.724	-3.624	-0.271
1598.777	103.604	-3.588	-0.269
1598.977	105.740	-3.588	-0.268
1599.177	107.769	-3.565	-0.264
1599.377	109.800	-3.527	-0.266
1599.577	111.807	-3.519	-0.257
1599.777	113.807	-3.514	-0.291
1599.977	115.810	-3.517	-0.291
1600.177	117.845	-3.505	-0.318
1600.377	119.899	-3.483	-0.284
1600.577	121.888	-3.511	-0.314
1600.677	123.053	-3.450	-0.263
1600.877	125.001	-3.474	-0.285
1601.077	127.001	-3.464	-0.292
1601.277	129.166	-3.441	-0.284
1601.477	131.100	-3.436	-0.296
1601.676	133.246	-3.396	-0.294
1601.876	135.150	-3.405	-0.292
1602.076	137.259	-3.400	-0.308
1602.276	139.278	-3.398	-0.289
1602.476	141.308	-3.394	-0.314
1602.677	143.300	-3.375	-0.281
1602.877	145.435	-3.381	-0.305
1603.077	147.421	-3.321	-0.271
1603.277	149.403	-3.308	-0.288
1603.477	151.496	-3.290	-0.306
1603.677	153.478	-3.289	-0.314
1603.877	155.646	-3.282	-0.309
1604.077	157.513	-3.295	-0.333
1604.277	159.635	-3.267	-0.305
1604.477	161.658	-3.265	-0.312
1604.677	163.698	-3.206	-0.283
1604.877	165.646	-3.218	-0.314
1605.076	167.747	-3.172	-0.292
1605.277	169.698	-3.175	-0.323
1605.377	170.833	-3.183	-0.318
1605.577	172.829	-3.152	-0.328
1605.777	174.810	-3.150	-0.319
1605.977	176.970	-3.138	-0.346
1606.177	178.974	-3.122	-0.312
1606.377	180.905	-3.122	-0.332
1606.577	182.942	-3.064	-0.290
1606.777	185.006	-3.079	-0.314
1606.977	187.187	-3.038	-0.322
1607.177	189.124	-3.043	-0.326
1607.377	191.040	-3.015	-0.343
1607.576	193.089	-3.017	-0.340
1607.777	195.257	-3.016	-0.341
1607.977	197.303	-2.979	-0.329
1608.177	199.195	-2.981	-0.314
1608.377	201.346	-2.955	-0.322
1608.577	203.351	-2.924	-0.300
1608.777	205.379	-2.908	-0.339
1608.977	207.361	-2.899	-0.326
1609.177	209.398	-2.904	-0.358
1609.377	211.443	-2.860	-0.325
1609.577	213.558	-2.883	-0.354
1609.776	215.511	-2.853	-0.333
1609.978	217.603	-2.853	-0.331
1610.178	219.609	-2.816	-0.319
1610.378	221.630	-2.805	-0.324
1610.578	223.677	-2.775	-0.324
1610.778	225.686	-2.764	-0.334
1610.979	227.737	-2.753	-0.333
1611.177	229.879	-2.766	-0.359
1611.377	231.862	-2.738	-0.330
1611.577	233.781	-2.726	-0.347
1611.777	235.845	-2.712	-0.339
1611.977	237.979	-2.692	-0.325
1612.177	239.980	-2.676	-0.325
1612.377	241.955	-2.651	-0.326
1612.577	244.017	-2.637	-0.326
1612.777	246.078	-2.613	-0.346
1612.977	248.042	-2.599	-0.324
1613.177	250.181	-2.618	-0.362
1613.377	252.281	-2.585	-0.343
1613.577	254.287	-2.600	-0.349
1613.777	256.238	-2.563	-0.326
1613.977	258.315	-2.567	-0.318
1614.177	260.278	-2.508	-0.319
1614.377	262.402	-2.506	-0.320
1614.576	264.282	-2.490	-0.351
1614.677	265.384	-2.502	-0.352
1614.877	267.441	-2.467	-0.337
1615.077	269.423	-2.470	-0.357
1615.277	271.509	-2.458	-0.323
1615.477	273.459	-2.463	-0.350
1615.577	274.577	-2.421	-0.313
1615.777	276.631	-2.416	-0.318
1615.977	278.549	-2.417	-0.341
1616.077	279.685	-2.388	-0.354
1616.277	281.651	-2.383	-0.334
1616.477	283.648	-2.358	-0.330
1616.677	285.670	-2.376	-0.359
1616.877	287.740	-2.350	-0.344
1617.077	289.739	-2.347	-0.350
1617.278	291.867	-2.351	-0.351
1617.477	293.878	-2.337	-0.342
1617.678	295.874	-2.293	-0.310
1617.878	297.967	-2.294	-0.324
1618.078	299.950	-2.264	-0.321
1618.277	302.126	-2.264	-0.342
1618.476	303.998	-2.259	-0.353
1618.677	306.126	-2.267	-0.363
1618.877	308.141	-2.261	-0.345
1619.077	310.166	-2.244	-0.338
1619.277	312.208	-2.214	-0.315
1619.477	314.217	-2.229	-0.344
1619.676	316.219	-2.181	-0.331
1619.777	317.355	-2.220	-0.348
1619.977	319.223	-2.161	-0.338
1620.077	320.330	-2.137	-0.339
1620.277	322.275	-2.180	-0.349
1620.477	324.426	-2.160	-0.360
1620.677	326.465	-2.153	-0.329
1620.877	328.466	-2.147	-0.351
1621.077	330.483	-2.145	-0.326
1621.277	332.633	-2.133	-0.334
1621.477	334.587	-2.094	-0.335
1621.677	336.526	-2.093	-0.336
1621.878	338.588	-2.078	-0.355
1622.078	340.702	-2.046	-0.341
1622.278	342.759	-2.078	-0.356
1622.478	344.672	-2.051	-0.341
1622.678	346.807	-2.052	-0.338
1622.877	348.853	-2.042	-0.340
1623.077	350.897	-2.028	-0.328
1623.277	352.900	-2.005	-0.331
1623.477	354.918	-1.988	-0.317
1623.677	356.892	-1.983	-0.343
1623.877	359.037	-1.965	-0.336
1624.077	360.937	-1.957	-0.355
1624.176	362.043	-1.986	-0.360
1624.377	364.005	-1.957	-0.343
1624.577	366.021	-1.961	-0.353
1624.777	368.178	-1.927	-0.332
1624.977	370.214	-1.930	-0.344
1625.177	372.198	-1.923	-0.339
1625.377	374.169	-1.915	-0.340
1625.577	376.207	-1.881	-0.340
1625.777	378.352	-1.902	-0.365
1625.977	380.407	-1.856	-0.343
1626.177	382.351	-1.871	-0.351
1626.377	384.439	-1.848	-0.364
1626.576	386.441	-1.843	-0.351
1626.777	388.454	-1.801	-0.352
1626.977	390.268	-1.749	-0.310
1627.177	391.291	-1.738	-0.362
1627.377	391.506	-1.700	-0.323
1888.377	0.002	-4.879	0.438
1888.577	0.408	-4.862	0.441
1888.777	1.560	-4.865	0.452
1888.877	2.521	-4.859	0.429
1889.077	4.585	-4.867	0.431
1889.277	6.551	-4.869	0.459
1889.477	8.683	-4.877	0.420
1889.677	10.722	-4.867	0.435
1889.877	12.622	-4.874	0.434
1890.077	14.746	-4.863	0.447
1890.277	16.781	-4.889	0.434
1890.477	18.846	-4.865	0.463
1890.677	20.797	-4.880	0.451
1890.877	22.937	-4.872	0.461
1891.077	24.847	-4.864	0.445
1891.177	25.969	-4.840	0.475
1891.377	27.936	-4.877	0.432
1891.577	30.045	-4.880	0.434
1891.777	32.124	-4.882	0.417
1891.977	34.188	-4.862	0.401
1892.177	36.174	-4.554	0.256
1892.377	38.149	-4.123	0.024
1892.577	40.146	-4.124	-0.044
1892.777	42.174	-4.116	-0.071
1892.977	44.185	-4.095	-0.099
1893.177	46.272	-4.070	-0.093
1893.377	48.346	-4.029	-0.133
1893.577	50.330	-4.007	-0.105
1893.777	52.455	-3.997	-0.169
1893.977	54.462	-3.959	-0.125
1894.177	56.423	-3.981	-0.189
1894.377	58.422	-3.938	-0.174
1894.577	60.464	-3.938	-0.190
1894.677	61.581	-3.875	-0.136
1894.877	63.563	-3.884	-0.206
1895.077	65.568	-3.883	-0.203
1895.177	66.709	-3.845	-0.205
1895.377	68.649	-3.840	-0.223
1895.577	70.606	-3.826	-0.245
1895.777	72.696	-3.830	-0.261
1895.977	74.733	-3.790	-0.264
1896.177	76.710	-3.791	-0.281
1896.377	78.859	-3.755	-0.275
1896.577	80.877	-3.757	-0.280
1896.777	82.909	-3.724	-0.266
1896.977	84.927	-3.721	-0.227
1897.177	87.064	-3.674	-0.240
1897.377	89.075	-3.676	-0.236
1897.577	91.058	-3.650	-0.254
1897.777	93.156	-3.657	-0.263
1897.977	95.144	-3.634	-0.260
1898.177	97.109	-3.621	-0.261
1898.377	99.207	-3.607	-0.256
1898.577	101.200	-3.609	-0.255
1898.777	103.179	-3.583	-0.262
1898.977	105.246	-3.565	-0.267
1899.177	107.256	-3.538	-0.284
1899.377	109.426	-3.529	-0.265
1899.577	111.346	-3.520	-0.287
1899.777	113.454	-3.512	-0.284
1899.977	115.479	-3.539	-0.309
1900.177	117.418	-3.493	-0.289
1900.377	119.593	-3.505	-0.288
1900.577	121.576	-3.490	-0.285
1900.777	123.525	-3.473	-0.266
1900.977	125.559	-3.457	-0.264
1901.177	127.572	-3.435	-0.267
1901.277	128.677	-3.451	-0.281
1901.477	130.731	-3.426	-0.293
1901.677	132.807	-3.404	-0.267
1901.878	134.836	-3.394	-0.284
1902.079	136.862	-3.403	-0.304
1902.277	138.851	-3.398	-0.289
1902.477	140.985	-3.397	-0.304
1902.679	142.982	-3.372	-0.284
1902.877	144.935	-3.372	-0.269
1903.077	147.016	-3.333	-0.271
1903.277	149.016	-3.317	-0.276
1903.477	150.981	-3.288	-0.292
1903.677	153.066	-3.281	-0.293
1903.877	155.132	-3.277	-0.325
1904.077	157.182	-3.285	-0.316
1904.277	159.134	-3.259	-0.335
1904.477	161.159	-3.256	-0.308
1904.677	163.183	-3.243	-0.319
1904.877	165.263	-3.216	-0.299
1905.077	167.248	-3.181	-0.307
1905.277	169.329	-3.171	-0.298
1905.477	171.314	-3.175	-0.323
1905.677	173.446	-3.144	-0.293
1905.877	175.430	-3.140	-0.334
1906.077	177.434	-3.103	-0.316
1906.277	179.451	-3.117	-0.348
1906.377	180.619	-3.087	-0.332
1906.577	182.546	-3.075	-0.324
1906.777	184.569	-3.102	-0.352
1906.977	186.591	-3.047	-0.304
1907.177	188.678	-3.067	-0.314
1907.377	190.689	-3.017	-0.313
1907.577	192.733	-3.021	-0.305
1907.777	194.765	-2.978	-0.324
1907.977	196.740	-2.967	-0.320
1908.177	198.789	-2.979	-0.352
1908.377	200.835	-2.948	-0.323
1908.577	202.974	-2.944	-0.342
1908.777	205.057	-2.924	-0.336
1908.977	207.051	-2.926	-0.346
1909.177	209.028	-2.903	-0.323
1909.377	211.021	-2.881	-0.319
1909.577	213.042	-2.867	-0.318
1909.777	215.064	-2.844	-0.326
1909.977	217.209	-2.824	-0.327
1910.177	219.144	-2.811	-0.345
1910.377	221.159	-2.798	-0.331
1910.477	222.271	-2.808	-0.350
1910.677	224.238	-2.789	-0.344
1910.877	226.284	-2.770	-0.335
1911.077	228.294	-2.781	-0.343
1911.277	230.419	-2.760	-0.325
1911.477	232.461	-2.737	-0.321
1911.677	234.434	-2.707	-0.325
1911.877	236.572	-2.695	-0.326
1912.077	238.523	-2.663	-0.325
1912.277	240.504	-2.652	-0.330
1912.477	242.600	-2.635	-0.332
1912.677	244.577	-2.648	-0.356
1912.877	246.735	-2.628	-0.337
1913.077	248.736	-2.633	-0.353
1913.277	250.739	-2.603	-0.329
1913.477	252.744	-2.591	-0.338
1913.677	254.811	-2.558	-0.321
1913.877	256.920	-2.576	-0.315
1914.077	258.820	-2.535	-0.322
1914.277	260.960	-2.511	-0.315
1914.477	262.986	-2.513	-0.362
1914.677	264.996	-2.494	-0.334
1914.877	266.981	-2.492	-0.341
1915.077	269.115	-2.487	-0.344
1915.277	271.050	-2.479	-0.349
1915.477	273.146	-2.454	-0.340
1915.677	275.069	-2.421	-0.316
1915.877	277.218	-2.433	-0.332
1916.077	279.218	-2.406	-0.336
1916.277	281.186	-2.388	-0.328
1916.477	283.230	-2.364	-0.333
1916.677	285.302	-2.354	-0.341
1916.877	287.367	-2.360	-0.359
1917.077	289.356	-2.346	-0.337
1917.277	291.389	-2.353	-0.362
1917.477	293.405	-2.335	-0.346
1917.677	295.545	-2.332	-0.348
1917.877	297.636	-2.300	-0.319
1918.077	299.636	-2.293	-0.332
1918.277	301.580	-2.268	-0.322
1918.477	303.670	-2.258	-0.334
1918.677	305.619	-2.242	-0.325
1918.877	307.659	-2.252	-0.360
1919.077	309.709	-2.222	-0.342
1919.277	311.760	-2.265	-0.360
1919.477	313.756	-2.228	-0.345
1919.677	315.823	-2.226	-0.326
1919.877	317.960	-2.201	-0.321
1920.077	319.953	-2.185	-0.325
1920.277	321.932	-2.182	-0.335
1920.477	324.030	-2.158	-0.344
1920.677	326.036	-2.139	-0.331
1920.877	327.978	-2.144	-0.361
1921.077	330.023	-2.124	-0.326
1921.277	332.109	-2.144	-0.366
1921.477	334.151	-2.115	-0.330
1921.677	336.190	-2.129	-0.351
1921.877	338.178	-2.084	-0.322
1922.077	340.213	-2.096	-0.339
1922.277	342.248	-2.074	-0.321
1922.477	344.243	-2.067	-0.326
1922.677	346.480	-2.019	-0.334
1922.877	348.458	-2.038	-0.349
1923.077	350.417	-2.017	-0.348
1923.277	352.370	-2.010	-0.356
1923.377	353.467	-2.002	-0.333
1923.577	355.602	-1.999	-0.355
1923.777	357.589	-2.004	-0.344
1923.977	359.544	-1.977	-0.340
1924.177	361.558	-1.970	-0.329
1924.377	363.622	-1.965	-0.343
1924.577	365.709	-1.939	-0.331
1924.777	367.751	-1.929	-0.346
1924.977	369.700	-1.913	-0.341
1925.177	371.763	-1.925	-0.367
1925.377	373.765	-1.887	-0.349
1925.577	375.877	-1.933	-0.383
1925.779	377.876	-1.885	-0.347
1925.977	379.874	-1.893	-0.349
1926.177	381.984	-1.864	-0.334
1926.377	384.017	-1.845	-0.336
1926.578	385.982	-1.822	-0.327
1926.778	388.069	-1.768	-0.339
1926.977	389.932	-1.758	-0.344
1927.177	391.173	-1.733	-0.368
1927.377	391.507	-1.714	-0.356
2188.378	0.001	-4.889	0.455
2188.577	0.280	-4.885	0.452
2188.777	1.273	-4.890	0.456
2188.977	3.093	-4.871	0.478
2189.177	5.170	-4.873	0.454
2189.377	7.249	-4.864	0.455
2189.577	9.231	-4.885	0.452
2189.777	11.172	-4.863	0.476
2189.977	13.344	-4.867	0.461
2190.177	15.267	-4.858	0.464
2190.377	17.392	-4.867	0.443
2190.577	19.432	-4.863	0.460
2190.777	21.485	-4.860	0.436
2190.977	23.396	-4.864	0.466
2191.077	24.474	-4.877	0.424
2191.277	26.517	-4.884	0.443
2191.477	28.524	-4.869	0.455
2191.677	30.700	-4.874	0.442
2191.877	32.559	-4.888	0.432
2192.077	34.756	-4.881	0.416
2192.277	36.652	-4.280	0.170
2192.477	38.654	-4.112	0.020
2192.577	39.815	-4.083	0.001
2192.777	41.723	-4.114	-0.063
2192.877	42.833	-4.083	-0.061
2193.077	44.860	-4.078	-0.096
2193.277	46.870	-4.043	-0.104
2193.477	48.840	-4.031	-0.130
2193.677	50.867	-4.024	-0.136
2193.877	53.042	-3.995	-0.159
2194.077	55.000	-3.979	-0.139
2194.277	57.037	-3.969	-0.165
2194.477	59.026	-3.936	-0.176
2194.677	61.226	-3.939	-0.187
2194.877	63.145	-3.887	-0.167
2195.077	65.213	-3.875	-0.203
2195.277	67.159	-3.849	-0.190
2195.477	69.241	-3.859	-0.220
2195.677	71.311	-3.814	-0.214
2195.877	73.239	-3.817	-0.234
2195.977	74.407	-3.778	-0.238
2196.177	76.321	-3.777	-0.251
2196.377	78.323	-3.772	-0.255
2196.477	79.432	-3.718	-0.256
2196.677	81.497	-3.754	-0.268
2196.877	83.489	-3.734	-0.232
2197.077	85.629	-3.717	-0.214
2197.277	87.487	-3.690	-0.193
2197.477	89.517	-3.675	-0.215
2197.677	91.548	-3.625	-0.195
2197.877	93.583	-3.634	-0.230
2198.077	95.728	-3.605	-0.235
2198.277	97.810	-3.622	-0.253
2198.477	99.793	-3.592	-0.258
2198.677	101.754	-3.598	-0.241
2198.877	103.840	-3.582	-0.264
2199.077	105.870	-3.562	-0.253
2199.277	107.845	-3.549	-0.258
2199.477	110.009	-3.543	-0.251
2199.677	111.964	-3.529	-0.257
2199.877	113.949	-3.526	-0.256
2200.077	116.012	-3.500	-0.252
2200.277	118.173	-3.503	-0.256
2200.477	120.100	-3.473	-0.260
2200.677	122.065	-3.463	-0.262
2200.877	124.170	-3.457	-0.275
2201.077	126.189	-3.451	-0.285
2201.278	128.154	-3.444	-0.282
2201.477	130.275	-3.447	-0.304
2201.677	132.279	-3.438	-0.270
2201.877	134.335	-3.416	-0.292
2202.077	136.412	-3.402	-0.265
2202.277	138.437	-3.406	-0.276
2202.477	140.459	-3.376	-0.271
2202.677	142.490	-3.368	-0.282
2202.877	144.456	-3.340	-0.274
2203.077	146.662	-3.338	-0.283
2203.277	148.607	-3.307	-0.306
2203.477	150.565	-3.310	-0.290
2203.677	152.669	-3.291	-0.321
2203.877	154.624	-3.269	-0.295
2203.977	155.766	-3.276	-0.324
2204.177	157.665	-3.270	-0.337
2204.277	158.765	-3.232	-0.277
2204.477	160.823	-3.258	-0.337
2204.677	162.787	-3.245	-0.316
2204.777	163.869	-3.214	-0.269
2204.977	165.847	-3.225	-0.306
2205.177	167.946	-3.189	-0.298
2205.377	170.007	-3.189	-0.318
2205.577	171.981	-3.154	-0.292
2205.777	174.036	-3.154	-0.312
2205.977	176.042	-3.115	-0.306
2206.177	178.125	-3.115	-0.323
2206.377	180.169	-3.065	-0.301
2206.577	182.183	-3.093	-0.338
2206.777	184.248	-3.070	-0.325
2206.977	186.171	-3.079	-0.331
2207.177	188.176	-3.050	-0.328
2207.277	189.322	-3.059	-0.327
2207.477	191.350	-3.040	-0.322
2207.677	193.350	-3.016	-0.323
2207.877	195.375	-3.007	-0.308
2208.077	197.398	-2.998	-0.337
2208.277	199.405	-2.966	-0.306
2208.477	201.429	-2.943	-0.317
2208.677	203.430	-2.902	-0.293
2208.777	204.542	-2.940	-0.358
2208.977	206.486	-2.903	-0.328
2209.077	207.592	-2.865	-0.278
2209.277	209.607	-2.871	-0.337
2209.477	211.620	-2.870	-0.342
2209.678	213.604	-2.889	-0.343
2209.878	215.824	-2.859	-0.330
2210.077	217.807	-2.851	-0.339
2210.277	219.777	-2.820	-0.323
2210.477	221.855	-2.820	-0.325
2210.677	223.865	-2.789	-0.306
2210.877	225.847	-2.784	-0.333
2211.077	227.966	-2.753	-0.321
2211.277	230.032	-2.749	-0.318
2211.477	232.025	-2.709	-0.316
2211.677	234.017	-2.706	-0.334
2211.877	236.041	-2.680	-0.329
2212.077	238.097	-2.663	-0.343
2212.277	240.113	-2.666	-0.345
2212.477	242.088	-2.671	-0.359
2212.678	244.315	-2.661	-0.337
2212.877	246.285	-2.653	-0.358
2213.077	248.253	-2.627	-0.318
2213.277	250.336	-2.616	-0.338
2213.477	252.294	-2.576	-0.306
2213.577	253.359	-2.576	-0.336
2213.777	255.404	-2.569	-0.326
2213.977	257.507	-2.551	-0.313
2214.177	259.469	-2.537	-0.319
2214.377	261.419	-2.494	-0.326
2214.577	263.549	-2.509	-0.343
2214.777	265.517	-2.486	-0.343
2214.877	266.648	-2.506	-0.348
2215.077	268.596	-2.463	-0.337
2215.277	270.687	-2.479	-0.350
2215.477	272.740	-2.460	-0.345
2215.677	274.738	-2.459	-0.347
2215.877	276.712	-2.431	-0.334
2216.077	278.853	-2.439	-0.342
2216.277	280.852	-2.383	-0.317
2216.477	282.889	-2.397	-0.314
2216.677	284.939	-2.370	-0.311
2216.877	286.959	-2.356	-0.337
2217.077	289.003	-2.341	-0.333
2217.277	291.025	-2.329	-0.359
2217.477	293.013	-2.318	-0.336
2217.677	295.054	-2.323	-0.367
2217.877	297.060	-2.302	-0.337
2218.077	299.183	-2.323	-0.364
2218.277	301.261	-2.288	-0.328
2218.477	303.163	-2.306	-0.356
2218.577	304.299	-2.282	-0.345
2218.777	306.183	-2.273	-0.348
2218.877	307.274	-2.276	-0.336
2219.077	309.339	-2.257	-0.342
2219.277	311.303	-2.249	-0.329
2219.377	312.392	-2.190	-0.282
2219.577	314.355	-2.217	-0.352
2219.777	316.483	-2.213	-0.334
2219.977	318.548	-2.189	-0.347
2220.177	320.470	-2.194	-0.334
2220.377	322.625	-2.179	-0.359
2220.578	324.532	-2.171	-0.331
2220.777	326.543	-2.158	-0.361
2220.977	328.718	-2.159	-0.353
2221.177	330.646	-2.168	-0.355
2221.377	332.644	-2.142	-0.334
2221.577	334.677	-2.140	-0.348
2221.777	336.759	-2.119	-0.321
2221.977	338.756	-2.099	-0.313
2222.177	340.764	-2.078	-0.314
2222.377	342.969	-2.082	-0.341
2222.577	344.945	-2.051	-0.326
2222.777	347.052	-2.040	-0.337
2222.977	349.039	-2.027	-0.340
2223.177	351.016	-2.028	-0.353
2223.377	353.000	-2.021	-0.346
2223.577	355.006	-1.983	-0.343
2223.777	357.183	-2.008	-0.370
2223.977	359.166	-1.980	-0.353
2224.177	361.118	-1.991	-0.338
2224.377	363.215	-1.980	-0.346
2224.577	365.174	-1.965	-0.336
2224.677	366.343	-1.940	-0.323
2224.877	368.360	-1.943	-0.330
2225.077	370.296	-1.925	-0.331
2225.277	372.485	-1.923	-0.351
2225.477	374.452	-1.885	-0.335
2225.677	376.373	-1.894	-0.361
2225.877	378.436	-1.873	-0.346
2226.077	380.510	-1.871	-0.355
2226.277	382.504	-1.840	-0.334
2226.477	384.582	-1.846	-0.365
2226.677	386.626	-1.832	-0.360
2226.877	388.691	-1.822	-0.366
2227.077	390.420	-1.768	-0.346
2227.277	391.331	-1.762	-0.349
2227.477	391.507	-1.732	-0.326
2488.478	0.001	-4.874	0.453
2488.677	0.215	-4.885	0.450
2488.878	1.215	-4.871	0.446
2489.078	3.045	-4.893	0.432
2489.278	4.981	-4.875	0.452
2489.478	7.015	-4.883	0.439
2489.678	9.098	-4.879	0.441
2489.878	11.194	-4.902	0.436
2490.078	13.276	-4.870	0.437
2490.277	15.228	-4.894	0.459
2490.477	17.207	-4.878	0.449
2490.678	19.212	-4.883	0.461
2490.878	21.258	-4.859	0.459
2491.077	23.430	-4.880	0.437
2491.278	25.364	-4.866	0.456
2491.478	27.436	-4.881	0.432
2491.678	29.398	-4.875	0.439
2491.777	30.515	-4.911	0.424
2491.978	32.506	-4.903	0.422
2492.178	34.481	-4.889	0.408
2492.378	36.657	-4.353	0.194
2492.577	38.653	-4.140	0.002
2492.777	40.603	-4.125	-0.021
2492.977	42.711	-4.117	-0.032
2493.177	44.751	-4.081	-0.029
2493.377	46.701	-4.078	-0.072
2493.578	48.745	-4.014	-0.064
2493.778	50.866	-4.017	-0.096
2493.978	52.822	-3.980	-0.107
2494.178	54.917	-3.974	-0.128
2494.378	56.837	-3.950	-0.105
2494.478	57.939	-3.949	-0.150
2494.678	59.919	-3.935	-0.139
2494.878	62.056	-3.915	-0.148
2495.077	64.024	-3.894	-0.147
2495.277	66.026	-3.886	-0.166
2495.377	67.164	-3.868	-0.155
2495.578	69.085	-3.846	-0.162
2495.778	71.123	-3.845	-0.169
2495.978	73.270	-3.808	-0.171
2496.177	75.149	-3.797	-0.195
2496.277	76.256	-3.745	-0.185
2496.477	78.261	-3.757	-0.211
2496.677	80.284	-3.741	-0.215
2496.878	82.268	-3.735	-0.228
2497.078	84.487	-3.714	-0.182
2497.278	86.451	-3.702	-0.189
2497.477	88.517	-3.689	-0.200
2497.677	90.415	-3.683	-0.194
2497.877	92.543	-3.646	-0.190
2498.077	94.498	-3.638	-0.205
2498.277	96.614	-3.619	-0.203
2498.478	98.558	-3.604	-0.205
2498.677	100.692	-3.583	-0.203
2498.878	102.798	-3.574	-0.230
2499.078	104.683	-3.563	-0.221
2499.278	106.767	-3.567	-0.250
2499.477	108.780	-3.541	-0.232
2499.678	110.818	-3.556	-0.263
2499.877	112.925	-3.530	-0.227
2500.078	114.975	-3.532	-0.248
2500.277	116.981	-3.509	-0.231
2500.477	118.946	-3.495	-0.240
2500.678	121.067	-3.469	-0.231
2500.878	123.047	-3.461	-0.253
2501.077	125.001	-3.444	-0.261
2501.278	127.083	-3.445	-0.277
2501.478	129.082	-3.421	-0.279
2501.577	130.231	-3.421	-0.281
2501.778	132.132	-3.410	-0.285
2501.978	134.202	-3.411	-0.300
2502.178	136.183	-3.410	-0.303
2502.377	138.241	-3.396	-0.308
2502.477	139.368	-3.355	-0.285
2502.677	141.382	-3.376	-0.287
2502.878	143.349	-3.361	-0.292
2503.078	145.352	-3.356	-0.283
2503.278	147.526	-3.337	-0.290
2503.477	149.500	-3.299	-0.278
2503.677	151.456	-3.298	-0.298
2503.777	152.574	-3.259	-0.293
2503.977	154.518	-3.281	-0.309
2504.178	156.693	-3.247	-0.297
2504.378	158.674	-3.254	-0.315
2504.578	160.801	-3.247	-0.316
2504.777	162.680	-3.223	-0.320
2504.978	164.673	-3.214	-0.316
2505.178	166.817	-3.212	-0.322
2505.377	168.839	-3.197	-0.301
2505.577	170.805	-3.183	-0.311
2505.777	172.915	-3.155	-0.286
2505.977	174.924	-3.153	-0.303
2506.178	176.896	-3.099	-0.285
2506.378	178.983	-3.109	-0.323
2506.578	180.977	-3.078	-0.311
2506.677	182.140	-3.095	-0.329
2506.878	184.056	-3.064	-0.316
2507.077	186.109	-3.066	-0.335
2507.278	188.093	-3.052	-0.325
2507.478	190.249	-3.037	-0.335
2507.677	192.227	-3.036	-0.331
2507.877	194.244	-3.012	-0.337
2508.077	196.318	-3.003	-0.321
2508.278	198.297	-2.982	-0.313
2508.478	200.437	-2.961	-0.294
2508.678	202.392	-2.941	-0.313
2508.878	204.446	-2.929	-0.323
2509.078	206.465	-2.893	-0.320
2509.278	208.456	-2.894	-0.317
2509.478	210.597	-2.874	-0.339
2509.677	212.610	-2.854	-0.327
2509.878	214.673	-2.853	-0.356
2510.078	216.609	-2.833	-0.323
2510.278	218.641	-2.847	-0.346
2510.477	220.613	-2.812	-0.320
2510.677	222.709	-2.806	-0.336
2510.878	224.701	-2.795	-0.327
2510.978	225.869	-2.746	-0.296
2511.177	227.763	-2.763	-0.314
2511.378	229.768	-2.736	-0.311
2511.477	230.935	-2.755	-0.321
2511.678	232.832	-2.713	-0.309
2511.878	234.970	-2.694	-0.328
2512.077	236.910	-2.678	-0.313
2512.177	238.003	-2.669	-0.354
2512.378	239.952	-2.656	-0.333
2512.578	242.048	-2.652	-0.338
2512.778	244.032	-2.658	-0.353
2512.877	245.177	-2.647	-0.351
2513.078	247.166	-2.639	-0.346
2513.278	249.158	-2.608	-0.327
2513.478	251.335	-2.616	-0.343
2513.677	253.321	-2.582	-0.324
2513.878	255.250	-2.583	-0.343
2514.078	257.311	-2.548	-0.309
2514.278	259.309	-2.552	-0.321
2514.477	261.444	-2.513	-0.313
2514.678	263.426	-2.514	-0.334
2514.878	265.449	-2.461	-0.321
2515.077	267.516	-2.478	-0.358
2515.277	269.547	-2.457	-0.342
2515.478	271.527	-2.479	-0.347
2515.677	273.541	-2.461	-0.347
2515.878	275.556	-2.454	-0.359
2516.078	277.697	-2.432	-0.329
2516.277	279.753	-2.415	-0.334
2516.478	281.719	-2.397	-0.311
2516.678	283.862	-2.394	-0.344
2516.877	285.759	-2.362	-0.320
2516.977	286.856	-2.381	-0.357
2517.178	288.884	-2.343	-0.314
2517.377	290.866	-2.324	-0.336
2517.577	292.951	-2.323	-0.349
2517.777	294.970	-2.330	-0.361
2517.977	297.040	-2.324	-0.357
2518.177	299.054	-2.306	-0.354
2518.377	300.991	-2.301	-0.337
2518.477	302.076	-2.279	-0.352
2518.678	304.122	-2.296	-0.351
2518.878	306.126	-2.285	-0.333
2519.078	308.262	-2.279	-0.329
2519.277	310.258	-2.239	-0.310
2519.477	312.289	-2.256	-0.337
2519.678	314.333	-2.215	-0.323
2519.878	316.357	-2.207	-0.332
2520.077	318.373	-2.197	-0.340
2520.278	320.386	-2.205	-0.353
2520.477	322.367	-2.168	-0.334
2520.678	324.384	-2.182	-0.353
2520.878	326.570	-2.170	-0.359
2521.078	328.514	-2.173	-0.352
2521.278	330.600	-2.144	-0.334
2521.478	332.567	-2.161	-0.342
2521.677	334.673	-2.128	-0.334
2521.878	336.731	-2.128	-0.339
2522.078	338.670	-2.094	-0.329
2522.278	340.679	-2.101	-0.330
2522.478	342.772	-2.066	-0.325
2522.677	344.757	-2.059	-0.328
2522.877	346.888	-2.051	-0.345
2523.078	348.828	-2.051	-0.355
2523.278	350.851	-2.030	-0.351
2523.477	352.937	-2.028	-0.347
2523.678	354.972	-2.016	-0.348
2523.878	357.025	-2.017	-0.359
2524.077	358.971	-1.976	-0.321
2524.278	361.167	-2.007	-0.356
2524.477	363.169	-1.977	-0.335
2524.678	365.141	-1.958	-0.327
2524.877	367.262	-1.936	-0.322
2525.077	369.232	-1.944	-0.346
2525.278	371.187	-1.911	-0.334
2525.478	373.267	-1.909	-0.333
2525.678	375.257	-1.888	-0.348
2525.778	376.406	-1.925	-0.377
2525.978	378.286	-1.884	-0.347
2526.078	379.406	-1.880	-0.353
2526.278	381.358	-1.887	-0.357
2526.477	383.566	-1.864	-0.355
2526.677	385.515	-1.853	-0.360
2526.878	387.495	-1.817	-0.351
2527.077	389.522	-1.798	-0.344
2527.278	390.898	-1.765	-0.344
2527.477	391.480	-1.727	-0.334
2527.577	391.507	-1.739	-0.352
2788.478	0.001	-4.876	0.479
2788.678	0.227	-4.888	0.461
2788.877	1.181	-4.874	0.467
2788.977	2.031	-4.868	0.493
2789.178	3.976	-4.869	0.479
2789.378	6.091	-4.876	0.462
2789.578	8.102	-4.876	0.466
2789.778	10.082	-4.871	0.457
2789.978	12.167	-4.862	0.485
2790.178	14.149	-4.857	0.481
2790.378	16.315	-4.864	0.481
2790.578	18.193	-4.860	0.472
2790.778	20.326	-4.860	0.481
2790.978	22.359	-4.886	0.449
2791.178	24.382	-4.871	0.457
2791.378	26.376	-4.881	0.451
2791.578	28.427	-4.870	0.460
2791.778	30.496	-4.890	0.442
2791.978	32.418	-4.871	0.473
2792.178	34.551	-4.874	0.461
2792.378	36.506	-4.870	0.458
2792.578	38.588	-4.716	0.359
2792.778	40.668	-4.100	0.108
2792.978	42.620	-4.126	0.028
2793.178	44.674	-4.111	0.000
2793.378	46.760	-4.100	-0.048
2793.578	48.864	-4.062	-0.042
2793.777	50.856	-4.042	-0.065
2793.978	52.901	-4.032	-0.071
2794.178	54.898	-4.006	-0.095
2794.378	56.911	-3.983	-0.093
2794.578	58.936	-3.984	-0.129
2794.778	60.941	-3.939	-0.128
2794.978	63.046	-3.925	-0.131
2795.178	65.132	-3.887	-0.141
2795.378	67.122	-3.886	-0.172
2795.578	69.081	-3.845	-0.172
2795.778	71.172	-3.845	-0.168
2795.978	73.140	-3.818	-0.208
2796.078	74.275	-3.799	-0.206
2796.277	76.153	-3.767	-0.200
2796.378	77.248	-3.767	-0.235
2796.578	79.273	-3.754	-0.208
2796.778	81.257	-3.727	-0.218
2796.878	82.388	-3.725	-0.238
2797.078	84.365	-3.711	-0.227
2797.278	86.360	-3.708	-0.212
2797.478	88.558	-3.693	-0.188
2797.678	90.533	-3.662	-0.208
2797.877	92.504	-3.644	-0.195
2798.078	94.628	-3.637	-0.215
2798.278	96.642	-3.609	-0.191
2798.478	98.630	-3.618	-0.212
2798.678	100.602	-3.585	-0.204
2798.878	102.599	-3.590	-0.232
2798.978	103.760	-3.544	-0.204
2799.178	105.680	-3.548	-0.229
2799.378	107.692	-3.540	-0.233
2799.478	108.825	-3.505	-0.219
2799.678	110.830	-3.530	-0.247
2799.878	112.809	-3.511	-0.258
2800.078	114.994	-3.518	-0.251
2800.278	116.984	-3.511	-0.267
2800.478	118.925	-3.497	-0.262
2800.678	121.004	-3.479	-0.261
2800.878	122.957	-3.475	-0.260
2800.978	124.098	-3.459	-0.264
2801.177	125.984	-3.459	-0.268
2801.277	127.085	-3.447	-0.250
2801.478	129.153	-3.423	-0.260
2801.678	131.119	-3.433	-0.271
2801.778	132.254	-3.390	-0.236
2801.978	134.208	-3.394	-0.268
2802.178	136.167	-3.382	-0.266
2802.278	137.316	-3.390	-0.299
2802.478	139.268	-3.370	-0.276
2802.578	140.407	-3.349	-0.290
2802.778	142.351	-3.359	-0.291
2802.978	144.354	-3.339	-0.290
2803.178	146.378	-3.348	-0.305
2803.378	148.422	-3.306	-0.276
2803.578	150.538	-3.319	-0.303
2803.777	152.545	-3.296	-0.299
2803.977	154.523	-3.295	-0.297
2804.177	156.680	-3.278	-0.284
2804.377	158.570	-3.272	-0.290
2804.477	159.669	-3.246	-0.282
2804.678	161.744	-3.231	-0.294
2804.878	163.768	-3.211	-0.278
2805.078	165.756	-3.204	-0.300
2805.278	167.768	-3.183	-0.289
2805.478	169.803	-3.164	-0.294
2805.678	171.911	-3.149	-0.298
2805.878	173.949	-3.134	-0.302
2806.077	175.954	-3.126	-0.311
2806.278	177.912	-3.114	-0.313
2806.478	180.057	-3.104	-0.326
2806.678	182.009	-3.099	-0.331
2806.878	184.028	-3.083	-0.311
2807.078	186.132	-3.069	-0.323
2807.278	188.218	-3.058	-0.314
2807.478	190.142	-3.043	-0.327
2807.678	192.239	-3.008	-0.304
2807.878	194.237	-2.996	-0.316
2808.078	196.190	-2.995	-0.311
2808.278	198.386	-2.971	-0.331
2808.477	200.369	-2.957	-0.308
2808.678	202.439	-2.936	-0.321
2808.878	204.381	-2.916	-0.313
2809.078	206.389	-2.903	-0.330
2809.178	207.537	-2.881	-0.330
2809.378	209.424	-2.874	-0.334
2809.578	211.585	-2.873	-0.349
2809.778	213.611	-2.843	-0.323
2809.977	215.626	-2.854	-0.345
2810.178	217.601	-2.822	-0.323
2810.378	219.647	-2.844	-0.341
2810.578	221.672	-2.799	-0.332
2810.778	223.719	-2.813	-0.336
2810.978	225.708	-2.773	-0.330
2811.178	227.786	-2.763	-0.318
2811.378	229.932	-2.752	-0.322
2811.578	231.928	-2.730	-0.313
2811.778	233.834	-2.704	-0.322
2811.978	235.858	-2.686	-0.317
2812.078	236.980	-2.685	-0.326
2812.278	238.956	-2.673	-0.344
2812.477	241.089	-2.646	-0.319
2812.678	243.079	-2.646	-0.344
2812.878	245.180	-2.635	-0.331
2813.078	247.193	-2.627	-0.370
2813.278	249.114	-2.610	-0.333
2813.478	251.163	-2.599	-0.348
2813.678	253.185	-2.585	-0.335
2813.878	255.392	-2.582	-0.340
2814.078	257.316	-2.567	-0.324
2814.278	259.300	-2.559	-0.342
2814.478	261.285	-2.527	-0.317
2814.678	263.391	-2.530	-0.333
2814.878	265.400	-2.487	-0.320
2814.978	266.561	-2.490	-0.309
2815.178	268.477	-2.477	-0.329
2815.378	270.471	-2.454	-0.329
2815.478	271.621	-2.488	-0.354
2815.678	273.603	-2.426	-0.325
2815.877	275.574	-2.424	-0.343
2816.078	277.611	-2.415	-0.331
2816.278	279.736	-2.416	-0.353
2816.478	281.739	-2.400	-0.343
2816.678	283.683	-2.416	-0.372
2816.878	285.767	-2.388	-0.332
2817.078	287.783	-2.383	-0.349
2817.278	289.867	-2.358	-0.319
2817.478	291.880	-2.368	-0.350
2817.678	293.921	-2.337	-0.328
2817.878	295.918	-2.333	-0.334
2818.078	297.966	-2.314	-0.313
2818.278	300.050	-2.316	-0.336
2818.478	302.020	-2.286	-0.337
2818.678	304.133	-2.283	-0.331
2818.878	306.152	-2.273	-0.335
2819.078	308.105	-2.257	-0.341
2819.278	310.184	-2.233	-0.340
2819.478	312.168	-2.259	-0.366
2819.578	313.318	-2.263	-0.346
2819.778	315.330	-2.226	-0.347
2819.978	317.327	-2.233	-0.346
2820.178	319.329	-2.212	-0.341
2820.378	321.339	-2.226	-0.341
2820.578	323.360	-2.209	-0.346
2820.778	325.502	-2.190	-0.330
2820.978	327.497	-2.178	-0.346
2821.178	329.602	-2.167	-0.324
2821.378	331.606	-2.148	-0.324
2821.578	333.691	-2.138	-0.331
2821.778	335.652	-2.125	-0.340
2821.978	337.638	-2.108	-0.331
2822.178	339.640	-2.098	-0.334
2822.378	341.799	-2.090	-0.350
2822.578	343.774	-2.084	-0.348
2822.778	345.828	-2.066	-0.345
2822.978	347.880	-2.052	-0.347
2823.178	349.881	-2.058	-0.352
2823.378	351.883	-2.035	-0.355
2823.578	353.887	-2.035	-0.349
2823.778	355.950	-2.026	-0.350
2823.978	357.975	-2.016	-0.341
2824.178	359.975	-1.991	-0.335
2824.378	362.194	-1.992	-0.329
2824.578	364.189	-1.950	-0.329
2824.778	366.161	-1.951	-0.319
2824.978	368.271	-1.922	-0.327
2825.178	370.262	-1.932	-0.333
2825.377	372.300	-1.932	-0.361
2825.578	374.372	-1.903	-0.335
2825.778	376.283	-1.901	-0.342
2825.978	378.290	-1.884	-0.344
2826.178	380.423	-1.890	-0.362
2826.378	382.529	-1.870	-0.341
2826.578	384.460	-1.863	-0.352
2826.778	386.418	-1.846	-0.360
2826.978	388.508	-1.815	-0.348
2827.178	390.275	-1.782	-0.347
2827.378	391.322	-1.752	-0.346
2827.578	391.506	-1.743	-0.338
3088.478	0.001	-4.861	0.428
3088.678	0.243	-4.871	0.428
3088.878	1.238	-4.853	0.440
3089.078	3.157	-4.861	0.429
3089.278	5.065	-4.843	0.426
3089.477	7.132	-4.860	0.426
3089.678	9.091	-4.849	0.422
3089.778	10.236	-4.870	0.408
3089.978	12.189	-4.846	0.417
3090.178	14.184	-4.862	0.430
3090.378	16.253	-4.875	0.419
3090.578	18.306	-4.884	0.405
3090.778	20.456	-4.885	0.416
3090.978	22.435	-4.870	0.432
3091.178	24.399	-4.877	0.420
3091.378	26.472	-4.875	0.413
3091.578	28.449	-4.874	0.432
3091.678	29.601	-4.857	0.426
3091.878	31.508	-4.874	0.420
3092.078	33.592	-4.863	0.423
3092.278	35.611	-4.851	0.406
3092.478	37.646	-4.853	0.398
3092.678	39.619	-4.278	0.165
3092.878	41.745	-4.110	0.020
3093.078	43.737	-4.123	-0.047
3093.278	45.718	-4.107	-0.047
3093.478	47.810	-4.104	-0.079
3093.678	49.809	-4.073	-0.077
3093.778	50.975	-4.047	-0.101
3093.978	52.852	-4.033	-0.090
3094.078	53.961	-4.010	-0.092
3094.278	55.971	-4.025	-0.132
3094.478	57.995	-3.966	-0.117
3094.678	60.073	-3.969	-0.157
3094.878	62.040	-3.915	-0.153
3095.078	64.154	-3.928	-0.184
3095.278	66.207	-3.875	-0.169
3095.478	68.182	-3.851	-0.160
3095.678	70.331	-3.827	-0.188
3095.878	72.283	-3.803	-0.190
3096.078	74.256	-3.790	-0.215
3096.278	76.348	-3.775	-0.222
3096.478	78.316	-3.749	-0.226
3096.578	79.440	-3.723	-0.219
3096.778	81.355	-3.714	-0.210
3096.978	83.350	-3.722	-0.253
3097.078	84.506	-3.706	-0.231
3097.278	86.414	-3.670	-0.194
3097.478	88.531	-3.679	-0.191
3097.678	90.655	-3.631	-0.175
3097.878	92.596	-3.645	-0.186
3098.078	94.565	-3.612	-0.199
3098.278	96.644	-3.600	-0.188
3098.478	98.611	-3.587	-0.201
3098.578	99.758	-3.576	-0.221
3098.778	101.789	-3.563	-0.209
3098.978	103.774	-3.548	-0.230
3099.178	105.800	-3.527	-0.215
3099.378	107.836	-3.536	-0.248
3099.578	109.822	-3.519	-0.214
3099.779	111.885	-3.527	-0.249
3099.878	112.966	-3.523	-0.249
3100.078	114.954	-3.502	-0.240
3100.278	116.980	-3.496	-0.237
3100.478	119.071	-3.470	-0.235
3100.678	121.015	-3.478	-0.243
3100.878	123.128	-3.456	-0.254
3101.078	125.124	-3.458	-0.248
3101.278	127.258	-3.429	-0.253
3101.478	129.237	-3.434	-0.253
3101.678	131.344	-3.408	-0.258
3101.878	133.332	-3.397	-0.262
3102.078	135.250	-3.358	-0.265
3102.278	137.305	-3.374	-0.268
3102.478	139.322	-3.363	-0.292
3102.577	140.497	-3.370	-0.294
3102.778	142.415	-3.348	-0.279
3102.978	144.402	-3.356	-0.303
3103.078	145.582	-3.320	-0.294
3103.278	147.463	-3.332	-0.294
3103.478	149.595	-3.322	-0.310
3103.678	151.629	-3.306	-0.293
3103.878	153.673	-3.299	-0.293
3104.078	155.675	-3.275	-0.274
3104.278	157.694	-3.294	-0.286
3104.478	159.682	-3.256	-0.296
3104.678	161.870	-3.253	-0.282
3104.878	163.717	-3.206	-0.297
3105.078	165.856	-3.210	-0.286
3105.278	167.821	-3.188	-0.303
3105.478	169.847	-3.152	-0.291
3105.678	171.970	-3.157	-0.319
3105.878	173.990	-3.148	-0.306
3106.078	175.933	-3.140	-0.323
3106.178	177.077	-3.101	-0.307
3106.378	179.083	-3.103	-0.320
3106.578	181.107	-3.112	-0.337
3106.778	183.073	-3.085	-0.327
3106.978	185.143	-3.094	-0.336
3107.178	187.156	-3.067	-0.322
3107.378	189.305	-3.078	-0.328
3107.578	191.321	-3.017	-0.299
3107.778	193.328	-3.023	-0.313
3107.978	195.405	-2.990	-0.307
3108.178	197.412	-2.990	-0.310
3108.378	199.384	-2.953	-0.310
3108.578	201.489	-2.960	-0.318
3108.778	203.470	-2.931	-0.317
3108.978	205.450	-2.906	-0.308
3109.178	207.540	-2.901	-0.331
3109.378	209.512	-2.878	-0.331
3109.578	211.686	-2.877	-0.322
3109.778	213.619	-2.857	-0.343
3109.978	215.664	-2.844	-0.324
3110.178	217.644	-2.854	-0.354
3110.378	219.730	-2.814	-0.313
3110.578	221.801	-2.823	-0.343
3110.778	223.799	-2.788	-0.324
3110.978	225.898	-2.790	-0.329
3111.178	227.820	-2.744	-0.308
3111.378	229.974	-2.767	-0.324
3111.578	232.001	-2.736	-0.333
3111.778	233.943	-2.725	-0.311
3111.978	235.951	-2.678	-0.317
3112.178	237.985	-2.687	-0.326
3112.378	240.153	-2.660	-0.313
3112.578	242.146	-2.650	-0.330
3112.778	244.241	-2.622	-0.324
3112.978	246.205	-2.632	-0.349
3113.178	248.160	-2.605	-0.333
3113.378	250.258	-2.604	-0.352
3113.578	252.241	-2.589	-0.340
3113.678	253.393	-2.600	-0.355
3113.878	255.294	-2.578	-0.331
3114.078	257.397	-2.573	-0.339
3114.278	259.335	-2.547	-0.335
3114.378	260.422	-2.547	-0.344
3114.578	262.553	-2.540	-0.347
3114.778	264.435	-2.493	-0.308
3114.978	266.582	-2.525	-0.343
3115.178	268.521	-2.470	-0.325
3115.378	270.526	-2.488	-0.329
3115.478	271.637	-2.420	-0.292
3115.678	273.704	-2.436	-0.331
3115.878	275.672	-2.453	-0.336
3116.078	277.650	-2.410	-0.343
3116.278	279.699	-2.401	-0.324
3116.478	281.841	-2.391	-0.348
3116.678	283.836	-2.367	-0.318
3116.878	285.784	-2.374	-0.349
3117.078	287.950	-2.353	-0.332
3117.278	290.069	-2.385	-0.366
3117.478	291.911	-2.347	-0.334
3117.678	294.056	-2.353	-0.347
3117.878	296.139	-2.341	-0.347
3118.078	298.140	-2.331	-0.331
3118.278	300.110	-2.308	-0.327
3118.478	302.178	-2.299	-0.326
3118.678	304.169	-2.296	-0.332
3118.878	306.283	-2.276	-0.333
3119.078	308.181	-2.266	-0.327
3119.178	309.284	-2.267	-0.340
3119.378	311.312	-2.253	-0.328
3119.578	313.296	-2.230	-0.337
3119.778	315.381	-2.224	-0.338
3119.978	317.385	-2.219	-0.349
3120.178	319.435	-2.229	-0.352
3120.379	321.455	-2.190	-0.340
3120.578	323.495	-2.185	-0.347
3120.778	325.503	-2.185	-0.349
3120.978	327.546	-2.190	-0.348
3121.178	329.532	-2.174	-0.341
3121.378	331.643	-2.175	-0.362
3121.578	333.630	-2.149	-0.333
3121.678	334.770	-2.171	-0.350
3121.878	336.681	-2.116	-0.321
3122.078	338.691	-2.135	-0.335
3122.178	339.855	-2.143	-0.366
3122.378	341.738	-2.081	-0.324
3122.478	342.858	-2.101	-0.328
3122.678	344.868	-2.079	-0.328
3122.878	346.883	-2.067	-0.331
3123.078	348.863	-2.065	-0.336
3123.278	351.084	-2.034	-0.340
3123.478	353.058	-2.006	-0.317
3123.678	355.159	-2.013	-0.354
3123.878	357.060	-2.001	-0.334
3124.078	359.042	-2.002	-0.357
3124.278	361.238	-1.980	-0.343
3124.478	363.220	-1.993	-0.365
3124.678	365.251	-1.966	-0.347
3124.878	367.209	-1.955	-0.336
3125.078	369.265	-1.949	-0.345
3125.278	371.278	-1.947	-0.350
3125.478	373.406	-1.930	-0.347
3125.678	375.371	-1.927	-0.337
3125.878	377.431	-1.904	-0.326
3126.078	379.525	-1.908	-0.347
3126.278	381.573	-1.873	-0.320
3126.478	383.576	-1.857	-0.334
3126.678	385.546	-1.835	-0.332
3126.878	387.649	-1.815	-0.339
3127.078	389.590	-1.775	-0.330
3127.278	390.919	-1.743	-0.356
3127.478	391.494	-1.731	-0.355
3127.678	391.507	-1.728	-0.363
3127.778	391.507	-1.716	-0.323
