TimeSec	Probe1mm	ConductivityP1V	TemperatureP1V
305.867	0.001	-4.885	0.164
306.067	0.201	-4.837	0.191
306.167	0.636	-4.850	0.149
306.368	1.918	-4.843	0.164
306.467	2.982	-4.867	0.149
306.667	4.941	-4.837	0.190
306.767	6.029	-4.852	0.165
306.967	7.998	-4.865	0.168
307.167	10.122	-4.889	0.154
307.368	12.105	-4.829	0.205
307.568	14.278	-4.871	0.138
307.767	16.156	-4.860	0.173
307.967	18.279	-4.862	0.176
308.168	20.306	-4.859	0.150
308.368	22.337	-4.848	0.177
308.567	24.359	-4.835	0.171
308.767	26.349	-4.856	0.143
308.967	28.453	-4.870	0.170
309.167	30.449	-4.850	0.159
309.367	32.458	-4.844	0.153
309.568	34.424	-4.703	0.035
309.767	36.644	-4.205	-0.206
309.967	38.635	-4.141	-0.247
310.167	40.592	-4.073	-0.278
310.367	42.675	-3.961	-0.288
310.567	44.735	-3.926	-0.335
310.767	46.718	-3.871	-0.335
310.967	48.788	-3.792	-0.342
311.167	50.809	-3.751	-0.379
311.367	52.858	-3.732	-0.401
311.567	54.888	-3.648	-0.354
311.767	56.892	-3.648	-0.425
311.967	58.909	-3.586	-0.414
312.167	60.943	-3.557	-0.412
312.367	62.925	-3.498	-0.430
312.567	65.018	-3.495	-0.441
312.767	66.985	-3.450	-0.425
312.867	68.131	-3.421	-0.432
313.067	70.149	-3.424	-0.459
313.267	72.131	-3.389	-0.451
313.467	74.133	-3.366	-0.448
313.667	76.160	-3.329	-0.458
313.867	78.261	-3.319	-0.456
314.067	80.363	-3.292	-0.441
314.267	82.364	-3.282	-0.450
314.467	84.305	-3.271	-0.404
314.667	86.333	-3.248	-0.415
314.867	88.342	-3.207	-0.398
314.967	89.496	-3.223	-0.418
315.168	91.516	-3.210	-0.404
315.367	93.501	-3.150	-0.402
315.567	95.529	-3.190	-0.432
315.767	97.544	-3.142	-0.386
315.968	99.526	-3.118	-0.402
316.167	101.745	-3.124	-0.427
316.367	103.615	-3.113	-0.416
316.567	105.791	-3.077	-0.412
316.767	107.784	-3.073	-0.431
316.967	109.761	-3.050	-0.394
317.167	111.743	-3.018	-0.402
317.367	113.915	-3.003	-0.420
317.567	115.840	-3.023	-0.411
317.768	117.896	-2.979	-0.404
317.967	119.888	-2.952	-0.421
318.067	121.048	-2.969	-0.430
318.267	122.953	-2.956	-0.397
318.467	125.017	-2.914	-0.417
318.667	127.003	-2.921	-0.425
318.867	129.066	-2.902	-0.405
319.067	131.087	-2.864	-0.415
319.267	133.126	-2.868	-0.435
319.467	135.159	-2.868	-0.407
319.667	137.296	-2.812	-0.412
319.867	139.382	-2.790	-0.411
320.067	141.378	-2.825	-0.438
320.267	143.352	-2.776	-0.401
320.467	145.387	-2.740	-0.420
320.667	147.390	-2.751	-0.433
320.867	149.389	-2.698	-0.406
321.067	151.419	-2.703	-0.431
321.267	153.542	-2.695	-0.435
321.467	155.618	-2.674	-0.399
321.667	157.594	-2.623	-0.403
321.867	159.546	-2.657	-0.454
322.068	161.652	-2.616	-0.402
322.267	163.660	-2.591	-0.416
322.468	165.859	-2.564	-0.429
322.667	167.792	-2.579	-0.418
322.867	169.808	-2.532	-0.402
323.067	171.877	-2.529	-0.449
323.267	173.798	-2.517	-0.407
323.467	175.952	-2.496	-0.423
323.667	178.005	-2.448	-0.442
323.867	180.021	-2.474	-0.450
324.067	182.030	-2.444	-0.438
324.267	184.055	-2.404	-0.439
324.467	186.094	-2.425	-0.453
324.667	188.146	-2.387	-0.420
324.867	190.171	-2.387	-0.463
325.069	192.142	-2.365	-0.466
325.267	194.301	-2.358	-0.442
325.467	196.180	-2.305	-0.419
325.667	198.309	-2.305	-0.457
325.867	200.314	-2.305	-0.433
326.067	202.347	-2.289	-0.443
326.267	204.364	-2.234	-0.446
326.467	206.419	-2.273	-0.459
326.668	208.503	-2.197	-0.418
326.867	210.511	-2.224	-0.472
327.068	212.452	-2.188	-0.441
327.267	214.527	-2.177	-0.425
327.467	216.542	-2.146	-0.440
327.668	218.587	-2.128	-0.464
327.867	220.638	-2.131	-0.431
328.067	222.638	-2.086	-0.434
328.267	224.683	-2.068	-0.450
328.467	226.733	-2.089	-0.462
328.667	228.795	-2.033	-0.431
328.868	230.748	-2.012	-0.459
328.967	231.864	-2.009	-0.453
329.167	233.888	-2.007	-0.430
329.368	235.933	-1.976	-0.439
329.568	237.939	-1.964	-0.468
329.768	239.978	-1.958	-0.441
329.967	242.008	-1.948	-0.430
330.167	243.993	-1.883	-0.442
330.367	246.050	-1.930	-0.469
330.567	248.124	-1.872	-0.428
330.767	250.226	-1.858	-0.457
330.967	252.281	-1.842	-0.441
331.167	254.294	-1.853	-0.447
331.367	256.291	-1.768	-0.415
331.567	258.385	-1.801	-0.476
331.767	260.391	-1.814	-0.458
331.967	262.375	-1.758	-0.419
332.167	264.478	-1.724	-0.449
332.367	266.481	-1.727	-0.462
332.567	268.446	-1.737	-0.432
332.767	270.544	-1.684	-0.451
332.967	272.536	-1.696	-0.466
333.168	274.556	-1.666	-0.431
333.367	276.573	-1.649	-0.422
333.567	278.558	-1.626	-0.473
333.767	280.787	-1.631	-0.455
333.967	282.752	-1.603	-0.423
334.167	284.701	-1.580	-0.453
334.367	286.816	-1.580	-0.454
334.567	288.821	-1.593	-0.460
334.767	290.934	-1.542	-0.433
334.967	292.890	-1.533	-0.464
335.168	294.906	-1.538	-0.435
335.367	296.947	-1.493	-0.453
335.567	298.974	-1.471	-0.452
335.767	300.956	-1.524	-0.495
335.967	302.980	-1.474	-0.433
336.168	305.154	-1.437	-0.450
336.368	307.112	-1.441	-0.476
336.567	309.190	-1.420	-0.443
336.767	311.220	-1.419	-0.456
336.968	313.218	-1.375	-0.460
337.167	315.213	-1.402	-0.465
337.367	317.313	-1.353	-0.443
337.567	319.372	-1.336	-0.459
337.767	321.322	-1.340	-0.484
337.867	322.449	-1.356	-0.462
338.067	324.452	-1.289	-0.432
338.267	326.454	-1.289	-0.476
338.468	328.455	-1.309	-0.490
338.668	330.480	-1.289	-0.448
338.867	332.575	-1.246	-0.445
339.068	334.579	-1.249	-0.469
339.267	336.581	-1.261	-0.473
339.467	338.757	-1.231	-0.451
339.667	340.614	-1.202	-0.491
339.767	341.725	-1.194	-0.443
339.967	343.766	-1.231	-0.468
340.168	345.789	-1.193	-0.455
340.367	347.771	-1.159	-0.463
340.567	349.786	-1.202	-0.487
340.767	352.002	-1.162	-0.452
340.967	353.982	-1.149	-0.479
341.167	355.971	-1.140	-0.480
341.367	357.936	-1.147	-0.457
341.567	359.938	-1.107	-0.445
341.767	362.115	-1.114	-0.491
341.968	364.045	-1.136	-0.470
342.167	366.104	-1.095	-0.457
342.368	368.112	-1.067	-0.460
342.467	369.252	-1.087	-0.505
342.668	371.141	-1.120	-0.494
342.867	373.211	-1.054	-0.449
343.067	375.207	-1.061	-0.486
343.267	377.271	-1.048	-0.465
343.467	379.275	-1.062	-0.482
343.667	381.311	-0.981	-0.454
343.868	383.498	-0.979	-0.489
344.068	385.468	-0.971	-0.470
344.267	387.551	-0.937	-0.453
344.467	389.498	-0.926	-0.491
344.667	390.848	-0.916	-0.493
344.867	391.485	-0.912	-0.446
345.067	391.506	-0.866	-0.469
605.968	0.000	-4.868	0.082
606.167	0.351	-4.888	0.072
606.367	1.410	-4.859	0.099
606.568	3.375	-4.878	0.087
606.768	5.387	-4.851	0.084
606.968	7.381	-4.860	0.079
607.168	9.360	-4.860	0.061
607.368	11.593	-4.872	0.056
607.568	13.584	-4.871	0.070
607.767	15.570	-4.869	0.078
607.968	17.554	-4.884	0.087
608.168	19.651	-4.871	0.083
608.368	21.713	-4.870	0.101
608.568	23.685	-4.871	0.076
608.768	25.816	-4.857	0.100
608.968	27.698	-4.869	0.053
609.168	29.831	-4.864	0.069
609.368	31.849	-4.888	0.038
609.568	33.774	-4.854	0.053
609.768	35.922	-4.318	-0.159
609.969	38.044	-4.151	-0.311
610.169	39.886	-4.063	-0.298
610.369	42.051	-4.021	-0.350
610.569	44.139	-3.926	-0.347
610.769	46.128	-3.889	-0.390
610.968	48.094	-3.783	-0.381
611.168	50.175	-3.764	-0.413
611.368	52.163	-3.696	-0.415
611.568	54.284	-3.688	-0.443
611.767	56.178	-3.614	-0.423
611.969	58.272	-3.567	-0.428
612.168	60.322	-3.539	-0.467
612.369	62.302	-3.472	-0.455
612.568	64.460	-3.474	-0.489
612.768	66.334	-3.424	-0.481
612.968	68.477	-3.441	-0.492
613.168	70.523	-3.409	-0.500
613.368	72.439	-3.409	-0.495
613.568	74.582	-3.362	-0.462
613.767	76.522	-3.333	-0.479
613.868	77.631	-3.315	-0.478
614.069	79.617	-3.315	-0.492
614.269	81.770	-3.285	-0.487
614.468	83.774	-3.271	-0.430
614.669	85.751	-3.278	-0.454
614.869	87.876	-3.247	-0.423
615.068	89.869	-3.252	-0.442
615.268	91.841	-3.186	-0.395
615.468	93.939	-3.201	-0.425
615.667	95.964	-3.139	-0.403
615.867	97.947	-3.147	-0.439
616.068	99.975	-3.119	-0.410
616.269	101.988	-3.131	-0.459
616.468	104.013	-3.105	-0.430
616.667	106.019	-3.113	-0.452
616.869	108.168	-3.071	-0.406
617.068	110.255	-3.070	-0.410
617.269	112.270	-3.023	-0.400
617.469	114.254	-2.997	-0.416
617.669	116.175	-2.982	-0.414
617.867	118.288	-2.961	-0.441
618.070	120.279	-2.965	-0.443
618.269	122.422	-2.956	-0.456
618.469	124.434	-2.952	-0.437
618.669	126.401	-2.920	-0.427
618.869	128.512	-2.914	-0.417
619.069	130.494	-2.877	-0.415
619.268	132.460	-2.850	-0.415
619.468	134.558	-2.833	-0.422
619.668	136.532	-2.819	-0.440
619.768	137.674	-2.793	-0.443
619.967	139.571	-2.812	-0.451
620.168	141.682	-2.810	-0.461
620.368	143.741	-2.773	-0.432
620.567	145.729	-2.801	-0.450
620.767	147.696	-2.738	-0.421
620.968	149.773	-2.737	-0.414
621.168	151.881	-2.679	-0.417
621.368	153.911	-2.672	-0.419
621.568	155.822	-2.656	-0.444
621.668	156.955	-2.649	-0.428
621.868	158.878	-2.639	-0.446
621.967	159.992	-2.643	-0.458
622.168	161.954	-2.621	-0.432
622.368	164.074	-2.617	-0.447
622.568	166.079	-2.583	-0.424
622.768	168.045	-2.578	-0.419
622.968	170.152	-2.536	-0.419
623.168	172.136	-2.539	-0.426
623.268	173.282	-2.493	-0.404
623.468	175.187	-2.484	-0.429
623.668	177.291	-2.455	-0.432
623.867	179.251	-2.489	-0.474
623.967	180.343	-2.449	-0.445
624.168	182.302	-2.459	-0.444
624.368	184.372	-2.436	-0.464
624.568	186.364	-2.427	-0.423
624.667	187.511	-2.411	-0.443
624.868	189.520	-2.383	-0.409
625.068	191.508	-2.361	-0.432
625.268	193.533	-2.310	-0.423
625.468	195.575	-2.293	-0.434
625.668	197.584	-2.309	-0.455
625.867	199.564	-2.279	-0.446
625.967	200.674	-2.283	-0.451
626.167	202.637	-2.297	-0.454
626.368	204.764	-2.249	-0.439
626.568	206.752	-2.266	-0.439
626.768	208.904	-2.205	-0.420
626.968	210.791	-2.195	-0.410
627.168	212.915	-2.144	-0.424
627.368	214.930	-2.156	-0.428
627.568	216.943	-2.126	-0.462
627.767	218.971	-2.142	-0.458
627.968	220.967	-2.091	-0.451
628.168	223.067	-2.104	-0.455
628.368	225.045	-2.083	-0.456
628.568	227.051	-2.072	-0.434
628.768	229.164	-2.050	-0.418
628.968	231.208	-2.033	-0.439
629.168	233.206	-1.989	-0.417
629.368	235.170	-1.975	-0.446
629.568	237.274	-1.944	-0.438
629.768	239.343	-1.955	-0.454
629.967	241.320	-1.945	-0.459
630.168	243.424	-1.948	-0.453
630.368	245.456	-1.920	-0.456
630.568	247.488	-1.904	-0.439
630.768	249.525	-1.891	-0.447
630.968	251.537	-1.857	-0.418
631.168	253.584	-1.836	-0.432
631.368	255.605	-1.794	-0.416
631.568	257.577	-1.806	-0.462
631.768	259.667	-1.794	-0.460
631.968	261.760	-1.774	-0.451
632.168	263.749	-1.789	-0.466
632.367	265.796	-1.743	-0.460
632.568	267.779	-1.760	-0.447
632.768	269.807	-1.706	-0.430
632.968	271.809	-1.708	-0.429
633.168	273.953	-1.653	-0.441
633.368	276.058	-1.666	-0.447
633.568	277.903	-1.624	-0.469
633.768	280.019	-1.636	-0.470
633.968	282.048	-1.620	-0.473
634.168	284.091	-1.634	-0.477
634.368	286.093	-1.588	-0.450
634.568	288.207	-1.613	-0.465
634.768	290.215	-1.553	-0.438
634.968	292.165	-1.574	-0.449
635.168	294.260	-1.510	-0.436
635.368	296.248	-1.512	-0.449
635.568	298.412	-1.478	-0.453
635.768	300.402	-1.493	-0.474
635.967	302.415	-1.469	-0.469
636.168	304.477	-1.479	-0.486
636.368	306.477	-1.461	-0.475
636.568	308.450	-1.448	-0.461
636.768	310.531	-1.437	-0.454
636.968	312.515	-1.399	-0.433
637.067	313.672	-1.391	-0.443
637.268	315.567	-1.365	-0.439
637.468	317.567	-1.361	-0.473
637.568	318.736	-1.338	-0.457
637.768	320.739	-1.326	-0.460
637.968	322.759	-1.339	-0.481
638.169	324.912	-1.339	-0.484
638.369	326.763	-1.325	-0.476
638.568	328.780	-1.335	-0.463
638.768	330.804	-1.282	-0.454
638.970	332.999	-1.308	-0.446
639.168	334.970	-1.253	-0.454
639.368	337.068	-1.242	-0.440
639.568	339.073	-1.223	-0.474
639.768	341.024	-1.219	-0.469
639.967	343.143	-1.212	-0.475
640.168	345.133	-1.239	-0.497
640.368	347.160	-1.199	-0.476
640.568	349.198	-1.213	-0.481
640.768	351.183	-1.186	-0.457
640.968	353.212	-1.199	-0.465
641.168	355.248	-1.139	-0.448
641.368	357.253	-1.145	-0.458
641.567	359.286	-1.108	-0.461
641.768	361.340	-1.121	-0.474
641.968	363.452	-1.107	-0.483
642.168	365.502	-1.121	-0.486
642.368	367.569	-1.104	-0.474
642.568	369.567	-1.125	-0.504
642.768	371.486	-1.104	-0.470
642.967	373.527	-1.104	-0.462
643.168	375.681	-1.065	-0.447
643.368	377.596	-1.060	-0.451
643.568	379.640	-1.029	-0.464
643.768	381.766	-1.008	-0.461
643.967	383.708	-0.989	-0.496
644.067	384.815	-0.990	-0.468
644.268	386.760	-0.965	-0.491
644.468	388.805	-0.967	-0.492
644.668	390.564	-0.936	-0.488
644.868	391.400	-0.928	-0.465
645.068	391.506	-0.915	-0.471
905.968	0.000	-4.868	0.036
906.168	0.034	-4.873	0.041
906.368	0.581	-4.875	0.039
906.568	1.940	-4.854	0.056
906.768	4.016	-4.875	0.048
906.968	6.025	-4.884	0.052
907.168	7.983	-4.890	0.036
907.368	10.065	-4.883	0.050
907.568	12.060	-4.867	0.068
907.668	13.209	-4.867	0.080
907.868	15.078	-4.861	0.054
908.068	17.204	-4.870	0.058
908.268	19.243	-4.850	0.073
908.467	21.290	-4.862	0.069
908.668	23.227	-4.854	0.059
908.868	25.280	-4.865	0.070
909.068	27.384	-4.842	0.074
909.268	29.384	-4.851	0.069
909.468	31.387	-4.847	0.043
909.668	33.479	-4.855	0.044
909.868	35.567	-4.433	-0.143
910.068	37.557	-4.146	-0.322
910.268	39.536	-4.124	-0.365
910.467	41.621	-4.040	-0.344
910.668	43.623	-4.022	-0.393
910.868	45.666	-3.886	-0.366
911.068	47.711	-3.830	-0.434
911.268	49.692	-3.741	-0.402
911.468	51.891	-3.723	-0.450
911.668	53.881	-3.655	-0.428
911.868	55.826	-3.658	-0.477
912.068	57.905	-3.592	-0.454
912.268	59.880	-3.569	-0.472
912.368	60.998	-3.546	-0.469
912.567	62.875	-3.507	-0.459
912.668	63.966	-3.500	-0.470
912.868	65.986	-3.475	-0.477
913.068	68.099	-3.443	-0.494
913.268	70.104	-3.418	-0.473
913.468	72.107	-3.420	-0.530
913.668	74.091	-3.376	-0.493
913.868	76.298	-3.358	-0.508
914.068	78.287	-3.315	-0.484
914.268	80.243	-3.308	-0.509
914.467	82.335	-3.286	-0.470
914.668	84.370	-3.262	-0.419
914.868	86.415	-3.244	-0.434
915.068	88.449	-3.219	-0.421
915.268	90.437	-3.203	-0.446
915.468	92.428	-3.165	-0.416
915.668	94.444	-3.162	-0.443
915.868	96.583	-3.137	-0.426
916.068	98.659	-3.137	-0.453
916.268	100.632	-3.105	-0.428
916.468	102.714	-3.113	-0.450
916.668	104.623	-3.063	-0.403
916.868	106.703	-3.084	-0.449
917.068	108.769	-3.045	-0.432
917.268	110.732	-3.050	-0.451
917.468	112.865	-3.025	-0.425
917.668	114.878	-3.021	-0.442
917.868	116.845	-3.003	-0.428
918.068	118.878	-2.989	-0.428
918.268	120.908	-2.964	-0.421
918.468	123.010	-2.961	-0.434
918.667	125.050	-2.922	-0.436
918.868	127.043	-2.908	-0.418
919.068	129.020	-2.895	-0.415
919.268	131.098	-2.881	-0.411
919.468	133.080	-2.862	-0.416
919.568	134.240	-2.844	-0.408
919.768	136.127	-2.812	-0.415
919.868	137.231	-2.819	-0.390
920.068	139.268	-2.803	-0.416
920.268	141.283	-2.775	-0.412
920.468	143.287	-2.780	-0.416
920.668	145.298	-2.730	-0.419
920.868	147.410	-2.731	-0.414
921.068	149.408	-2.712	-0.440
921.268	151.431	-2.675	-0.406
921.468	153.559	-2.664	-0.444
921.668	155.628	-2.647	-0.420
921.868	157.616	-2.645	-0.452
922.068	159.589	-2.614	-0.422
922.268	161.688	-2.596	-0.443
922.468	163.758	-2.596	-0.444
922.668	165.771	-2.588	-0.453
922.868	167.703	-2.553	-0.428
923.068	169.744	-2.533	-0.455
923.268	171.922	-2.535	-0.455
923.468	173.811	-2.509	-0.464
923.668	175.927	-2.498	-0.451
923.868	177.971	-2.476	-0.466
924.068	179.998	-2.476	-0.465
924.268	181.983	-2.455	-0.466
924.468	183.941	-2.449	-0.443
924.567	185.037	-2.412	-0.453
924.768	187.153	-2.396	-0.431
924.968	189.147	-2.419	-0.466
925.168	191.122	-2.369	-0.447
925.368	193.126	-2.375	-0.445
925.568	195.161	-2.326	-0.416
925.768	197.273	-2.339	-0.443
925.968	199.393	-2.290	-0.422
926.168	201.235	-2.309	-0.429
926.368	203.337	-2.257	-0.426
926.568	205.388	-2.259	-0.440
926.768	207.410	-2.207	-0.429
926.968	209.400	-2.214	-0.420
927.168	211.505	-2.165	-0.418
927.368	213.494	-2.165	-0.415
927.568	215.682	-2.151	-0.441
927.768	217.574	-2.115	-0.408
927.968	219.588	-2.112	-0.436
928.168	221.774	-2.075	-0.417
928.368	223.616	-2.088	-0.466
928.568	225.636	-2.043	-0.423
928.768	227.834	-2.037	-0.447
928.968	229.839	-2.017	-0.437
929.168	231.809	-2.002	-0.447
929.368	233.892	-1.995	-0.452
929.568	235.889	-1.959	-0.455
929.768	237.854	-1.946	-0.453
929.968	239.969	-1.934	-0.477
930.168	241.987	-1.936	-0.458
930.368	243.979	-1.940	-0.481
930.567	246.103	-1.910	-0.432
930.768	248.141	-1.910	-0.481
930.968	250.191	-1.876	-0.450
931.168	252.116	-1.863	-0.482
931.368	254.264	-1.844	-0.448
931.568	256.301	-1.836	-0.485
931.768	258.332	-1.835	-0.452
931.968	260.349	-1.806	-0.474
932.168	262.390	-1.792	-0.453
932.368	264.433	-1.776	-0.461
932.568	266.443	-1.760	-0.438
932.768	268.544	-1.712	-0.430
932.968	270.548	-1.722	-0.444
933.168	272.513	-1.712	-0.438
933.368	274.598	-1.684	-0.433
933.568	276.591	-1.679	-0.439
933.768	278.563	-1.645	-0.426
933.968	280.669	-1.645	-0.436
934.168	282.686	-1.610	-0.436
934.368	284.662	-1.599	-0.415
934.568	286.777	-1.554	-0.440
934.768	288.807	-1.571	-0.439
934.968	290.863	-1.536	-0.444
935.168	292.917	-1.543	-0.431
935.368	294.910	-1.503	-0.427
935.568	296.926	-1.512	-0.449
935.768	298.958	-1.477	-0.448
935.968	300.955	-1.490	-0.449
936.168	302.997	-1.442	-0.442
936.368	305.003	-1.474	-0.452
936.568	307.046	-1.411	-0.465
936.768	309.184	-1.450	-0.479
936.968	311.160	-1.407	-0.463
937.168	313.153	-1.401	-0.466
937.368	315.165	-1.392	-0.491
937.468	316.280	-1.385	-0.471
937.668	318.338	-1.390	-0.482
937.868	320.310	-1.345	-0.482
938.068	322.287	-1.359	-0.490
938.268	324.387	-1.341	-0.502
938.468	326.405	-1.341	-0.485
938.668	328.410	-1.316	-0.452
938.868	330.474	-1.333	-0.498
939.068	332.480	-1.291	-0.472
939.268	334.513	-1.315	-0.504
939.468	336.546	-1.255	-0.447
939.668	338.661	-1.299	-0.510
939.868	340.749	-1.249	-0.464
940.068	342.733	-1.280	-0.508
940.268	344.695	-1.221	-0.460
940.468	346.754	-1.253	-0.467
940.668	348.762	-1.190	-0.455
940.868	350.949	-1.207	-0.464
941.068	352.935	-1.196	-0.464
941.268	354.875	-1.167	-0.447
941.468	356.943	-1.178	-0.458
941.667	358.913	-1.158	-0.459
941.768	360.056	-1.173	-0.472
941.968	362.075	-1.135	-0.440
942.168	364.057	-1.116	-0.442
942.368	366.066	-1.114	-0.455
942.568	368.145	-1.107	-0.476
942.768	370.145	-1.073	-0.449
942.968	372.272	-1.089	-0.461
943.168	374.280	-1.060	-0.449
943.368	376.259	-1.069	-0.468
943.568	378.333	-1.028	-0.441
943.768	380.319	-1.027	-0.448
943.968	382.506	-1.001	-0.465
944.168	384.368	-0.991	-0.452
944.368	386.493	-0.956	-0.482
944.568	388.507	-0.937	-0.459
944.768	390.316	-0.920	-0.488
944.968	391.265	-0.896	-0.460
945.168	391.506	-0.894	-0.502
1206.168	0.000	-4.880	0.001
1206.368	0.139	-4.868	-0.007
1206.568	1.086	-4.873	0.016
1206.768	2.732	-4.880	-0.003
1206.968	4.740	-4.895	-0.002
1207.168	6.912	-4.870	0.020
1207.368	8.870	-4.895	-0.002
1207.568	10.951	-4.877	0.027
1207.768	12.941	-4.890	0.009
1207.968	14.917	-4.874	0.031
1208.168	17.038	-4.887	-0.006
1208.368	19.080	-4.869	0.019
1208.568	21.080	-4.883	-0.001
1208.768	23.146	-4.878	0.023
1208.968	25.166	-4.906	0.001
1209.168	27.210	-4.882	0.032
1209.368	29.250	-4.890	0.004
1209.568	31.228	-4.895	0.012
1209.768	33.282	-4.900	-0.015
1209.968	35.310	-4.515	-0.128
1210.168	37.301	-4.124	-0.296
1210.368	39.416	-4.087	-0.357
1210.568	41.380	-4.051	-0.335
1210.668	42.530	-4.043	-0.365
1210.868	44.415	-3.983	-0.333
1211.068	46.556	-3.912	-0.375
1211.268	48.561	-3.810	-0.364
1211.468	50.565	-3.746	-0.399
1211.668	52.550	-3.681	-0.387
1211.868	54.793	-3.671	-0.427
1212.068	56.616	-3.620	-0.407
1212.268	58.708	-3.595	-0.434
1212.468	60.749	-3.536	-0.408
1212.668	62.764	-3.522	-0.446
1212.868	64.753	-3.478	-0.441
1213.068	66.834	-3.466	-0.459
1213.268	68.959	-3.436	-0.453
1213.468	70.970	-3.418	-0.457
1213.668	73.018	-3.402	-0.483
1213.868	75.010	-3.373	-0.487
1214.068	77.039	-3.336	-0.483
1214.268	79.031	-3.323	-0.485
1214.468	81.214	-3.304	-0.500
1214.668	83.199	-3.264	-0.432
1214.868	85.185	-3.261	-0.411
1215.068	87.206	-3.230	-0.420
1215.268	89.208	-3.225	-0.421
1215.468	91.329	-3.202	-0.409
1215.668	93.381	-3.180	-0.412
1215.868	95.392	-3.160	-0.399
1216.068	97.394	-3.172	-0.423
1216.268	99.508	-3.135	-0.404
1216.468	101.383	-3.120	-0.402
1216.568	102.557	-3.069	-0.391
1216.768	104.468	-3.072	-0.412
1216.968	106.482	-3.087	-0.448
1217.068	107.630	-3.036	-0.406
1217.268	109.516	-3.048	-0.423
1217.468	111.628	-3.015	-0.427
1217.668	113.662	-3.032	-0.447
1217.868	115.689	-2.992	-0.439
1218.068	117.672	-2.981	-0.445
1218.268	119.822	-2.962	-0.442
1218.468	121.805	-2.957	-0.446
1218.668	123.798	-2.942	-0.463
1218.868	125.798	-2.901	-0.440
1219.068	127.911	-2.905	-0.450
1219.268	129.978	-2.886	-0.452
1219.468	131.955	-2.871	-0.453
1219.668	134.081	-2.834	-0.446
1219.868	135.983	-2.845	-0.468
1220.068	138.096	-2.802	-0.452
1220.268	140.123	-2.823	-0.473
1220.468	142.068	-2.765	-0.428
1220.568	143.186	-2.787	-0.434
1220.768	145.240	-2.761	-0.459
1220.968	147.224	-2.732	-0.449
1221.168	149.380	-2.729	-0.466
1221.368	151.254	-2.686	-0.441
1221.568	153.378	-2.688	-0.461
1221.768	155.412	-2.646	-0.436
1221.968	157.429	-2.655	-0.451
1222.168	159.409	-2.605	-0.418
1222.268	160.542	-2.642	-0.475
1222.468	162.419	-2.617	-0.442
1222.568	163.557	-2.566	-0.434
1222.768	165.561	-2.565	-0.446
1222.968	167.525	-2.534	-0.417
1223.169	169.729	-2.538	-0.460
1223.368	171.688	-2.507	-0.422
1223.569	173.634	-2.502	-0.451
1223.768	175.720	-2.465	-0.417
1223.968	177.720	-2.461	-0.449
1224.168	179.876	-2.437	-0.419
1224.368	181.802	-2.421	-0.452
1224.568	183.802	-2.422	-0.435
1224.768	185.871	-2.408	-0.440
1224.968	187.941	-2.386	-0.429
1225.168	189.937	-2.349	-0.420
1225.368	191.964	-2.364	-0.428
1225.568	194.007	-2.312	-0.410
1225.768	195.988	-2.326	-0.435
1225.968	198.017	-2.291	-0.424
1226.168	200.049	-2.294	-0.427
1226.268	201.167	-2.257	-0.403
1226.468	203.223	-2.265	-0.437
1226.668	205.175	-2.251	-0.438
1226.868	207.190	-2.218	-0.438
1227.068	209.200	-2.213	-0.410
1227.168	210.312	-2.186	-0.421
1227.368	212.390	-2.200	-0.432
1227.568	214.374	-2.174	-0.421
1227.768	216.344	-2.164	-0.431
1227.968	218.446	-2.146	-0.426
1228.168	220.428	-2.130	-0.439
1228.368	222.573	-2.104	-0.428
1228.568	224.533	-2.087	-0.456
1228.768	226.557	-2.068	-0.432
1228.968	228.613	-2.077	-0.457
1229.168	230.656	-2.056	-0.442
1229.368	232.661	-2.047	-0.457
1229.568	234.705	-2.017	-0.445
1229.768	236.733	-2.000	-0.467
1229.968	238.732	-1.982	-0.450
1230.168	240.758	-1.951	-0.459
1230.368	242.819	-1.951	-0.452
1230.568	244.977	-1.931	-0.479
1230.768	246.881	-1.916	-0.461
1230.968	249.008	-1.892	-0.463
1231.168	251.021	-1.884	-0.478
1231.368	253.039	-1.858	-0.464
1231.568	255.041	-1.857	-0.476
1231.768	257.095	-1.822	-0.466
1231.968	259.160	-1.816	-0.480
1232.168	261.195	-1.774	-0.464
1232.368	263.186	-1.778	-0.467
1232.568	265.171	-1.735	-0.457
1232.768	267.193	-1.742	-0.487
1232.968	269.260	-1.707	-0.484
1233.168	271.281	-1.695	-0.482
1233.368	273.410	-1.684	-0.476
1233.568	275.524	-1.659	-0.483
1233.768	277.516	-1.645	-0.478
1233.968	279.488	-1.621	-0.477
1234.168	281.599	-1.612	-0.462
1234.368	283.601	-1.578	-0.472
1234.568	285.591	-1.605	-0.472
1234.768	287.598	-1.561	-0.450
1234.968	289.576	-1.568	-0.469
1235.168	291.602	-1.522	-0.453
1235.368	293.775	-1.533	-0.474
1235.568	295.729	-1.489	-0.445
1235.768	297.789	-1.514	-0.472
1235.968	299.787	-1.461	-0.425
1236.168	301.954	-1.496	-0.473
1236.368	303.859	-1.460	-0.430
1236.568	305.841	-1.466	-0.459
1236.768	307.898	-1.425	-0.437
1236.968	309.968	-1.436	-0.465
1237.168	311.988	-1.409	-0.436
1237.368	314.025	-1.423	-0.448
1237.568	316.035	-1.387	-0.430
1237.768	318.177	-1.393	-0.453
1237.968	320.277	-1.376	-0.439
1238.168	322.262	-1.368	-0.449
1238.368	324.195	-1.328	-0.432
1238.568	326.268	-1.348	-0.467
1238.768	328.253	-1.326	-0.453
1238.968	330.257	-1.324	-0.447
1239.168	332.449	-1.308	-0.446
1239.368	334.424	-1.312	-0.447
1239.568	336.482	-1.301	-0.462
1239.769	338.483	-1.278	-0.440
1239.968	340.456	-1.270	-0.462
1240.168	342.555	-1.264	-0.450
1240.368	344.567	-1.259	-0.476
1240.568	346.702	-1.221	-0.449
1240.768	348.670	-1.217	-0.474
1240.968	350.691	-1.206	-0.458
1241.168	352.744	-1.228	-0.498
1241.368	354.780	-1.197	-0.470
1241.568	356.778	-1.189	-0.487
1241.768	358.801	-1.169	-0.473
1241.968	360.836	-1.171	-0.504
1242.168	362.827	-1.158	-0.469
1242.368	364.851	-1.136	-0.493
1242.568	366.917	-1.125	-0.473
1242.668	368.044	-1.138	-0.509
1242.868	369.930	-1.125	-0.500
1243.068	372.075	-1.098	-0.471
1243.268	374.090	-1.100	-0.503
1243.468	376.125	-1.083	-0.481
1243.668	378.111	-1.084	-0.510
1243.868	380.128	-1.053	-0.477
1244.068	382.197	-1.038	-0.498
1244.268	384.190	-1.027	-0.490
1244.468	386.316	-1.005	-0.505
1244.668	388.320	-0.981	-0.493
1244.868	390.125	-0.923	-0.477
1245.068	391.244	-0.926	-0.493
1245.268	391.506	-0.874	-0.494
1506.268	0.000	-4.881	-0.025
1506.468	0.076	-4.879	-0.031
1506.668	0.960	-4.866	-0.018
1506.868	2.554	-4.887	-0.018
1507.068	4.475	-4.878	-0.018
1507.269	6.510	-4.895	-0.022
1507.468	8.525	-4.878	0.011
1507.568	9.696	-4.878	0.006
1507.768	11.612	-4.879	0.007
1507.968	13.727	-4.903	-0.008
1508.168	15.763	-4.900	0.016
1508.368	17.786	-4.909	-0.025
1508.568	19.791	-4.908	-0.002
1508.768	21.827	-4.914	-0.026
1508.968	23.826	-4.882	-0.005
1509.168	25.824	-4.901	-0.027
1509.368	27.895	-4.914	-0.032
1509.568	30.008	-4.894	-0.037
1509.768	32.039	-4.889	-0.040
1509.968	34.035	-4.896	-0.065
1510.168	36.021	-4.330	-0.250
1510.368	38.034	-4.099	-0.351
1510.568	40.098	-4.062	-0.375
1510.768	42.096	-4.009	-0.382
1510.968	44.144	-3.992	-0.379
1511.168	46.250	-3.877	-0.388
1511.368	48.244	-3.806	-0.390
1511.568	50.367	-3.725	-0.411
1511.768	52.370	-3.672	-0.394
1511.968	54.331	-3.636	-0.407
1512.168	56.440	-3.602	-0.418
1512.368	58.430	-3.596	-0.438
1512.569	60.402	-3.546	-0.434
1512.768	62.496	-3.516	-0.445
1512.968	64.465	-3.493	-0.450
1513.069	65.588	-3.452	-0.437
1513.268	67.658	-3.443	-0.479
1513.468	69.604	-3.437	-0.455
1513.668	71.716	-3.394	-0.468
1513.868	73.714	-3.389	-0.511
1514.068	75.674	-3.337	-0.502
1514.268	77.781	-3.327	-0.499
1514.468	79.807	-3.278	-0.504
1514.668	81.804	-3.272	-0.499
1514.868	83.937	-3.236	-0.447
1515.068	85.964	-3.232	-0.443
1515.268	87.904	-3.209	-0.435
1515.468	89.949	-3.172	-0.443
1515.668	91.981	-3.134	-0.435
1515.868	93.966	-3.134	-0.442
1516.068	96.086	-3.091	-0.423
1516.268	98.101	-3.106	-0.445
1516.468	100.075	-3.058	-0.412
1516.668	102.188	-3.067	-0.424
1516.868	104.193	-3.015	-0.389
1517.069	106.162	-3.043	-0.413
1517.268	108.269	-2.997	-0.394
1517.468	110.368	-3.003	-0.405
1517.668	112.459	-2.981	-0.401
1517.868	114.469	-2.993	-0.424
1518.069	116.415	-2.982	-0.405
1518.268	118.471	-2.963	-0.419
1518.468	120.470	-2.957	-0.422
1518.669	122.620	-2.932	-0.443
1518.868	124.524	-2.920	-0.425
1519.068	126.517	-2.899	-0.438
1519.168	127.695	-2.911	-0.452
1519.368	129.597	-2.867	-0.424
1519.568	131.727	-2.864	-0.446
1519.769	133.639	-2.824	-0.433
1519.968	135.694	-2.829	-0.471
1520.168	137.814	-2.790	-0.435
1520.368	139.882	-2.782	-0.464
1520.568	141.889	-2.746	-0.428
1520.768	143.806	-2.752	-0.437
1520.968	145.868	-2.720	-0.417
1521.168	147.973	-2.721	-0.429
1521.368	149.919	-2.682	-0.416
1521.468	151.000	-2.670	-0.413
1521.668	153.128	-2.703	-0.432
1521.869	154.990	-2.657	-0.403
1521.968	156.119	-2.691	-0.435
1522.169	158.143	-2.656	-0.412
1522.368	160.168	-2.648	-0.407
1522.569	162.142	-2.627	-0.416
1522.768	164.154	-2.609	-0.421
1522.968	166.180	-2.597	-0.432
1523.168	168.328	-2.575	-0.427
1523.368	170.301	-2.582	-0.455
1523.568	172.326	-2.534	-0.437
1523.768	174.521	-2.529	-0.454
1523.968	176.454	-2.500	-0.457
1524.168	178.446	-2.476	-0.465
1524.368	180.615	-2.440	-0.454
1524.568	182.486	-2.431	-0.455
1524.768	184.610	-2.403	-0.446
1524.968	186.621	-2.393	-0.445
1525.169	188.619	-2.358	-0.439
1525.368	190.652	-2.351	-0.459
1525.568	192.658	-2.328	-0.425
1525.768	194.783	-2.338	-0.453
1525.968	196.770	-2.291	-0.405
1526.168	198.762	-2.307	-0.437
1526.369	200.900	-2.268	-0.412
1526.568	202.953	-2.284	-0.441
1526.768	204.957	-2.246	-0.422
1526.968	206.932	-2.251	-0.442
1527.169	209.034	-2.219	-0.440
1527.368	211.100	-2.218	-0.451
1527.568	213.096	-2.183	-0.449
1527.768	215.019	-2.188	-0.466
1527.968	217.043	-2.150	-0.465
1528.068	218.236	-2.148	-0.472
1528.268	220.116	-2.125	-0.482
1528.468	222.240	-2.087	-0.461
1528.668	224.285	-2.074	-0.474
1528.868	226.307	-2.048	-0.454
1529.068	228.301	-2.025	-0.469
1529.268	230.449	-2.013	-0.445
1529.368	231.461	-1.979	-0.438
1529.568	233.461	-2.007	-0.463
1529.768	235.462	-1.975	-0.438
1529.968	237.451	-1.967	-0.453
1530.168	239.461	-1.925	-0.416
1530.368	241.509	-1.950	-0.452
1530.568	243.623	-1.918	-0.417
1530.768	245.712	-1.930	-0.451
1530.968	247.713	-1.892	-0.417
1531.169	249.675	-1.912	-0.464
1531.368	251.805	-1.857	-0.435
1531.568	253.664	-1.845	-0.446
1531.668	254.856	-1.838	-0.469
1531.868	256.794	-1.817	-0.454
1532.068	258.809	-1.845	-0.502
1532.268	260.781	-1.783	-0.470
1532.468	262.899	-1.787	-0.482
1532.668	264.899	-1.734	-0.465
1532.868	267.088	-1.734	-0.479
1533.068	268.971	-1.685	-0.447
1533.268	271.081	-1.699	-0.473
1533.468	272.997	-1.676	-0.453
1533.568	274.096	-1.690	-0.496
1533.768	276.038	-1.671	-0.466
1533.968	278.126	-1.620	-0.424
1534.168	280.129	-1.630	-0.453
1534.268	281.287	-1.603	-0.439
1534.468	283.293	-1.621	-0.447
1534.668	285.299	-1.591	-0.433
1534.868	287.323	-1.609	-0.438
1535.068	289.389	-1.586	-0.446
1535.268	291.391	-1.585	-0.440
1535.468	293.380	-1.562	-0.464
1535.568	294.501	-1.527	-0.449
1535.768	296.495	-1.563	-0.470
1535.968	298.438	-1.543	-0.475
1536.168	300.507	-1.539	-0.486
1536.368	302.543	-1.505	-0.478
1536.568	304.595	-1.497	-0.488
1536.768	306.660	-1.460	-0.473
1536.968	308.665	-1.466	-0.486
1537.168	310.683	-1.426	-0.472
1537.369	312.680	-1.435	-0.482
1537.568	314.696	-1.424	-0.464
1537.768	316.774	-1.407	-0.463
1537.968	318.906	-1.374	-0.452
1538.168	320.924	-1.374	-0.441
1538.368	322.982	-1.363	-0.442
1538.568	324.992	-1.344	-0.433
1538.768	326.997	-1.344	-0.437
1538.968	329.062	-1.326	-0.432
1539.168	331.062	-1.342	-0.465
1539.369	333.119	-1.325	-0.449
1539.568	335.204	-1.310	-0.453
1539.768	337.187	-1.285	-0.463
1539.968	339.131	-1.298	-0.483
1540.168	341.219	-1.289	-0.494
1540.368	343.222	-1.252	-0.485
1540.568	345.289	-1.246	-0.494
1540.768	347.319	-1.233	-0.493
1540.968	349.313	-1.196	-0.488
1541.168	351.339	-1.189	-0.483
1541.368	353.557	-1.162	-0.473
1541.568	355.551	-1.174	-0.491
1541.769	357.565	-1.137	-0.460
1541.968	359.568	-1.139	-0.473
1542.168	361.584	-1.116	-0.446
1542.369	363.613	-1.128	-0.461
1542.569	365.609	-1.112	-0.454
1542.768	367.614	-1.115	-0.443
1542.969	369.667	-1.095	-0.435
1543.169	371.665	-1.116	-0.458
1543.368	373.793	-1.100	-0.469
1543.568	375.801	-1.085	-0.459
1543.768	377.798	-1.086	-0.466
1543.968	379.911	-1.089	-0.493
1544.168	381.916	-1.066	-0.488
1544.368	383.890	-1.044	-0.495
1544.568	385.973	-1.014	-0.497
1544.768	387.971	-0.981	-0.492
1544.868	389.122	-0.938	-0.502
1545.068	390.596	-0.915	-0.481
1545.268	391.398	-0.931	-0.509
1545.468	391.506	-0.882	-0.469
1806.269	0.000	-4.885	0.036
1806.469	0.001	-4.898	0.025
1806.668	0.528	-4.890	0.031
1806.768	1.138	-4.874	0.043
1806.968	2.823	-4.864	0.028
1807.168	4.939	-4.903	-0.001
1807.368	6.924	-4.883	0.005
1807.568	8.878	-4.905	0.005
1807.768	10.964	-4.864	0.011
1807.968	12.955	-4.883	0.016
1808.068	14.098	-4.850	0.044
1808.268	16.115	-4.868	0.037
1808.469	18.093	-4.876	0.034
1808.668	20.164	-4.860	0.039
1808.868	22.123	-4.887	0.034
1808.969	23.257	-4.875	0.046
1809.168	25.276	-4.899	0.029
1809.368	27.238	-4.879	0.037
1809.568	29.246	-4.899	0.015
1809.769	31.248	-4.899	0.018
1809.869	32.357	-4.899	-0.001
1810.068	34.447	-4.887	-0.016
1810.268	36.448	-4.171	-0.267
1810.469	38.411	-4.059	-0.317
1810.668	40.455	-4.032	-0.356
1810.869	42.435	-4.000	-0.326
1811.068	44.486	-3.967	-0.385
1811.268	46.507	-3.876	-0.359
1811.368	47.596	-3.813	-0.360
1811.569	49.670	-3.738	-0.386
1811.768	51.622	-3.683	-0.381
1811.869	52.770	-3.675	-0.412
1812.069	54.773	-3.647	-0.416
1812.268	56.737	-3.610	-0.414
1812.469	58.722	-3.574	-0.422
1812.668	60.790	-3.536	-0.431
1812.768	61.901	-3.541	-0.475
1812.968	63.883	-3.509	-0.465
1813.169	65.862	-3.452	-0.464
1813.369	67.865	-3.443	-0.470
1813.568	70.043	-3.391	-0.476
1813.768	71.972	-3.385	-0.481
1813.969	74.037	-3.332	-0.458
1814.169	76.033	-3.315	-0.479
1814.268	77.163	-3.303	-0.464
1814.469	79.074	-3.283	-0.482
1814.668	81.212	-3.246	-0.453
1814.869	83.336	-3.242	-0.446
1815.068	85.166	-3.202	-0.415
1815.268	87.325	-3.214	-0.421
1815.468	89.419	-3.170	-0.407
1815.668	91.396	-3.169	-0.418
1815.868	93.352	-3.134	-0.437
1816.069	95.436	-3.130	-0.443
1816.269	97.417	-3.103	-0.443
1816.368	98.555	-3.057	-0.411
1816.569	100.439	-3.085	-0.452
1816.668	101.544	-3.058	-0.441
1816.868	103.612	-3.034	-0.439
1817.068	105.582	-3.018	-0.436
1817.268	107.537	-2.978	-0.426
1817.468	109.609	-2.970	-0.425
1817.668	111.707	-2.957	-0.420
1817.869	113.723	-2.965	-0.410
1818.069	115.772	-2.942	-0.403
1818.269	117.777	-2.968	-0.429
1818.468	119.751	-2.924	-0.426
1818.568	120.865	-2.960	-0.439
1818.769	122.857	-2.896	-0.421
1818.969	124.977	-2.912	-0.437
1819.168	126.965	-2.895	-0.454
1819.368	128.947	-2.876	-0.450
1819.568	131.049	-2.843	-0.454
1819.768	133.041	-2.821	-0.451
1819.969	135.015	-2.800	-0.433
1820.169	137.113	-2.781	-0.423
1820.368	139.199	-2.771	-0.419
1820.569	141.182	-2.752	-0.427
1820.768	143.180	-2.780	-0.421
1820.968	145.312	-2.741	-0.412
1821.168	147.385	-2.762	-0.420
1821.368	149.389	-2.722	-0.422
1821.568	151.337	-2.733	-0.438
1821.769	153.425	-2.681	-0.434
1821.969	155.442	-2.705	-0.466
1822.169	157.412	-2.643	-0.447
1822.369	159.534	-2.655	-0.459
1822.568	161.551	-2.607	-0.454
1822.768	163.603	-2.580	-0.431
1822.968	165.531	-2.563	-0.432
1823.169	167.700	-2.552	-0.419
1823.368	169.733	-2.542	-0.411
1823.569	171.622	-2.518	-0.407
1823.669	172.736	-2.540	-0.413
1823.869	174.784	-2.523	-0.438
1824.068	176.812	-2.518	-0.418
1824.269	178.825	-2.481	-0.447
1824.468	180.911	-2.461	-0.439
1824.669	182.877	-2.445	-0.449
1824.868	185.040	-2.431	-0.455
1825.069	186.910	-2.382	-0.447
1825.269	189.009	-2.391	-0.453
1825.469	191.033	-2.340	-0.452
1825.669	193.064	-2.333	-0.441
1825.869	195.067	-2.297	-0.427
1826.069	197.103	-2.308	-0.427
1826.269	199.179	-2.307	-0.442
1826.468	201.272	-2.289	-0.425
1826.668	203.324	-2.274	-0.436
1826.869	205.342	-2.255	-0.456
1827.069	207.337	-2.247	-0.442
1827.268	209.426	-2.212	-0.476
1827.469	211.427	-2.188	-0.456
1827.669	213.404	-2.165	-0.479
1827.869	215.509	-2.151	-0.449
1828.069	217.501	-2.112	-0.458
1828.269	219.475	-2.104	-0.433
1828.468	221.590	-2.088	-0.454
1828.669	223.574	-2.083	-0.439
1828.869	225.576	-2.063	-0.432
1829.069	227.743	-2.082	-0.436
1829.268	229.705	-2.046	-0.426
1829.468	231.770	-2.059	-0.450
1829.668	233.735	-2.016	-0.452
1829.869	235.890	-2.012	-0.468
1830.068	237.795	-1.972	-0.465
1830.269	239.795	-1.960	-0.471
1830.368	240.967	-1.975	-0.493
1830.568	242.868	-1.925	-0.447
1830.768	244.866	-1.914	-0.449
1830.969	246.910	-1.873	-0.451
1831.168	248.973	-1.875	-0.430
1831.368	250.967	-1.835	-0.427
1831.568	253.012	-1.857	-0.426
1831.769	255.058	-1.835	-0.438
1831.969	257.183	-1.862	-0.448
1832.169	259.318	-1.809	-0.443
1832.368	261.281	-1.834	-0.474
1832.568	263.391	-1.771	-0.451
1832.769	265.310	-1.768	-0.467
1832.968	267.295	-1.726	-0.465
1833.169	269.318	-1.724	-0.481
1833.368	271.343	-1.693	-0.465
1833.569	273.466	-1.678	-0.454
1833.769	275.544	-1.656	-0.437
1833.969	277.549	-1.651	-0.449
1834.169	279.535	-1.639	-0.433
1834.369	281.637	-1.631	-0.445
1834.569	283.724	-1.622	-0.430
1834.768	285.708	-1.609	-0.461
1834.968	287.633	-1.625	-0.455
1835.169	289.639	-1.594	-0.481
1835.268	290.823	-1.574	-0.449
1835.468	292.707	-1.566	-0.480
1835.669	294.707	-1.545	-0.474
1835.768	295.861	-1.560	-0.481
1835.969	297.885	-1.509	-0.466
1836.169	299.887	-1.504	-0.454
1836.369	301.933	-1.489	-0.457
1836.569	303.925	-1.495	-0.458
1836.768	305.925	-1.475	-0.458
1836.969	307.970	-1.478	-0.432
1837.170	310.100	-1.475	-0.455
1837.368	312.114	-1.478	-0.453
1837.569	314.131	-1.464	-0.473
1837.768	316.105	-1.445	-0.459
1837.968	318.119	-1.443	-0.488
1838.169	320.171	-1.419	-0.483
1838.368	322.191	-1.397	-0.487
1838.569	324.231	-1.359	-0.467
1838.768	326.328	-1.350	-0.467
1838.969	328.298	-1.351	-0.478
1839.168	330.423	-1.325	-0.444
1839.368	332.421	-1.314	-0.456
1839.569	334.575	-1.308	-0.435
1839.769	336.460	-1.308	-0.459
1839.969	338.447	-1.304	-0.448
1840.068	339.601	-1.290	-0.464
1840.269	341.624	-1.287	-0.456
1840.469	343.589	-1.280	-0.492
1840.668	345.678	-1.275	-0.505
1840.869	347.645	-1.239	-0.469
1841.069	349.815	-1.227	-0.487
1841.268	351.683	-1.192	-0.476
1841.368	352.793	-1.182	-0.481
1841.569	354.799	-1.162	-0.458
1841.769	356.825	-1.154	-0.470
1841.968	358.807	-1.141	-0.442
1842.169	360.829	-1.158	-0.461
1842.369	362.893	-1.143	-0.439
1842.568	364.923	-1.147	-0.466
1842.769	366.953	-1.132	-0.462
1842.968	368.979	-1.124	-0.474
1843.068	370.146	-1.115	-0.484
1843.268	372.052	-1.114	-0.466
1843.469	374.158	-1.112	-0.515
1843.669	376.200	-1.078	-0.485
1843.869	378.225	-1.065	-0.513
1844.069	380.207	-1.033	-0.463
1844.269	382.236	-1.020	-0.480
1844.469	384.230	-1.009	-0.447
1844.669	386.435	-0.984	-0.462
1844.869	388.293	-0.982	-0.454
1844.969	389.401	-0.974	-0.490
1845.169	390.826	-0.949	-0.479
1845.369	391.467	-0.937	-0.449
1845.568	391.506	-0.938	-0.481
2106.369	0.000	-4.880	0.066
2106.569	0.189	-4.876	0.049
2106.669	0.613	-4.899	0.056
2106.869	2.001	-4.865	0.072
2107.069	3.950	-4.907	0.031
2107.269	5.959	-4.881	0.033
2107.469	8.024	-4.893	0.030
2107.669	9.992	-4.890	0.034
2107.869	12.115	-4.880	0.027
2108.069	14.121	-4.901	0.027
2108.269	16.083	-4.868	0.040
2108.469	18.187	-4.879	0.044
2108.669	20.191	-4.865	0.073
2108.869	22.372	-4.883	0.054
2109.069	24.238	-4.884	0.065
2109.269	26.338	-4.872	0.057
2109.469	28.281	-4.886	0.060
2109.569	29.357	-4.882	0.045
2109.769	31.496	-4.892	0.047
2109.969	33.363	-4.900	0.012
2110.069	34.485	-4.889	-0.022
2110.269	36.480	-4.147	-0.256
2110.469	38.505	-4.074	-0.353
2110.669	40.610	-3.996	-0.326
2110.869	42.732	-4.003	-0.356
2111.069	44.556	-3.930	-0.361
2111.269	46.698	-3.855	-0.371
2111.468	48.682	-3.762	-0.381
2111.669	50.680	-3.707	-0.377
2111.869	52.881	-3.656	-0.405
2112.069	54.788	-3.636	-0.419
2112.270	56.783	-3.606	-0.436
2112.369	57.928	-3.599	-0.451
2112.570	59.947	-3.555	-0.441
2112.769	61.926	-3.523	-0.481
2112.969	63.958	-3.472	-0.465
2113.169	65.991	-3.449	-0.483
2113.369	68.033	-3.427	-0.482
2113.569	70.028	-3.388	-0.473
2113.769	72.039	-3.376	-0.466
2113.869	73.192	-3.332	-0.460
2114.069	75.095	-3.317	-0.460
2114.269	77.229	-3.293	-0.475
2114.469	79.259	-3.274	-0.491
2114.669	81.287	-3.239	-0.481
2114.869	83.295	-3.241	-0.438
2115.069	85.336	-3.210	-0.417
2115.270	87.411	-3.202	-0.445
2115.468	89.404	-3.148	-0.407
2115.669	91.543	-3.157	-0.459
2115.869	93.394	-3.109	-0.439
2116.069	95.550	-3.102	-0.457
2116.269	97.450	-3.046	-0.430
2116.469	99.497	-3.056	-0.434
2116.669	101.642	-3.020	-0.420
2116.869	103.737	-3.000	-0.419
2117.069	105.731	-2.988	-0.408
2117.269	107.687	-2.999	-0.427
2117.468	109.784	-2.977	-0.415
2117.670	111.754	-2.957	-0.421
2117.870	113.772	-2.973	-0.419
2118.070	115.791	-2.959	-0.450
2118.270	117.929	-2.948	-0.442
2118.470	120.022	-2.908	-0.451
2118.669	122.005	-2.911	-0.442
2118.869	123.950	-2.878	-0.450
2119.069	126.054	-2.874	-0.429
2119.269	128.065	-2.824	-0.426
2119.469	130.190	-2.847	-0.429
2119.669	132.153	-2.828	-0.426
2119.869	134.174	-2.826	-0.400
2120.069	136.249	-2.825	-0.417
2120.269	138.150	-2.810	-0.407
2120.469	140.179	-2.820	-0.438
2120.569	141.340	-2.779	-0.439
2120.769	143.251	-2.777	-0.418
2120.969	145.384	-2.760	-0.458
2121.169	147.401	-2.722	-0.436
2121.369	149.402	-2.728	-0.468
2121.568	151.398	-2.692	-0.424
2121.769	153.485	-2.667	-0.435
2121.969	155.487	-2.650	-0.412
2122.169	157.651	-2.641	-0.406
2122.369	159.528	-2.626	-0.398
2122.569	161.670	-2.618	-0.411
2122.769	163.683	-2.624	-0.424
2122.969	165.731	-2.596	-0.419
2123.169	167.737	-2.576	-0.443
2123.369	169.781	-2.571	-0.449
2123.569	171.863	-2.552	-0.447
2123.770	173.850	-2.510	-0.430
2123.970	175.986	-2.485	-0.449
2124.171	177.987	-2.454	-0.427
2124.369	179.960	-2.468	-0.442
2124.569	182.056	-2.412	-0.399
2124.771	184.041	-2.442	-0.419
2124.969	186.006	-2.403	-0.402
2125.168	188.107	-2.435	-0.428
2125.369	190.080	-2.365	-0.418
2125.568	192.120	-2.382	-0.446
2125.769	194.234	-2.342	-0.443
2125.969	196.208	-2.341	-0.448
2126.169	198.283	-2.302	-0.463
2126.369	200.276	-2.286	-0.459
2126.569	202.227	-2.256	-0.458
2126.769	204.300	-2.244	-0.445
2126.969	206.300	-2.206	-0.425
2127.069	207.454	-2.184	-0.419
2127.269	209.374	-2.215	-0.422
2127.469	211.458	-2.191	-0.428
2127.669	213.461	-2.177	-0.423
2127.869	215.521	-2.149	-0.424
2128.069	217.551	-2.179	-0.456
2128.269	219.610	-2.128	-0.452
2128.469	221.627	-2.133	-0.473
2128.669	223.628	-2.071	-0.453
2128.869	225.697	-2.069	-0.461
2129.069	227.718	-2.032	-0.446
2129.269	229.724	-2.022	-0.440
2129.468	231.807	-2.007	-0.432
2129.669	233.885	-2.002	-0.449
2129.869	235.906	-1.972	-0.427
2130.069	237.929	-1.987	-0.448
2130.269	239.915	-1.965	-0.418
2130.469	241.920	-1.982	-0.474
2130.669	243.945	-1.936	-0.443
2130.769	245.051	-1.922	-0.450
2130.969	247.141	-1.920	-0.485
2131.169	249.142	-1.873	-0.454
2131.368	251.084	-1.868	-0.479
2131.569	253.116	-1.839	-0.456
2131.769	255.136	-1.829	-0.462
2131.869	256.307	-1.798	-0.417
2132.069	258.226	-1.821	-0.451
2132.269	260.208	-1.778	-0.419
2132.369	261.358	-1.810	-0.438
2132.569	263.369	-1.794	-0.458
2132.769	265.363	-1.766	-0.440
2132.969	267.390	-1.776	-0.481
2133.169	269.415	-1.719	-0.445
2133.368	271.414	-1.746	-0.500
2133.569	273.560	-1.684	-0.460
2133.769	275.537	-1.699	-0.479
2133.969	277.544	-1.624	-0.453
2134.169	279.566	-1.645	-0.459
2134.369	281.590	-1.607	-0.444
2134.569	283.603	-1.631	-0.438
2134.769	285.805	-1.605	-0.435
2134.969	287.785	-1.621	-0.448
2135.169	289.892	-1.597	-0.451
2135.369	291.761	-1.580	-0.462
2135.568	293.957	-1.572	-0.458
2135.769	295.875	-1.551	-0.476
2135.969	297.900	-1.535	-0.479
2136.169	299.882	-1.519	-0.489
2136.369	301.992	-1.492	-0.455
2136.569	303.998	-1.489	-0.462
2136.769	306.187	-1.491	-0.442
2136.969	308.073	-1.464	-0.448
2137.169	310.077	-1.501	-0.443
2137.269	311.211	-1.448	-0.445
2137.468	313.108	-1.482	-0.461
2137.571	314.226	-1.484	-0.463
2137.770	316.231	-1.444	-0.475
2137.970	318.219	-1.443	-0.468
2138.171	320.384	-1.427	-0.499
2138.370	322.281	-1.400	-0.468
2138.569	324.419	-1.367	-0.483
2138.769	326.445	-1.344	-0.460
2138.969	328.499	-1.351	-0.474
2139.169	330.494	-1.340	-0.453
2139.368	332.491	-1.323	-0.449
2139.569	334.463	-1.326	-0.460
2139.669	335.589	-1.301	-0.408
2139.869	337.728	-1.332	-0.487
2140.069	339.573	-1.306	-0.454
2140.269	341.719	-1.307	-0.493
2140.469	343.624	-1.278	-0.475
2140.669	345.666	-1.270	-0.507
2140.769	346.781	-1.239	-0.463
2140.969	348.860	-1.217	-0.467
2141.169	350.831	-1.187	-0.481
2141.368	352.919	-1.187	-0.471
2141.569	354.835	-1.187	-0.473
2141.769	356.967	-1.165	-0.433
2141.969	359.040	-1.193	-0.472
2142.169	361.029	-1.167	-0.433
2142.369	362.991	-1.181	-0.487
2142.569	365.100	-1.148	-0.472
2142.769	367.100	-1.147	-0.496
2142.969	369.096	-1.119	-0.491
2143.169	371.199	-1.100	-0.481
2143.369	373.263	-1.080	-0.489
2143.571	375.263	-1.083	-0.472
2143.770	377.330	-1.078	-0.484
2143.970	379.370	-1.044	-0.440
2144.170	381.422	-1.061	-0.468
2144.370	383.317	-1.047	-0.444
2144.570	385.452	-1.065	-0.482
2144.769	387.490	-1.010	-0.472
2144.969	389.483	-0.999	-0.505
2145.169	390.864	-0.942	-0.483
2145.368	391.469	-0.928	-0.494
2145.468	391.506	-0.905	-0.493
2406.369	0.000	-4.860	0.080
2406.569	0.103	-4.878	0.102
2406.669	0.459	-4.902	0.076
2406.869	1.701	-4.885	0.092
2407.069	3.625	-4.902	0.076
2407.269	5.596	-4.882	0.060
2407.469	7.817	-4.893	0.066
2407.669	9.816	-4.859	0.061
2407.869	11.798	-4.864	0.078
2408.069	13.805	-4.872	0.062
2408.269	15.765	-4.878	0.106
2408.469	17.793	-4.878	0.089
2408.669	19.970	-4.889	0.108
2408.869	21.925	-4.901	0.071
2409.069	24.026	-4.893	0.077
2409.269	26.028	-4.884	0.060
2409.469	27.998	-4.894	0.052
2409.669	30.102	-4.854	0.062
2409.869	32.095	-4.863	0.051
2410.069	34.163	-4.872	0.047
2410.269	36.227	-4.231	-0.174
2410.469	38.241	-4.033	-0.294
2410.669	40.284	-3.997	-0.307
2410.869	42.213	-4.008	-0.353
2410.969	43.315	-3.998	-0.358
2411.169	45.336	-3.941	-0.354
2411.369	47.383	-3.832	-0.390
2411.569	49.368	-3.743	-0.370
2411.669	50.497	-3.733	-0.403
2411.869	52.491	-3.685	-0.417
2412.069	54.508	-3.630	-0.407
2412.269	56.535	-3.603	-0.426
2412.469	58.532	-3.568	-0.410
2412.669	60.514	-3.552	-0.449
2412.869	62.712	-3.501	-0.449
2413.069	64.664	-3.480	-0.478
2413.269	66.771	-3.446	-0.491
2413.469	68.768	-3.407	-0.493
2413.669	70.757	-3.369	-0.488
2413.869	72.732	-3.356	-0.483
2414.069	74.759	-3.309	-0.483
2414.169	75.925	-3.300	-0.511
2414.369	77.839	-3.266	-0.480
2414.569	79.856	-3.254	-0.503
2414.669	80.999	-3.242	-0.513
2414.869	82.894	-3.222	-0.459
2414.969	84.000	-3.218	-0.452
2415.169	86.018	-3.187	-0.434
2415.369	88.032	-3.160	-0.446
2415.569	90.136	-3.127	-0.452
2415.769	92.176	-3.091	-0.438
2415.969	94.174	-3.095	-0.460
2416.169	96.183	-3.048	-0.420
2416.369	98.186	-3.059	-0.429
2416.569	100.309	-3.028	-0.404
2416.769	102.357	-3.033	-0.417
2416.969	104.325	-3.010	-0.426
2417.169	106.450	-3.008	-0.439
2417.369	108.366	-2.986	-0.452
2417.569	110.490	-2.970	-0.455
2417.769	112.469	-2.931	-0.433
2417.969	114.561	-2.946	-0.442
2418.169	116.533	-2.899	-0.428
2418.369	118.674	-2.906	-0.428
2418.569	120.681	-2.892	-0.411
2418.769	122.616	-2.912	-0.434
2418.969	124.684	-2.880	-0.435
2419.169	126.666	-2.884	-0.439
2419.269	127.834	-2.853	-0.463
2419.469	129.739	-2.824	-0.430
2419.669	131.717	-2.840	-0.462
2419.769	132.841	-2.755	-0.408
2419.969	134.906	-2.784	-0.428
2420.169	136.837	-2.793	-0.425
2420.369	138.897	-2.778	-0.396
2420.569	141.012	-2.791	-0.413
2420.769	143.014	-2.761	-0.409
2420.969	145.007	-2.772	-0.454
2421.169	147.107	-2.732	-0.449
2421.369	149.210	-2.715	-0.463
2421.569	151.203	-2.667	-0.425
2421.769	153.178	-2.664	-0.440
2421.969	155.153	-2.643	-0.428
2422.169	157.275	-2.653	-0.426
2422.369	159.328	-2.634	-0.401
2422.569	161.254	-2.644	-0.434
2422.769	163.386	-2.613	-0.433
2422.969	165.407	-2.596	-0.458
2423.169	167.438	-2.550	-0.443
2423.369	169.420	-2.540	-0.455
2423.569	171.426	-2.510	-0.441
2423.769	173.443	-2.507	-0.421
2423.869	174.539	-2.458	-0.384
2424.069	176.477	-2.474	-0.425
2424.169	177.571	-2.495	-0.438
2424.369	179.728	-2.466	-0.424
2424.569	181.706	-2.462	-0.448
2424.769	183.646	-2.441	-0.446
2424.969	185.710	-2.424	-0.467
2425.169	187.698	-2.386	-0.450
2425.269	188.839	-2.359	-0.463
2425.469	190.744	-2.346	-0.442
2425.669	192.747	-2.315	-0.414
2425.769	193.917	-2.348	-0.431
2425.969	195.844	-2.306	-0.410
2426.169	197.864	-2.329	-0.433
2426.369	199.915	-2.284	-0.421
2426.569	201.993	-2.303	-0.454
2426.769	203.996	-2.261	-0.469
2426.969	206.030	-2.237	-0.467
2427.169	208.064	-2.193	-0.446
2427.369	210.062	-2.182	-0.436
2427.569	212.286	-2.167	-0.418
2427.769	214.261	-2.178	-0.422
2427.969	216.226	-2.159	-0.423
2428.169	218.271	-2.160	-0.443
2428.369	220.233	-2.126	-0.448
2428.569	222.256	-2.100	-0.454
2428.769	224.304	-2.073	-0.465
2428.970	226.430	-2.053	-0.457
2429.169	228.496	-2.030	-0.451
2429.369	230.481	-2.009	-0.416
2429.569	232.441	-2.029	-0.450
2429.769	234.538	-2.002	-0.423
2429.969	236.540	-2.010	-0.456
2430.169	238.671	-1.962	-0.420
2430.369	240.653	-1.968	-0.476
2430.569	242.675	-1.935	-0.458
2430.769	244.733	-1.902	-0.470
2430.969	246.767	-1.876	-0.428
2431.169	248.763	-1.855	-0.436
2431.369	250.802	-1.875	-0.434
2431.569	252.837	-1.861	-0.434
2431.769	254.851	-1.860	-0.442
2431.969	256.874	-1.842	-0.467
2432.169	258.944	-1.826	-0.468
2432.369	261.094	-1.793	-0.463
2432.569	262.981	-1.763	-0.461
2432.769	264.978	-1.740	-0.462
2432.869	266.149	-1.730	-0.454
2433.069	268.038	-1.715	-0.420
2433.169	269.150	-1.741	-0.457
2433.369	271.184	-1.725	-0.440
2433.569	273.223	-1.724	-0.436
2433.769	275.245	-1.719	-0.481
2433.969	277.287	-1.669	-0.459
2434.169	279.385	-1.675	-0.479
2434.369	281.388	-1.639	-0.473
2434.569	283.320	-1.626	-0.465
2434.769	285.409	-1.589	-0.424
2434.969	287.401	-1.607	-0.454
2435.169	289.458	-1.604	-0.437
2435.369	291.488	-1.599	-0.468
2435.569	293.494	-1.584	-0.456
2435.769	295.527	-1.569	-0.504
2435.969	297.634	-1.549	-0.468
2436.169	299.736	-1.536	-0.502
2436.369	301.663	-1.524	-0.465
2436.569	303.659	-1.489	-0.454
2436.769	305.693	-1.500	-0.427
2436.969	307.725	-1.493	-0.450
2437.169	309.861	-1.509	-0.452
2437.369	311.939	-1.477	-0.462
2437.569	313.917	-1.482	-0.491
2437.769	315.890	-1.437	-0.489
2437.969	317.997	-1.436	-0.479
2438.169	320.054	-1.407	-0.465
2438.369	322.044	-1.413	-0.447
2438.569	323.991	-1.381	-0.454
2438.769	326.151	-1.395	-0.446
2438.969	328.198	-1.392	-0.455
2439.169	330.107	-1.401	-0.481
2439.369	332.242	-1.372	-0.487
2439.569	334.253	-1.336	-0.483
2439.769	336.281	-1.304	-0.465
2439.969	338.263	-1.284	-0.473
2440.169	340.351	-1.277	-0.457
2440.369	342.317	-1.278	-0.458
2440.569	344.467	-1.269	-0.451
2440.769	346.471	-1.292	-0.476
2440.970	348.464	-1.263	-0.469
2441.171	350.481	-1.253	-0.499
2441.371	352.486	-1.215	-0.479
2441.569	354.616	-1.204	-0.497
2441.769	356.716	-1.179	-0.475
2441.969	358.732	-1.157	-0.464
2442.169	360.650	-1.175	-0.455
2442.369	362.719	-1.145	-0.449
2442.569	364.731	-1.164	-0.466
2442.769	366.741	-1.128	-0.478
2442.969	368.849	-1.147	-0.473
2443.169	370.843	-1.108	-0.499
2443.369	372.805	-1.108	-0.480
2443.569	374.921	-1.061	-0.477
2443.769	376.896	-1.074	-0.463
2443.869	378.038	-1.059	-0.447
2444.070	380.060	-1.059	-0.448
2444.269	382.047	-1.046	-0.456
2444.469	384.092	-1.071	-0.485
2444.669	386.078	-1.028	-0.477
2444.769	387.223	-1.029	-0.515
2444.969	389.206	-1.003	-0.498
2445.169	390.706	-0.919	-0.490
2445.369	391.431	-0.904	-0.476
2445.569	391.506	-0.886	-0.461
2706.569	0.000	-4.894	0.106
2706.769	0.095	-4.908	0.084
2706.969	0.865	-4.909	0.078
2707.169	2.505	-4.880	0.074
2707.369	4.477	-4.887	0.079
2707.569	6.632	-4.870	0.082
2707.769	8.502	-4.861	0.107
2707.869	9.610	-4.885	0.094
2708.069	11.640	-4.853	0.115
2708.269	13.601	-4.871	0.109
2708.469	15.782	-4.878	0.086
2708.669	17.649	-4.903	0.079
2708.769	18.775	-4.856	0.101
2708.969	20.766	-4.887	0.068
2709.169	22.754	-4.874	0.075
2709.269	23.861	-4.872	0.076
2709.469	25.919	-4.880	0.077
2709.669	27.886	-4.852	0.117
2709.869	30.011	-4.879	0.098
2710.069	31.914	-4.878	0.109
2710.269	33.965	-4.905	0.057
2710.471	36.144	-4.328	-0.112
2710.670	38.139	-4.015	-0.253
2710.869	40.110	-4.000	-0.296
2711.070	42.185	-3.963	-0.296
2711.271	44.170	-3.940	-0.300
2711.471	46.336	-3.852	-0.313
2711.669	48.218	-3.793	-0.303
2711.869	50.323	-3.729	-0.315
2712.069	52.348	-3.691	-0.325
2712.269	54.332	-3.655	-0.365
2712.469	56.488	-3.616	-0.365
2712.669	58.457	-3.602	-0.408
2712.869	60.422	-3.532	-0.403
2713.069	62.419	-3.493	-0.419
2713.269	64.585	-3.464	-0.416
2713.469	66.531	-3.436	-0.436
2713.669	68.595	-3.394	-0.419
2713.869	70.598	-3.388	-0.440
2714.070	72.754	-3.367	-0.435
2714.270	74.670	-3.321	-0.465
2714.469	76.649	-3.278	-0.428
2714.670	78.693	-3.264	-0.483
2714.870	80.750	-3.213	-0.464
2715.069	82.765	-3.193	-0.455
2715.269	84.807	-3.152	-0.404
2715.469	86.817	-3.141	-0.420
2715.569	87.950	-3.132	-0.424
2715.769	90.055	-3.100	-0.388
2715.969	92.025	-3.094	-0.409
2716.169	94.005	-3.090	-0.413
2716.369	96.036	-3.072	-0.427
2716.569	98.125	-3.045	-0.427
2716.769	100.212	-3.037	-0.441
2716.969	102.174	-2.994	-0.434
2717.169	104.122	-2.988	-0.459
2717.369	106.202	-2.934	-0.404
2717.569	108.308	-2.949	-0.426
2717.769	110.352	-2.952	-0.405
2717.969	112.272	-2.964	-0.434
2718.169	114.403	-2.942	-0.415
2718.369	116.392	-2.941	-0.430
2718.569	118.368	-2.904	-0.432
2718.769	120.384	-2.889	-0.439
2718.969	122.466	-2.857	-0.444
2719.169	124.490	-2.842	-0.422
2719.369	126.494	-2.837	-0.424
2719.569	128.540	-2.835	-0.400
2719.769	130.561	-2.846	-0.425
2719.969	132.722	-2.828	-0.416
2720.169	134.829	-2.819	-0.446
2720.369	136.686	-2.808	-0.433
2720.469	137.816	-2.799	-0.443
2720.669	139.843	-2.760	-0.430
2720.869	141.829	-2.759	-0.450
2721.069	143.864	-2.704	-0.405
2721.269	145.908	-2.717	-0.428
2721.469	147.898	-2.699	-0.386
2721.669	149.902	-2.719	-0.429
2721.869	151.966	-2.691	-0.420
2722.069	153.973	-2.697	-0.446
2722.169	155.163	-2.679	-0.452
2722.369	157.165	-2.646	-0.439
2722.569	159.150	-2.645	-0.465
2722.769	161.289	-2.584	-0.415
2722.969	163.137	-2.586	-0.431
2723.169	165.291	-2.560	-0.402
2723.369	167.187	-2.575	-0.426
2723.569	169.381	-2.561	-0.411
2723.769	171.346	-2.569	-0.442
2723.969	173.452	-2.537	-0.450
2724.169	175.434	-2.515	-0.465
2724.369	177.416	-2.474	-0.439
2724.569	179.441	-2.459	-0.440
2724.769	181.423	-2.413	-0.408
2724.969	183.643	-2.436	-0.428
2725.169	185.636	-2.398	-0.405
2725.369	187.592	-2.426	-0.437
2725.569	189.692	-2.391	-0.435
2725.769	191.703	-2.389	-0.458
2725.970	193.681	-2.335	-0.453
2726.169	195.810	-2.316	-0.454
2726.369	197.698	-2.307	-0.462
2726.469	198.874	-2.275	-0.431
2726.669	200.802	-2.282	-0.438
2726.869	202.838	-2.241	-0.414
2727.069	205.008	-2.274	-0.442
2727.269	206.905	-2.220	-0.418
2727.469	208.911	-2.246	-0.464
2727.669	211.119	-2.190	-0.450
2727.869	213.000	-2.205	-0.484
2728.069	215.126	-2.142	-0.441
2728.269	217.077	-2.160	-0.473
2728.369	218.163	-2.108	-0.432
2728.572	220.296	-2.101	-0.436
2728.769	222.172	-2.107	-0.439
2728.971	224.170	-2.084	-0.420
2729.069	225.306	-2.120	-0.445
2729.271	227.322	-2.090	-0.450
2729.469	229.308	-2.060	-0.469
2729.669	231.306	-2.041	-0.473
2729.869	233.375	-1.996	-0.462
2730.069	235.378	-1.977	-0.452
2730.269	237.364	-1.963	-0.471
2730.369	238.465	-1.974	-0.452
2730.569	240.454	-1.931	-0.414
2730.769	242.598	-1.962	-0.446
2730.969	244.595	-1.933	-0.441
2731.169	246.533	-1.939	-0.476
2731.369	248.625	-1.888	-0.444
2731.569	250.625	-1.882	-0.494
2731.669	251.782	-1.844	-0.465
2731.869	253.646	-1.832	-0.457
2731.969	254.781	-1.812	-0.451
2732.169	256.743	-1.802	-0.433
2732.269	257.826	-1.799	-0.420
2732.469	259.784	-1.832	-0.456
2732.669	261.837	-1.780	-0.431
2732.869	263.927	-1.801	-0.467
2733.069	265.942	-1.754	-0.462
2733.269	267.943	-1.766	-0.485
2733.469	270.068	-1.720	-0.471
2733.669	272.148	-1.709	-0.465
2733.869	274.018	-1.676	-0.448
2734.069	276.127	-1.682	-0.449
2734.269	278.164	-1.665	-0.459
2734.469	280.172	-1.668	-0.451
2734.669	282.148	-1.650	-0.435
2734.869	284.226	-1.659	-0.480
2735.069	286.238	-1.619	-0.471
2735.170	287.387	-1.605	-0.498
2735.369	289.283	-1.593	-0.476
2735.570	291.415	-1.563	-0.466
2735.769	293.419	-1.565	-0.451
2735.970	295.355	-1.536	-0.439
2736.169	297.519	-1.551	-0.433
2736.371	299.488	-1.556	-0.463
2736.570	301.466	-1.551	-0.471
2736.769	303.664	-1.536	-0.475
2736.970	305.643	-1.521	-0.464
2737.171	307.578	-1.492	-0.485
2737.369	309.623	-1.470	-0.472
2737.569	311.763	-1.456	-0.458
2737.769	313.768	-1.453	-0.445
2737.969	315.819	-1.461	-0.446
2738.169	317.795	-1.453	-0.459
2738.369	319.921	-1.449	-0.460
2738.569	321.953	-1.442	-0.474
2738.769	323.942	-1.427	-0.502
2738.969	326.028	-1.387	-0.483
2739.169	328.030	-1.368	-0.468
2739.369	329.994	-1.345	-0.450
2739.569	332.099	-1.365	-0.455
2739.769	334.063	-1.337	-0.436
2739.870	335.194	-1.385	-0.483
2740.069	337.077	-1.329	-0.442
2740.169	338.180	-1.330	-0.472
2740.369	340.196	-1.337	-0.477
2740.569	342.181	-1.281	-0.485
2740.669	343.326	-1.298	-0.481
2740.869	345.328	-1.259	-0.479
2741.069	347.291	-1.244	-0.465
2741.269	349.308	-1.227	-0.456
2741.469	351.321	-1.221	-0.450
2741.669	353.444	-1.220	-0.435
2741.869	355.510	-1.227	-0.466
2742.069	357.509	-1.210	-0.471
2742.269	359.560	-1.182	-0.478
2742.469	361.497	-1.170	-0.492
2742.669	363.630	-1.133	-0.475
2742.869	365.637	-1.127	-0.478
2743.069	367.670	-1.101	-0.453
2743.269	369.665	-1.107	-0.444
2743.469	371.712	-1.124	-0.458
2743.669	373.732	-1.133	-0.461
2743.869	375.839	-1.099	-0.469
2744.069	377.789	-1.115	-0.476
2744.269	379.887	-1.075	-0.492
2744.469	381.881	-1.049	-0.482
2744.669	383.899	-1.022	-0.465
2744.869	385.890	-1.019	-0.456
2745.069	388.103	-1.002	-0.453
2745.269	389.973	-0.981	-0.455
2745.469	391.113	-0.959	-0.468
2745.669	391.506	-0.935	-0.482
