TimeSec	Probe1mm	ConductivityP1V	TemperatureP1V
3450.553	0.001	-4.804	0.098
3450.653	0.087	-4.801	0.097
3450.753	0.387	-4.788	0.104
3450.853	0.884	-4.783	0.110
3450.953	1.580	-4.788	0.094
3451.053	2.471	-4.797	0.098
3451.153	3.495	-4.796	0.116
3451.253	4.514	-4.779	0.126
3451.353	5.525	-4.786	0.111
3451.453	6.544	-4.781	0.102
3451.553	7.565	-4.801	0.100
3451.653	8.577	-4.786	0.111
3451.753	9.597	-4.796	0.103
3451.853	10.612	-4.803	0.082
3451.953	11.627	-4.802	0.105
3452.053	12.647	-4.778	0.119
3452.153	13.666	-4.782	0.122
3452.253	14.683	-4.810	0.097
3452.353	15.696	-4.806	0.084
3452.453	16.717	-4.795	0.103
3452.553	17.734	-4.790	0.120
3452.653	18.753	-4.802	0.095
3452.753	19.765	-4.819	0.086
3452.853	20.786	-4.781	0.106
3452.953	21.804	-4.767	0.126
3453.053	22.820	-4.790	0.109
3453.153	23.837	-4.808	0.090
3453.253	24.857	-4.804	0.092
3453.353	25.870	-4.781	0.109
3453.453	26.888	-4.782	0.099
3453.553	27.908	-4.812	0.087
3453.653	28.927	-4.810	0.075
3453.753	29.941	-4.549	0.085
3453.853	30.958	-1.708	-0.069
3453.953	31.978	-1.715	-0.089
3454.053	32.999	-1.723	-0.111
3454.153	34.010	-1.690	-0.106
3454.253	35.028	-1.664	-0.122
3454.353	36.043	-1.652	-0.116
3454.453	37.061	-1.647	-0.117
3454.553	38.081	-1.636	-0.111
3454.653	39.098	-1.620	-0.129
3454.753	40.113	-1.622	-0.131
3454.853	41.129	-1.634	-0.141
3454.953	42.146	-1.620	-0.129
3455.053	43.166	-1.604	-0.138
3455.153	44.183	-1.600	-0.144
3455.253	45.198	-1.592	-0.140
3455.353	46.214	-1.579	-0.133
3455.453	47.231	-1.572	-0.132
3455.553	48.248	-1.563	-0.151
3455.653	49.265	-1.577	-0.160
3455.753	50.281	-1.556	-0.147
3455.853	51.301	-1.544	-0.136
3455.953	52.319	-1.534	-0.153
3456.053	53.337	-1.538	-0.160
3456.153	54.352	-1.537	-0.148
3456.253	55.371	-1.513	-0.148
3456.353	56.390	-1.514	-0.144
3456.453	57.403	-1.519	-0.167
3456.553	58.422	-1.519	-0.174
3456.653	59.440	-1.484	-0.163
3456.753	60.454	-1.468	-0.160
3456.853	61.475	-1.462	-0.174
3456.953	62.492	-1.478	-0.171
3457.053	63.506	-1.459	-0.177
3457.153	64.527	-1.443	-0.174
3457.253	65.545	-1.452	-0.175
3457.353	66.561	-1.458	-0.194
3457.453	67.578	-1.454	-0.177
3457.553	68.596	-1.433	-0.188
3457.653	69.611	-1.408	-0.181
3457.753	70.630	-1.434	-0.194
3457.853	71.648	-1.424	-0.176
3457.953	72.662	-1.422	-0.193
3458.053	73.683	-1.411	-0.202
3458.153	74.699	-1.417	-0.202
3458.253	75.714	-1.411	-0.197
3458.353	76.731	-1.391	-0.174
3458.453	77.749	-1.397	-0.151
3458.553	78.766	-1.389	-0.150
3458.653	79.784	-1.389	-0.139
3458.753	80.801	-1.377	-0.118
3458.853	81.817	-1.381	-0.149
3458.953	82.837	-1.391	-0.164
3459.053	83.853	-1.376	-0.137
3459.153	84.869	-1.370	-0.130
3459.253	85.889	-1.353	-0.130
3459.353	86.904	-1.365	-0.154
3459.453	87.922	-1.363	-0.158
3459.553	88.940	-1.336	-0.128
3459.653	89.955	-1.345	-0.135
3459.753	90.971	-1.347	-0.163
3459.853	91.991	-1.350	-0.164
3459.953	93.009	-1.323	-0.140
3460.053	94.025	-1.320	-0.131
3460.153	95.045	-1.311	-0.146
3460.253	96.062	-1.338	-0.166
3460.353	97.078	-1.315	-0.149
3460.453	98.098	-1.307	-0.147
3460.553	99.116	-1.309	-0.152
3460.653	100.130	-1.315	-0.167
3460.753	101.147	-1.310	-0.153
3460.853	102.165	-1.285	-0.137
3460.953	103.181	-1.274	-0.142
3461.053	104.200	-1.285	-0.162
3461.153	105.218	-1.276	-0.148
3461.253	106.232	-1.271	-0.149
3461.353	107.247	-1.261	-0.158
3461.453	108.270	-1.274	-0.171
3461.553	109.285	-1.260	-0.154
3461.653	110.305	-1.245	-0.143
3461.753	111.320	-1.237	-0.141
3461.853	112.334	-1.249	-0.173
3461.953	113.354	-1.244	-0.163
3462.053	114.371	-1.227	-0.148
3462.153	115.388	-1.225	-0.146
3462.253	116.407	-1.239	-0.167
3462.353	117.425	-1.233	-0.183
3462.454	118.443	-1.192	-0.149
3462.553	119.456	-1.190	-0.132
3462.653	120.475	-1.201	-0.163
3462.753	121.490	-1.221	-0.189
3462.853	122.508	-1.184	-0.169
3462.953	123.525	-1.165	-0.141
3463.053	124.540	-1.182	-0.157
3463.153	125.561	-1.193	-0.184
3463.253	126.578	-1.180	-0.180
3463.353	127.595	-1.150	-0.133
3463.453	128.612	-1.146	-0.147
3463.553	129.628	-1.164	-0.181
3463.653	130.643	-1.163	-0.179
3463.753	131.664	-1.137	-0.164
3463.853	132.683	-1.125	-0.143
3463.953	133.695	-1.152	-0.172
3464.053	134.717	-1.136	-0.178
3464.153	135.735	-1.130	-0.155
3464.253	136.751	-1.097	-0.157
3464.353	137.769	-1.125	-0.172
3464.453	138.787	-1.123	-0.183
3464.553	139.804	-1.103	-0.173
3464.653	140.824	-1.092	-0.153
3464.753	141.838	-1.097	-0.166
3464.853	142.853	-1.103	-0.177
3464.953	143.874	-1.087	-0.156
3465.053	144.891	-1.066	-0.146
3465.153	145.906	-1.076	-0.175
3465.253	146.926	-1.086	-0.175
3465.353	147.940	-1.077	-0.175
3465.453	148.958	-1.048	-0.156
3465.553	149.975	-1.059	-0.167
3465.653	150.991	-1.072	-0.184
3465.753	152.008	-1.053	-0.167
3465.853	153.028	-1.028	-0.144
3465.953	154.045	-1.033	-0.151
3466.053	155.058	-1.057	-0.184
3466.153	156.079	-1.050	-0.186
3466.253	157.097	-1.013	-0.154
3466.353	158.112	-1.010	-0.146
3466.453	159.128	-1.031	-0.176
3466.553	160.147	-1.036	-0.179
3466.653	161.163	-0.995	-0.158
3466.753	162.180	-0.978	-0.143
3466.853	163.200	-1.000	-0.157
3466.953	164.213	-1.021	-0.178
3467.053	165.234	-0.995	-0.168
3467.153	166.250	-0.965	-0.138
3467.253	167.268	-0.974	-0.145
3467.353	168.285	-0.988	-0.154
3467.453	169.300	-0.989	-0.168
3467.553	170.322	-0.951	-0.148
3467.653	171.337	-0.953	-0.143
3467.753	172.355	-0.971	-0.149
3467.853	173.371	-0.981	-0.170
3467.953	174.392	-0.940	-0.151
3468.053	175.409	-0.926	-0.136
3468.153	176.421	-0.936	-0.138
3468.253	177.440	-0.941	-0.147
3468.353	178.458	-0.930	-0.145
3468.453	179.473	-0.902	-0.142
3468.553	180.493	-0.919	-0.148
3468.653	181.510	-0.932	-0.148
3468.753	182.524	-0.899	-0.138
3468.853	183.543	-0.898	-0.135
3468.953	184.560	-0.891	-0.136
3469.053	185.578	-0.913	-0.143
3469.153	186.598	-0.882	-0.138
3469.253	187.613	-0.878	-0.132
3469.353	188.630	-0.882	-0.145
3469.453	189.647	-0.893	-0.159
3469.553	190.661	-0.870	-0.139
3469.653	191.680	-0.844	-0.128
3469.753	192.697	-0.851	-0.132
3469.853	193.713	-0.857	-0.147
3469.953	194.731	-0.860	-0.143
3470.053	195.752	-0.827	-0.126
3470.153	196.769	-0.824	-0.130
3470.253	197.780	-0.857	-0.148
3470.353	198.802	-0.850	-0.156
3470.453	199.819	-0.812	-0.134
3470.553	200.834	-0.795	-0.116
3470.653	201.852	-0.813	-0.136
3470.753	202.869	-0.834	-0.153
3470.853	203.884	-0.808	-0.148
3470.953	204.905	-0.790	-0.134
3471.053	205.922	-0.793	-0.133
3471.153	206.937	-0.827	-0.151
3471.253	207.956	-0.800	-0.143
3471.353	208.976	-0.772	-0.141
3471.453	209.992	-0.760	-0.121
3471.553	211.009	-0.796	-0.143
3471.653	212.027	-0.786	-0.151
3471.753	213.041	-0.776	-0.150
3471.853	214.064	-0.755	-0.138
3471.953	215.078	-0.773	-0.139
3472.053	216.096	-0.776	-0.153
3472.153	217.116	-0.747	-0.143
3472.253	218.128	-0.734	-0.143
3472.353	219.146	-0.751	-0.140
3472.453	220.165	-0.746	-0.149
3472.553	221.180	-0.731	-0.152
3472.653	222.194	-0.712	-0.146
3472.753	223.211	-0.724	-0.163
3472.853	224.224	-0.729	-0.149
3472.953	225.242	-0.715	-0.155
3473.053	226.259	-0.677	-0.138
3473.153	227.277	-0.700	-0.151
3473.253	228.293	-0.707	-0.161
3473.353	229.312	-0.696	-0.157
3473.453	230.328	-0.679	-0.152
3473.553	231.343	-0.679	-0.169
3473.653	232.361	-0.694	-0.173
3473.753	233.378	-0.664	-0.154
3473.853	234.400	-0.640	-0.152
3473.953	235.420	-0.640	-0.148
3474.053	236.437	-0.663	-0.177
3474.153	237.451	-0.660	-0.172
3474.253	238.470	-0.628	-0.163
3474.353	239.489	-0.615	-0.158
3474.453	240.504	-0.643	-0.175
3474.553	241.526	-0.642	-0.187
3474.653	242.542	-0.609	-0.161
3474.753	243.557	-0.585	-0.151
3474.853	244.578	-0.604	-0.164
3474.953	245.594	-0.623	-0.173
3475.053	246.609	-0.615	-0.191
3475.153	247.630	-0.569	-0.166
3475.253	248.645	-0.582	-0.176
3475.353	249.663	-0.590	-0.174
3475.453	250.679	-0.574	-0.182
3475.553	251.697	-0.555	-0.175
3475.653	252.713	-0.533	-0.176
3475.753	253.732	-0.564	-0.180
3475.853	254.751	-0.573	-0.184
3475.953	255.765	-0.545	-0.184
3476.053	256.784	-0.533	-0.191
3476.153	257.800	-0.540	-0.180
3476.253	258.816	-0.539	-0.177
3476.353	259.834	-0.519	-0.177
3476.453	260.851	-0.510	-0.183
3476.553	261.865	-0.499	-0.187
3476.653	262.885	-0.521	-0.191
3476.753	263.901	-0.490	-0.189
3476.853	264.917	-0.482	-0.185
3476.953	265.937	-0.489	-0.192
3477.053	266.952	-0.483	-0.190
3477.153	267.970	-0.470	-0.180
3477.253	268.987	-0.452	-0.174
3477.353	270.005	-0.460	-0.195
3477.453	271.023	-0.483	-0.202
3477.553	272.040	-0.464	-0.199
3477.653	273.059	-0.431	-0.190
3477.753	274.072	-0.431	-0.187
3477.853	275.092	-0.455	-0.196
3477.953	276.110	-0.437	-0.179
3478.053	277.129	-0.411	-0.184
3478.153	278.146	-0.394	-0.184
3478.253	279.161	-0.425	-0.202
3478.353	280.179	-0.426	-0.205
3478.453	281.196	-0.404	-0.196
3478.553	282.215	-0.376	-0.192
3478.653	283.231	-0.382	-0.189
3478.753	284.251	-0.405	-0.192
3478.853	285.268	-0.380	-0.189
3478.953	286.283	-0.363	-0.198
3479.053	287.303	-0.361	-0.184
3479.153	288.319	-0.387	-0.199
3479.253	289.334	-0.375	-0.203
3479.353	290.353	-0.342	-0.203
3479.453	291.370	-0.334	-0.192
3479.553	292.387	-0.345	-0.182
3479.653	293.404	-0.341	-0.189
3479.753	294.420	-0.321	-0.193
3479.853	295.436	-0.304	-0.201
3479.953	296.457	-0.326	-0.193
3480.053	297.475	-0.332	-0.193
3480.153	298.490	-0.310	-0.206
3480.253	299.510	-0.283	-0.193
3480.353	300.525	-0.298	-0.202
3480.453	301.542	-0.297	-0.181
3480.553	302.560	-0.286	-0.187
3480.653	303.576	-0.274	-0.193
3480.753	304.592	-0.284	-0.217
3480.853	305.612	-0.290	-0.202
3480.953	306.630	-0.267	-0.191
3481.053	307.643	-0.250	-0.193
3481.153	308.665	-0.261	-0.190
3481.253	309.683	-0.275	-0.203
3481.353	310.697	-0.259	-0.188
3481.453	311.716	-0.242	-0.191
3481.553	312.734	-0.250	-0.201
3481.653	313.752	-0.278	-0.210
3481.753	314.770	-0.263	-0.206
3481.853	315.788	-0.232	-0.199
3481.953	316.801	-0.233	-0.189
3482.053	317.821	-0.250	-0.197
3482.153	318.839	-0.258	-0.202
3482.253	319.854	-0.240	-0.204
3482.353	320.871	-0.214	-0.193
3482.453	321.889	-0.245	-0.204
3482.553	322.906	-0.246	-0.197
3482.653	323.924	-0.239	-0.204
3482.753	324.941	-0.202	-0.187
3482.853	325.954	-0.218	-0.195
3482.953	326.975	-0.236	-0.184
3483.053	327.994	-0.234	-0.201
3483.153	329.010	-0.212	-0.205
3483.253	330.029	-0.210	-0.204
3483.353	331.047	-0.227	-0.198
3483.453	332.062	-0.223	-0.199
3483.553	333.081	-0.204	-0.199
3483.653	334.098	-0.190	-0.211
3483.753	335.112	-0.205	-0.195
3483.853	336.130	-0.206	-0.180
3483.953	337.147	-0.188	-0.188
3484.053	338.165	-0.198	-0.213
3484.153	339.183	-0.189	-0.211
3484.253	340.202	-0.195	-0.199
3484.353	341.216	-0.167	-0.177
3484.453	342.237	-0.168	-0.211
3484.553	343.254	-0.175	-0.210
3484.653	344.269	-0.185	-0.191
3484.753	345.286	-0.170	-0.196
3484.853	346.303	-0.150	-0.193
3484.953	347.315	-0.140	-0.218
3485.053	348.337	-0.121	-0.202
3485.153	349.355	-0.100	-0.189
3485.253	350.371	-0.073	-0.196
3485.353	351.387	-0.069	-0.204
3485.453	352.404	-0.082	-0.205
3485.553	353.424	-0.052	-0.195
3485.653	354.441	-0.030	-0.200
3485.753	355.458	-0.017	-0.199
3485.853	356.475	-0.038	-0.217
3485.953	357.495	-0.040	-0.211
3486.053	358.512	-0.009	-0.199
3486.153	359.528	0.007	-0.198
3486.253	360.547	-0.011	-0.193
3486.353	361.561	-0.034	-0.206
3486.453	362.578	-0.005	-0.212
3486.553	363.596	0.013	-0.219
3486.653	364.613	0.012	-0.196
3486.753	365.629	0.002	-0.204
3486.853	366.648	0.008	-0.199
3486.953	367.666	0.027	-0.209
3487.053	368.679	0.024	-0.203
3487.153	369.698	0.013	-0.196
3487.253	370.717	0.011	-0.208
3487.353	371.732	0.034	-0.214
3487.453	372.748	0.056	-0.218
3487.553	373.769	0.019	-0.203
3487.653	374.781	0.022	-0.201
3487.753	375.801	0.027	-0.204
3487.853	376.818	0.050	-0.202
3487.953	377.834	0.047	-0.209
3488.053	378.855	0.043	-0.200
3488.153	379.872	0.069	-0.210
3488.253	380.888	0.094	-0.210
3488.353	381.903	0.068	-0.219
3488.453	382.921	0.066	-0.197
3488.553	383.939	0.081	-0.196
3488.653	384.959	0.092	-0.203
3488.753	385.975	0.075	-0.218
3488.853	386.993	0.053	-0.207
3488.953	388.009	0.072	-0.203
3489.053	389.028	0.090	-0.206
3489.153	389.925	0.078	-0.217
3489.253	390.623	0.058	-0.215
3489.353	391.117	0.091	-0.186
3489.453	391.412	0.042	-0.213
3489.553	391.507	0.046	-0.202
3878.453	0.001	-4.773	0.309
3878.653	0.280	-4.761	0.315
3878.753	0.718	-4.751	0.329
3878.853	1.357	-4.761	0.313
3878.953	2.191	-4.762	0.305
3879.054	3.201	-4.757	0.299
3879.154	4.220	-4.770	0.308
3879.253	5.233	-4.764	0.329
3879.354	6.254	-4.770	0.316
3879.453	7.271	-4.763	0.286
3879.554	8.290	-4.760	0.314
3879.653	9.303	-4.748	0.332
3879.753	10.319	-4.761	0.329
3879.854	11.339	-4.780	0.278
3879.953	12.352	-4.765	0.295
3880.053	13.373	-4.757	0.325
3880.153	14.387	-4.743	0.341
3880.254	15.407	-4.772	0.302
3880.353	16.422	-4.775	0.284
3880.453	17.442	-4.753	0.320
3880.553	18.457	-4.743	0.337
3880.653	19.474	-4.770	0.307
3880.754	20.494	-4.780	0.290
3880.854	21.510	-4.779	0.300
3880.953	22.529	-4.735	0.336
3881.053	23.546	-4.747	0.323
3881.154	24.563	-4.783	0.308
3881.253	25.579	-4.765	0.304
3881.353	26.595	-4.761	0.308
3881.453	27.613	-4.754	0.307
3881.553	28.631	-4.771	0.289
3881.654	29.652	-4.766	0.300
3881.754	30.668	-4.751	0.304
3881.853	31.685	-4.741	0.294
3881.954	32.702	-4.773	0.261
3882.053	33.719	-4.675	0.266
3882.153	34.737	-1.697	-0.025
3882.254	35.755	-1.654	-0.051
3882.354	36.770	-1.489	-0.032
3882.453	37.787	-1.566	0.013
3882.554	38.806	-1.634	0.017
3882.653	39.821	-1.662	-0.042
3882.753	40.839	-1.688	-0.097
3882.854	41.856	-1.688	-0.107
3882.954	42.874	-1.665	-0.104
3883.053	43.889	-1.649	-0.110
3883.154	44.908	-1.670	-0.141
3883.254	45.925	-1.653	-0.123
3883.353	46.939	-1.626	-0.133
3883.453	47.955	-1.592	-0.090
3883.554	48.976	-1.609	-0.144
3883.653	49.989	-1.621	-0.139
3883.754	51.009	-1.601	-0.130
3883.854	52.027	-1.566	-0.132
3883.953	53.046	-1.561	-0.135
3884.054	54.061	-1.588	-0.155
3884.154	55.080	-1.555	-0.131
3884.253	56.096	-1.538	-0.148
3884.354	57.115	-1.517	-0.139
3884.454	58.132	-1.548	-0.165
3884.553	59.146	-1.537	-0.145
3884.654	60.169	-1.514	-0.156
3884.754	61.183	-1.498	-0.170
3884.853	62.198	-1.496	-0.160
3884.954	63.218	-1.492	-0.165
3885.054	64.235	-1.479	-0.154
3885.153	65.251	-1.475	-0.198
3885.254	66.272	-1.474	-0.183
3885.354	67.290	-1.462	-0.164
3885.453	68.303	-1.462	-0.167
3885.553	69.318	-1.449	-0.191
3885.654	70.342	-1.457	-0.219
3885.753	71.357	-1.432	-0.180
3885.854	72.373	-1.417	-0.178
3885.954	73.392	-1.415	-0.203
3886.053	74.403	-1.439	-0.221
3886.154	75.427	-1.412	-0.206
3886.254	76.445	-1.380	-0.191
3886.353	77.456	-1.379	-0.187
3886.454	78.479	-1.386	-0.217
3886.553	79.492	-1.399	-0.200
3886.653	80.510	-1.362	-0.204
3886.754	81.530	-1.362	-0.151
3886.854	82.545	-1.391	-0.157
3886.953	83.562	-1.382	-0.167
3887.054	84.580	-1.362	-0.137
3887.154	85.597	-1.334	-0.142
3887.253	86.611	-1.354	-0.142
3887.354	87.631	-1.354	-0.150
3887.454	88.649	-1.340	-0.152
3887.553	89.664	-1.328	-0.153
3887.653	90.679	-1.333	-0.165
3887.754	91.703	-1.333	-0.161
3887.853	92.714	-1.302	-0.136
3887.954	93.736	-1.299	-0.144
3888.054	94.753	-1.306	-0.169
3888.154	95.770	-1.317	-0.159
3888.254	96.789	-1.289	-0.146
3888.353	97.803	-1.284	-0.144
3888.453	98.819	-1.309	-0.169
3888.554	99.841	-1.305	-0.179
3888.654	100.858	-1.269	-0.148
3888.753	101.873	-1.242	-0.146
3888.854	102.891	-1.257	-0.161
3888.954	103.912	-1.281	-0.169
3889.053	104.926	-1.251	-0.163
3889.154	105.942	-1.228	-0.155
3889.254	106.960	-1.238	-0.168
3889.353	107.976	-1.250	-0.167
3889.454	108.997	-1.244	-0.168
3889.554	110.015	-1.211	-0.154
3889.653	111.029	-1.199	-0.159
3889.753	112.043	-1.223	-0.160
3889.854	113.064	-1.232	-0.173
3889.953	114.080	-1.203	-0.169
3890.054	115.097	-1.196	-0.173
3890.154	116.203	-1.196	-0.165
3890.353	118.226	-1.193	-0.160
3890.554	120.286	-1.155	-0.152
3890.753	122.323	-1.190	-0.180
3890.953	124.338	-1.159	-0.194
3891.153	126.342	-1.124	-0.121
3891.353	128.357	-1.155	-0.196
3891.553	130.375	-1.145	-0.188
3891.753	132.407	-1.108	-0.160
3891.953	134.551	-1.106	-0.155
3892.153	136.507	-1.104	-0.180
3892.353	138.600	-1.095	-0.171
3892.553	140.617	-1.055	-0.151
3892.753	142.640	-1.076	-0.170
3892.953	144.647	-1.080	-0.182
3893.053	145.796	-1.038	-0.172
3893.253	147.736	-1.063	-0.163
3893.453	149.706	-1.041	-0.169
3893.654	151.868	-1.033	-0.161
3893.853	153.815	-1.030	-0.209
3894.053	155.835	-1.002	-0.139
3894.254	157.986	-1.025	-0.170
3894.453	159.977	-0.990	-0.172
3894.653	161.892	-1.002	-0.178
3894.853	164.079	-0.956	-0.150
3895.053	166.026	-0.966	-0.163
3895.253	168.112	-0.981	-0.196
3895.454	170.123	-0.941	-0.158
3895.654	172.101	-0.939	-0.152
3895.854	174.113	-0.936	-0.187
3896.053	176.142	-0.927	-0.148
3896.254	178.303	-0.907	-0.167
3896.453	180.249	-0.895	-0.161
3896.653	182.342	-0.891	-0.153
3896.853	184.316	-0.890	-0.141
3897.053	186.404	-0.856	-0.144
3897.254	188.443	-0.878	-0.159
3897.453	190.429	-0.835	-0.138
3897.653	192.418	-0.847	-0.145
3897.853	194.493	-0.819	-0.169
3898.053	196.593	-0.847	-0.153
3898.253	198.589	-0.794	-0.132
3898.453	200.600	-0.814	-0.152
3898.653	202.621	-0.793	-0.151
3898.853	204.655	-0.787	-0.142
3899.053	206.681	-0.781	-0.138
3899.253	208.813	-0.768	-0.173
3899.453	210.898	-0.749	-0.139
3899.654	212.880	-0.760	-0.152
3899.853	214.844	-0.730	-0.160
3900.053	216.892	-0.742	-0.178
3900.253	218.892	-0.703	-0.142
3900.453	221.085	-0.697	-0.161
3900.653	223.071	-0.681	-0.157
3900.853	225.021	-0.697	-0.192
3901.053	227.037	-0.668	-0.154
3901.253	229.043	-0.649	-0.163
3901.353	230.156	-0.707	-0.212
3901.554	232.179	-0.639	-0.160
3901.753	234.180	-0.639	-0.168
3901.953	236.169	-0.623	-0.169
3902.153	238.248	-0.621	-0.166
3902.353	240.228	-0.606	-0.168
3902.553	242.376	-0.620	-0.194
3902.753	244.365	-0.593	-0.162
3902.953	246.330	-0.569	-0.166
3903.153	248.429	-0.583	-0.173
3903.353	250.399	-0.554	-0.201
3903.453	251.540	-0.517	-0.131
3903.654	253.544	-0.537	-0.151
3903.853	255.531	-0.576	-0.227
3904.053	257.555	-0.478	-0.138
3904.253	259.605	-0.522	-0.200
3904.353	260.714	-0.505	-0.152
3904.553	262.634	-0.477	-0.186
3904.753	264.748	-0.499	-0.197
3904.953	266.733	-0.484	-0.180
3905.153	268.832	-0.444	-0.172
3905.354	270.767	-0.451	-0.174
3905.554	272.929	-0.474	-0.218
3905.754	274.828	-0.420	-0.168
3905.953	276.939	-0.429	-0.180
3906.153	279.027	-0.408	-0.189
3906.353	281.050	-0.421	-0.207
3906.553	283.057	-0.385	-0.177
3906.753	285.026	-0.381	-0.184
3906.953	287.106	-0.356	-0.183
3907.153	289.079	-0.416	-0.228
3907.253	290.216	-0.301	-0.158
3907.454	292.099	-0.344	-0.191
3907.554	293.218	-0.344	-0.168
3907.754	295.228	-0.325	-0.213
3907.953	297.234	-0.333	-0.180
3908.153	299.281	-0.291	-0.197
3908.354	301.280	-0.307	-0.169
3908.453	302.383	-0.297	-0.184
3908.654	304.367	-0.284	-0.206
3908.853	306.368	-0.293	-0.218
3909.053	308.434	-0.236	-0.184
3909.253	310.501	-0.248	-0.193
3909.453	312.578	-0.233	-0.211
3909.654	314.486	-0.230	-0.203
3909.853	316.647	-0.198	-0.180
3910.054	318.612	-0.219	-0.212
3910.253	320.600	-0.187	-0.188
3910.353	321.719	-0.182	-0.213
3910.554	323.755	-0.200	-0.183
3910.753	325.690	-0.174	-0.218
3910.953	327.836	-0.169	-0.186
3911.153	329.848	-0.144	-0.197
3911.353	331.885	-0.174	-0.206
3911.553	333.870	-0.143	-0.211
3911.753	335.903	-0.131	-0.176
3911.953	337.916	-0.148	-0.212
3912.153	339.950	-0.123	-0.205
3912.356	342.076	-0.113	-0.212
3912.553	344.041	-0.096	-0.189
3912.753	346.197	-0.105	-0.183
3912.953	348.142	-0.112	-0.209
3913.153	350.089	-0.091	-0.174
3913.354	352.249	-0.079	-0.212
3913.554	354.235	-0.085	-0.190
3913.753	356.281	-0.099	-0.231
3913.954	358.306	-0.050	-0.162
3914.153	360.397	-0.070	-0.234
3914.353	362.422	-0.071	-0.185
3914.553	364.427	-0.058	-0.226
3914.754	366.412	-0.034	-0.161
3914.954	368.520	-0.067	-0.241
3915.154	370.501	-0.039	-0.208
3915.354	372.462	-0.035	-0.202
3915.553	374.573	-0.023	-0.186
3915.754	376.559	-0.022	-0.232
3915.953	378.751	0.010	-0.181
3916.154	380.736	0.010	-0.201
3916.353	382.754	0.026	-0.197
3916.553	384.803	0.015	-0.229
3916.753	386.766	0.046	-0.219
3916.953	388.873	0.077	-0.183
3917.153	390.491	0.091	-0.211
3917.354	391.373	0.097	-0.207
3917.553	391.507	0.104	-0.210
4179.953	8.290	-4.784	0.276
4180.153	8.373	-4.776	0.295
4180.354	9.158	-4.785	0.256
4180.453	9.910	-4.759	0.269
4180.653	11.749	-4.788	0.304
4180.753	12.847	-4.789	0.279
4180.954	15.006	-4.781	0.271
4181.154	16.994	-4.797	0.280
4181.353	18.956	-4.776	0.314
4181.553	21.022	-4.759	0.285
4181.753	23.001	-4.778	0.273
4181.953	25.090	-4.805	0.270
4182.154	27.136	-4.741	0.299
4182.354	29.138	-4.795	0.265
4182.553	31.134	-4.775	0.291
4182.754	33.109	-4.770	0.260
4182.954	35.138	-3.060	0.100
4183.153	37.210	-1.740	-0.075
4183.353	39.229	-1.713	-0.077
4183.553	41.356	-1.744	-0.123
4183.753	43.453	-1.709	-0.101
4183.953	45.456	-1.684	-0.130
4184.154	47.408	-1.657	-0.160
4184.354	49.486	-1.605	-0.142
4184.553	51.591	-1.581	-0.187
4184.753	53.578	-1.525	-0.139
4184.954	55.578	-1.562	-0.203
4185.153	57.521	-1.519	-0.167
4185.354	59.740	-1.509	-0.195
4185.553	61.700	-1.466	-0.183
4185.754	63.653	-1.474	-0.198
4185.953	65.750	-1.444	-0.231
4186.153	67.761	-1.449	-0.215
4186.354	69.739	-1.424	-0.196
4186.554	71.865	-1.410	-0.229
4186.755	73.877	-1.412	-0.229
4186.955	75.940	-1.384	-0.232
4187.153	77.998	-1.382	-0.228
4187.355	80.011	-1.370	-0.249
4187.555	82.034	-1.352	-0.167
4187.755	84.072	-1.334	-0.163
4187.954	86.079	-1.352	-0.164
4188.153	88.097	-1.350	-0.141
4188.354	90.128	-1.324	-0.147
4188.554	92.233	-1.287	-0.145
4188.753	94.166	-1.330	-0.159
4188.853	95.265	-1.290	-0.132
4189.053	97.236	-1.271	-0.131
4189.253	99.242	-1.304	-0.185
4189.453	101.315	-1.276	-0.153
4189.653	103.399	-1.258	-0.140
4189.853	105.358	-1.251	-0.184
4190.054	107.468	-1.254	-0.140
4190.253	109.512	-1.226	-0.165
4190.454	111.513	-1.229	-0.175
4190.653	113.516	-1.234	-0.169
4190.753	114.629	-1.215	-0.137
4190.953	116.611	-1.203	-0.172
4191.154	118.746	-1.189	-0.182
4191.353	120.594	-1.186	-0.143
4191.553	122.738	-1.148	-0.155
4191.753	124.836	-1.152	-0.190
4191.953	126.840	-1.186	-0.192
4192.154	128.792	-1.131	-0.139
4192.354	130.870	-1.100	-0.179
4192.553	132.864	-1.136	-0.182
4192.754	134.838	-1.106	-0.175
4192.953	137.001	-1.110	-0.183
4193.154	138.951	-1.087	-0.187
4193.353	140.991	-1.100	-0.154
4193.554	143.112	-1.035	-0.172
4193.754	145.055	-1.062	-0.180
4193.954	147.084	-1.064	-0.186
4194.154	149.080	-1.033	-0.163
4194.353	151.101	-1.006	-0.176
4194.554	153.351	-1.035	-0.186
4194.754	155.343	-1.009	-0.154
4194.954	157.258	-1.018	-0.191
4195.155	159.272	-0.976	-0.173
4195.355	161.479	-0.985	-0.151
4195.556	163.362	-0.941	-0.173
4195.755	165.486	-0.957	-0.182
4195.954	167.494	-0.980	-0.180
4196.154	169.514	-0.911	-0.159
4196.354	171.481	-0.932	-0.180
4196.553	173.554	-0.927	-0.179
4196.754	175.639	-0.907	-0.143
4196.953	177.725	-0.876	-0.179
4197.154	179.688	-0.914	-0.183
4197.354	181.632	-0.890	-0.167
4197.554	183.702	-0.835	-0.165
4197.754	185.804	-0.864	-0.178
4197.954	187.806	-0.871	-0.179
4198.153	189.845	-0.816	-0.170
4198.354	191.852	-0.833	-0.176
4198.553	193.824	-0.810	-0.168
4198.654	194.936	-0.826	-0.187
4198.855	196.928	-0.785	-0.144
4199.055	199.063	-0.799	-0.199
4199.255	201.070	-0.812	-0.160
4199.455	203.016	-0.748	-0.149
4199.655	205.098	-0.807	-0.223
4199.853	207.068	-0.771	-0.160
4199.954	208.234	-0.770	-0.129
4200.154	210.134	-0.746	-0.180
4200.354	212.248	-0.739	-0.173
4200.553	214.187	-0.757	-0.177
4200.653	215.271	-0.713	-0.171
4200.854	217.398	-0.722	-0.157
4201.053	219.281	-0.708	-0.163
4201.253	221.385	-0.728	-0.166
4201.454	223.399	-0.679	-0.166
4201.654	225.427	-0.702	-0.180
4201.853	227.432	-0.697	-0.159
4202.054	229.471	-0.650	-0.145
4202.254	231.639	-0.653	-0.184
4202.453	233.580	-0.672	-0.181
4202.655	235.603	-0.637	-0.160
4202.854	237.688	-0.619	-0.165
4203.054	239.745	-0.620	-0.187
4203.253	241.641	-0.592	-0.142
4203.354	242.758	-0.633	-0.198
4203.554	244.793	-0.561	-0.174
4203.755	246.829	-0.614	-0.191
4203.954	248.821	-0.583	-0.171
4204.154	250.846	-0.532	-0.165
4204.354	252.858	-0.569	-0.207
4204.553	254.875	-0.546	-0.160
4204.753	256.944	-0.531	-0.163
4204.954	259.055	-0.512	-0.198
4205.154	261.078	-0.532	-0.176
4205.353	263.128	-0.502	-0.176
4205.553	265.123	-0.479	-0.180
4205.753	267.157	-0.480	-0.179
4205.954	269.164	-0.464	-0.180
4206.154	271.180	-0.437	-0.184
4206.354	273.226	-0.482	-0.209
4206.553	275.316	-0.429	-0.166
4206.753	277.313	-0.421	-0.178
4206.954	279.455	-0.392	-0.181
4207.153	281.463	-0.450	-0.219
4207.354	283.449	-0.367	-0.158
4207.553	285.555	-0.387	-0.200
4207.753	287.556	-0.375	-0.190
4207.954	289.541	-0.384	-0.177
4208.154	291.649	-0.341	-0.199
4208.354	293.567	-0.339	-0.200
4208.453	294.694	-0.363	-0.196
4208.653	296.596	-0.334	-0.186
4208.854	298.723	-0.323	-0.194
4209.053	300.792	-0.302	-0.198
4209.253	302.783	-0.318	-0.177
4209.454	304.756	-0.268	-0.188
4209.654	306.833	-0.294	-0.235
4209.854	308.825	-0.276	-0.183
4210.054	311.006	-0.272	-0.191
4210.253	312.929	-0.213	-0.185
4210.454	314.943	-0.272	-0.221
4210.653	317.078	-0.239	-0.187
4210.854	319.059	-0.211	-0.183
4211.053	321.073	-0.237	-0.223
4211.254	323.145	-0.206	-0.191
4211.454	325.174	-0.190	-0.182
4211.654	327.181	-0.181	-0.223
4211.853	329.217	-0.212	-0.204
4212.054	331.252	-0.179	-0.180
4212.254	333.241	-0.147	-0.194
4212.454	335.376	-0.141	-0.196
4212.654	337.403	-0.191	-0.204
4212.853	339.384	-0.138	-0.199
4213.054	341.389	-0.155	-0.228
4213.254	343.442	-0.132	-0.176
4213.454	345.519	-0.131	-0.194
4213.654	347.484	-0.094	-0.220
4213.854	349.616	-0.146	-0.221
4214.053	351.512	-0.090	-0.176
4214.254	353.594	-0.085	-0.199
4214.454	355.623	-0.097	-0.207
4214.654	357.719	-0.116	-0.210
4214.853	359.708	-0.064	-0.192
4215.054	361.845	-0.090	-0.223
4215.253	363.837	-0.099	-0.215
4215.454	365.834	-0.031	-0.147
4215.654	367.927	-0.067	-0.226
4215.854	369.914	-0.050	-0.220
4216.053	371.884	-0.094	-0.199
4216.254	373.975	-0.011	-0.185
4216.454	375.967	-0.026	-0.203
4216.654	378.091	-0.040	-0.220
4216.854	379.991	-0.027	-0.198
4216.953	381.101	0.028	-0.172
4217.154	383.175	0.015	-0.217
4217.353	385.131	0.022	-0.202
4217.554	387.278	0.060	-0.193
4217.754	389.156	0.067	-0.225
4217.954	390.717	0.086	-0.202
4218.154	391.437	0.095	-0.189
4218.354	391.507	0.112	-0.221
4479.954	8.290	-4.788	0.232
4480.154	8.344	-4.787	0.237
4480.353	9.050	-4.789	0.240
4480.554	10.462	-4.780	0.265
4480.754	12.459	-4.774	0.252
4480.954	14.483	-4.778	0.236
4481.154	16.654	-4.779	0.230
4481.354	18.612	-4.803	0.246
4481.554	20.687	-4.766	0.244
4481.754	22.654	-4.757	0.270
4481.953	24.785	-4.785	0.214
4482.154	26.764	-4.780	0.257
4482.354	28.789	-4.798	0.230
4482.554	30.757	-4.762	0.270
4482.754	32.796	-4.780	0.215
4482.854	33.933	-4.805	0.184
4483.054	35.907	-2.187	0.028
4483.254	38.035	-1.746	-0.079
4483.454	39.897	-1.710	-0.092
4483.654	41.985	-1.726	-0.091
4483.854	43.983	-1.722	-0.124
4484.054	46.029	-1.712	-0.114
4484.254	48.029	-1.695	-0.087
4484.453	50.148	-1.679	-0.126
4484.654	52.122	-1.647	-0.127
4484.754	53.279	-1.614	-0.173
4484.954	55.209	-1.576	-0.151
4485.154	57.184	-1.521	-0.142
4485.254	58.334	-1.528	-0.202
4485.454	60.231	-1.514	-0.197
4485.554	61.339	-1.465	-0.149
4485.754	63.327	-1.499	-0.207
4485.954	65.326	-1.433	-0.197
4486.154	67.453	-1.449	-0.217
4486.354	69.513	-1.414	-0.201
4486.553	71.497	-1.424	-0.239
4486.754	73.483	-1.385	-0.208
4486.954	75.607	-1.394	-0.232
4487.154	77.541	-1.366	-0.241
4487.354	79.568	-1.370	-0.231
4487.454	80.678	-1.367	-0.234
4487.654	82.661	-1.338	-0.174
4487.854	84.685	-1.344	-0.149
4488.054	86.814	-1.348	-0.161
4488.254	88.913	-1.333	-0.121
4488.454	90.775	-1.301	-0.152
4488.653	92.962	-1.304	-0.148
4488.854	94.882	-1.284	-0.155
4489.054	96.881	-1.321	-0.170
4489.254	99.047	-1.249	-0.105
4489.454	100.925	-1.262	-0.152
4489.554	102.039	-1.264	-0.195
4489.754	104.083	-1.243	-0.154
4489.954	106.127	-1.276	-0.151
4490.153	108.131	-1.202	-0.126
4490.354	110.147	-1.210	-0.156
4490.554	112.224	-1.200	-0.194
4490.754	114.335	-1.213	-0.165
4490.954	116.296	-1.196	-0.170
4491.154	118.284	-1.150	-0.131
4491.354	120.291	-1.149	-0.194
4491.554	122.321	-1.184	-0.186
4491.754	124.437	-1.164	-0.176
4491.954	126.537	-1.145	-0.144
4492.154	128.535	-1.104	-0.171
4492.354	130.510	-1.128	-0.196
4492.553	132.484	-1.121	-0.177
4492.754	134.631	-1.122	-0.171
4492.954	136.655	-1.093	-0.167
4493.154	138.560	-1.072	-0.176
4493.254	139.678	-1.082	-0.189
4493.454	141.715	-1.096	-0.194
4493.654	143.757	-1.083	-0.154
4493.854	145.762	-1.045	-0.176
4494.054	147.801	-1.018	-0.157
4494.254	149.829	-1.052	-0.220
4494.454	151.868	-1.057	-0.175
4494.653	153.868	-1.026	-0.167
4494.854	155.927	-0.996	-0.145
4495.054	158.077	-1.002	-0.195
4495.254	160.057	-0.991	-0.168
4495.454	162.014	-1.003	-0.183
4495.654	164.091	-0.952	-0.170
4495.854	166.091	-0.945	-0.181
4496.054	168.219	-0.973	-0.206
4496.254	170.124	-0.945	-0.156
4496.454	172.207	-0.932	-0.166
4496.654	174.202	-0.911	-0.174
4496.854	176.294	-0.904	-0.188
4497.053	178.309	-0.935	-0.190
4497.255	180.357	-0.890	-0.165
4497.454	182.379	-0.863	-0.140
4497.654	184.364	-0.851	-0.203
4497.854	186.389	-0.863	-0.195
4498.054	188.420	-0.893	-0.206
4498.254	190.566	-0.826	-0.124
4498.454	192.621	-0.815	-0.179
4498.653	194.611	-0.791	-0.151
4498.854	196.600	-0.824	-0.199
4499.054	198.584	-0.806	-0.165
4499.154	199.697	-0.793	-0.153
4499.354	201.765	-0.775	-0.173
4499.554	203.740	-0.777	-0.180
4499.754	205.703	-0.804	-0.206
4499.954	207.790	-0.776	-0.148
4500.154	209.793	-0.759	-0.179
4500.254	210.883	-0.706	-0.161
4500.454	212.818	-0.737	-0.188
4500.654	214.949	-0.741	-0.176
4500.854	217.099	-0.741	-0.175
4501.054	218.941	-0.709	-0.158
4501.254	221.083	-0.660	-0.172
4501.454	223.174	-0.711	-0.215
4501.654	225.166	-0.711	-0.179
4501.854	227.111	-0.685	-0.152
4502.054	229.210	-0.631	-0.153
4502.254	231.200	-0.633	-0.184
4502.454	233.320	-0.667	-0.204
4502.654	235.222	-0.658	-0.182
4502.854	237.301	-0.614	-0.141
4503.054	239.298	-0.619	-0.197
4503.254	241.411	-0.576	-0.171
4503.454	243.394	-0.634	-0.187
4503.654	245.417	-0.573	-0.150
4503.854	247.547	-0.577	-0.172
4504.054	249.648	-0.551	-0.196
4504.254	251.642	-0.569	-0.189
4504.454	253.624	-0.547	-0.160
4504.653	255.608	-0.549	-0.182
4504.854	257.633	-0.501	-0.161
4505.054	259.819	-0.513	-0.198
4505.254	261.724	-0.523	-0.175
4505.454	263.702	-0.515	-0.183
4505.554	264.855	-0.457	-0.171
4505.754	266.750	-0.461	-0.171
4505.954	268.884	-0.460	-0.215
4506.154	270.909	-0.466	-0.180
4506.354	272.953	-0.487	-0.195
4506.553	274.998	-0.406	-0.155
4506.754	276.993	-0.432	-0.187
4506.954	279.060	-0.404	-0.201
4507.154	281.003	-0.427	-0.196
4507.354	283.029	-0.394	-0.158
4507.553	285.131	-0.365	-0.187
4507.754	287.196	-0.368	-0.199
4507.954	289.181	-0.413	-0.232
4508.154	291.303	-0.368	-0.170
4508.354	293.228	-0.343	-0.169
4508.554	295.328	-0.297	-0.176
4508.754	297.328	-0.344	-0.216
4508.954	299.394	-0.325	-0.194
4509.154	301.417	-0.329	-0.185
4509.354	303.460	-0.279	-0.167
4509.554	305.503	-0.286	-0.206
4509.754	307.495	-0.295	-0.219
4509.954	309.531	-0.287	-0.176
4510.154	311.579	-0.272	-0.182
4510.354	313.578	-0.231	-0.177
4510.554	315.672	-0.254	-0.214
4510.754	317.643	-0.224	-0.199
4510.954	319.698	-0.243	-0.190
4511.154	321.712	-0.205	-0.175
4511.354	323.834	-0.208	-0.219
4511.554	325.913	-0.215	-0.217
4511.754	327.898	-0.226	-0.212
4511.954	329.872	-0.179	-0.167
4512.154	332.007	-0.171	-0.197
4512.354	334.012	-0.140	-0.205
4512.554	335.951	-0.207	-0.232
4512.754	337.999	-0.154	-0.197
4512.954	340.104	-0.167	-0.195
4513.154	342.162	-0.099	-0.194
4513.354	344.055	-0.140	-0.213
4513.554	346.187	-0.147	-0.223
4513.754	348.218	-0.121	-0.170
4513.954	350.256	-0.108	-0.194
4514.154	352.262	-0.074	-0.198
4514.354	354.287	-0.123	-0.223
4514.554	356.297	-0.103	-0.204
4514.754	358.311	-0.091	-0.185
4514.954	360.364	-0.057	-0.183
4515.154	362.369	-0.080	-0.215
4515.254	363.521	-0.073	-0.206
4515.454	365.419	-0.081	-0.198
4515.654	367.548	-0.060	-0.187
4515.854	369.573	-0.046	-0.210
4516.054	371.555	-0.031	-0.201
4516.253	373.564	-0.069	-0.219
4516.454	375.605	-0.041	-0.188
4516.654	377.711	-0.041	-0.212
4516.854	379.676	-0.016	-0.211
4517.054	381.794	0.014	-0.206
4517.254	383.793	-0.015	-0.207
4517.454	385.961	0.023	-0.199
4517.654	387.836	0.086	-0.182
4517.854	389.753	0.074	-0.236
4517.954	390.584	0.057	-0.215
4518.154	391.370	0.088	-0.205
4518.354	391.507	0.076	-0.202
4780.154	8.291	-4.783	0.276
4780.354	8.746	-4.777	0.245
4780.554	9.927	-4.797	0.235
4780.754	11.872	-4.793	0.244
4780.954	13.822	-4.803	0.258
4781.054	14.921	-4.803	0.264
4781.254	16.923	-4.765	0.281
4781.454	18.911	-4.790	0.252
4781.654	21.134	-4.774	0.255
4781.854	23.133	-4.787	0.240
4782.054	25.073	-4.795	0.249
4782.254	27.102	-4.799	0.241
4782.454	29.128	-4.760	0.257
4782.654	31.112	-4.769	0.249
4782.854	33.199	-4.773	0.226
4783.054	35.177	-3.392	0.099
4783.154	36.330	-1.745	-0.050
4783.354	38.358	-1.731	-0.096
4783.554	40.335	-1.722	-0.088
4783.754	42.361	-1.718	-0.126
4783.954	44.343	-1.717	-0.145
4784.154	46.525	-1.696	-0.133
4784.354	48.521	-1.696	-0.156
4784.554	50.429	-1.659	-0.134
4784.754	52.611	-1.604	-0.170
4784.954	54.581	-1.535	-0.156
4785.154	56.720	-1.542	-0.178
4785.354	58.585	-1.512	-0.204
4785.554	60.740	-1.513	-0.174
4785.754	62.755	-1.466	-0.193
4785.954	64.683	-1.464	-0.202
4786.154	66.703	-1.423	-0.163
4786.354	68.776	-1.444	-0.230
4786.554	70.831	-1.407	-0.206
4786.754	72.846	-1.405	-0.243
4786.954	74.890	-1.393	-0.235
4787.154	76.922	-1.355	-0.254
4787.354	78.918	-1.361	-0.239
4787.554	81.157	-1.350	-0.248
4787.754	83.145	-1.355	-0.144
4787.954	85.062	-1.347	-0.148
4788.154	87.187	-1.307	-0.141
4788.354	89.152	-1.305	-0.173
4788.554	91.245	-1.303	-0.155
4788.754	93.237	-1.316	-0.148
4788.954	95.206	-1.265	-0.124
4789.154	97.321	-1.265	-0.143
4789.354	99.258	-1.263	-0.182
4789.454	100.395	-1.228	-0.131
4789.654	102.309	-1.285	-0.168
4789.854	104.483	-1.245	-0.141
4790.054	106.483	-1.265	-0.153
4790.254	108.478	-1.210	-0.146
4790.454	110.504	-1.205	-0.133
4790.654	112.592	-1.188	-0.180
4790.854	114.620	-1.202	-0.158
4791.054	116.610	-1.214	-0.179
4791.254	118.681	-1.159	-0.131
4791.454	120.724	-1.165	-0.156
4791.654	122.727	-1.130	-0.179
4791.854	124.742	-1.148	-0.184
4792.054	126.815	-1.141	-0.177
4792.254	128.792	-1.155	-0.178
4792.454	130.887	-1.121	-0.169
4792.654	132.894	-1.102	-0.162
4792.854	135.011	-1.086	-0.180
4793.054	137.036	-1.106	-0.187
4793.254	138.978	-1.098	-0.175
4793.454	141.019	-1.089	-0.171
4793.654	143.067	-1.039	-0.139
4793.854	145.090	-1.063	-0.177
4794.054	147.095	-1.018	-0.170
4794.154	148.206	-1.037	-0.177
4794.354	150.197	-1.058	-0.211
4794.554	152.352	-1.018	-0.154
4794.754	154.213	-1.039	-0.168
4794.954	156.355	-0.975	-0.159
4795.154	158.265	-0.992	-0.179
4795.354	160.308	-0.965	-0.207
4795.554	162.427	-1.012	-0.194
4795.754	164.508	-0.990	-0.188
4795.954	166.512	-0.965	-0.150
4796.154	168.496	-0.924	-0.158
4796.354	170.500	-0.940	-0.168
4796.554	172.563	-0.910	-0.192
4796.754	174.572	-0.938	-0.188
4796.954	176.682	-0.914	-0.165
4797.154	178.663	-0.911	-0.165
4797.354	180.691	-0.857	-0.164
4797.554	182.687	-0.870	-0.184
4797.754	184.904	-0.850	-0.194
4797.954	186.958	-0.881	-0.200
4798.154	188.946	-0.851	-0.175
4798.354	190.926	-0.856	-0.183
4798.554	192.932	-0.801	-0.163
4798.754	194.947	-0.806	-0.186
4798.954	196.942	-0.814	-0.201
4799.154	199.045	-0.813	-0.168
4799.354	201.124	-0.811	-0.178
4799.554	203.115	-0.779	-0.161
4799.754	205.054	-0.780	-0.176
4799.954	207.103	-0.740	-0.173
4800.154	209.251	-0.747	-0.182
4800.354	211.288	-0.741	-0.194
4800.554	213.264	-0.760	-0.175
4800.754	215.410	-0.705	-0.154
4800.954	217.271	-0.719	-0.178
4801.054	218.382	-0.681	-0.168
4801.254	220.380	-0.711	-0.211
4801.454	222.396	-0.706	-0.201
4801.654	224.390	-0.706	-0.186
4801.854	226.608	-0.679	-0.164
4802.054	228.451	-0.660	-0.165
4802.254	230.643	-0.628	-0.157
4802.454	232.549	-0.636	-0.209
4802.654	234.581	-0.638	-0.190
4802.854	236.772	-0.654	-0.195
4803.054	238.656	-0.619	-0.167
4803.254	240.779	-0.571	-0.155
4803.454	242.809	-0.572	-0.198
4803.654	244.826	-0.560	-0.182
4803.854	246.817	-0.618	-0.216
4804.054	248.792	-0.564	-0.179
4804.153	250.006	-0.573	-0.159
4804.354	251.978	-0.546	-0.174
4804.554	253.972	-0.513	-0.152
4804.754	256.012	-0.528	-0.204
4804.954	258.082	-0.526	-0.194
4805.154	260.055	-0.554	-0.188
4805.354	262.198	-0.497	-0.164
4805.554	264.080	-0.486	-0.156
4805.754	266.084	-0.446	-0.196
4805.854	267.233	-0.491	-0.205
4806.054	269.139	-0.453	-0.192
4806.154	270.267	-0.488	-0.217
4806.354	272.259	-0.472	-0.192
4806.554	274.241	-0.447	-0.176
4806.754	276.370	-0.434	-0.168
4806.954	278.305	-0.388	-0.175
4807.154	280.492	-0.404	-0.220
4807.354	282.455	-0.411	-0.204
4807.554	284.552	-0.446	-0.213
4807.754	286.556	-0.378	-0.157
4807.954	288.525	-0.392	-0.187
4808.154	290.589	-0.308	-0.170
4808.354	292.605	-0.362	-0.219
4808.554	294.586	-0.357	-0.198
4808.754	296.763	-0.376	-0.208
4808.954	298.681	-0.341	-0.181
4809.154	300.746	-0.315	-0.176
4809.354	302.715	-0.284	-0.185
4809.454	303.877	-0.302	-0.239
4809.654	305.761	-0.316	-0.206
4809.754	306.885	-0.296	-0.208
4809.954	308.923	-0.308	-0.200
4810.154	310.981	-0.292	-0.171
4810.354	312.910	-0.257	-0.164
4810.554	315.125	-0.254	-0.191
4810.754	316.964	-0.231	-0.198
4810.954	319.018	-0.256	-0.214
4811.154	321.088	-0.236	-0.185
4811.354	323.145	-0.269	-0.199
4811.554	325.160	-0.173	-0.163
4811.754	327.206	-0.210	-0.190
4811.954	329.250	-0.167	-0.212
4812.154	331.255	-0.222	-0.216
4812.354	333.217	-0.208	-0.212
4812.454	334.304	-0.208	-0.171
4812.654	336.435	-0.180	-0.173
4812.854	338.335	-0.143	-0.196
4813.054	340.460	-0.160	-0.205
4813.254	342.485	-0.169	-0.239
4813.454	344.437	-0.153	-0.185
4813.654	346.562	-0.145	-0.190
4813.854	348.613	-0.120	-0.176
4814.054	350.637	-0.092	-0.197
4814.254	352.582	-0.101	-0.219
4814.454	354.622	-0.096	-0.209
4814.654	356.626	-0.146	-0.230
4814.754	357.814	-0.073	-0.165
4814.954	359.738	-0.082	-0.182
4815.154	361.738	-0.085	-0.202
4815.354	363.927	-0.035	-0.192
4815.554	365.817	-0.085	-0.231
4815.754	367.822	-0.056	-0.212
4815.854	368.990	-0.081	-0.202
4816.054	370.867	-0.087	-0.214
4816.154	371.982	-0.048	-0.193
4816.354	373.940	-0.048	-0.176
4816.454	375.040	-0.025	-0.194
4816.654	377.001	-0.024	-0.217
4816.854	379.080	-0.027	-0.221
4817.054	381.062	-0.043	-0.227
4817.154	382.214	-0.029	-0.173
4817.354	384.100	0.020	-0.184
4817.554	386.214	0.020	-0.192
4817.754	388.241	0.075	-0.212
4817.954	390.123	0.057	-0.228
4818.154	391.202	0.075	-0.222
4818.354	391.507	0.089	-0.196
5080.054	8.290	-4.803	0.230
5080.254	8.348	-4.793	0.264
5080.454	9.074	-4.810	0.252
5080.654	10.683	-4.753	0.288
5080.854	12.599	-4.793	0.268
5080.954	13.773	-4.742	0.296
5081.154	15.731	-4.766	0.253
5081.354	17.864	-4.798	0.236
5081.554	19.722	-4.792	0.226
5081.654	20.833	-4.789	0.268
5081.854	22.813	-4.791	0.267
5082.054	24.847	-4.797	0.252
5082.254	26.964	-4.764	0.270
5082.454	28.931	-4.785	0.246
5082.654	30.922	-4.768	0.265
5082.754	32.049	-4.797	0.224
5082.954	33.963	-4.824	0.192
5083.054	35.089	-2.638	0.122
5083.254	37.117	-1.745	-0.039
5083.454	39.121	-1.716	-0.046
5083.654	41.103	-1.715	-0.091
5083.854	43.121	-1.708	-0.087
5084.054	45.149	-1.684	-0.080
5084.154	46.260	-1.713	-0.127
5084.354	48.297	-1.699	-0.106
5084.554	50.284	-1.681	-0.136
5084.754	52.457	-1.621	-0.115
5084.954	54.361	-1.563	-0.123
5085.154	56.457	-1.517	-0.137
5085.354	58.454	-1.521	-0.170
5085.554	60.440	-1.486	-0.172
5085.654	61.587	-1.466	-0.175
5085.854	63.570	-1.463	-0.176
5086.054	65.520	-1.440	-0.201
5086.254	67.649	-1.435	-0.182
5086.454	69.706	-1.395	-0.181
5086.654	71.713	-1.408	-0.194
5086.854	73.641	-1.379	-0.230
5087.054	75.665	-1.373	-0.210
5087.154	76.847	-1.396	-0.250
5087.354	78.732	-1.369	-0.205
5087.554	80.856	-1.352	-0.197
5087.754	82.874	-1.330	-0.169
5087.955	84.910	-1.308	-0.137
5088.154	86.910	-1.350	-0.182
5088.355	88.910	-1.312	-0.144
5088.554	90.969	-1.320	-0.150
5088.754	93.111	-1.289	-0.126
5088.954	95.079	-1.272	-0.128
5089.154	97.061	-1.249	-0.142
5089.354	99.086	-1.271	-0.175
5089.554	101.131	-1.255	-0.163
5089.754	103.269	-1.265	-0.154
5089.954	105.378	-1.241	-0.127
5090.154	107.204	-1.231	-0.119
5090.354	109.347	-1.192	-0.129
5090.554	111.332	-1.180	-0.157
5090.754	113.368	-1.186	-0.164
5090.954	115.379	-1.175	-0.169
5091.154	117.500	-1.192	-0.165
5091.354	119.509	-1.183	-0.167
5091.554	121.505	-1.149	-0.138
5091.754	123.603	-1.124	-0.147
5091.954	125.604	-1.101	-0.157
5092.154	127.588	-1.122	-0.192
5092.354	129.612	-1.130	-0.201
5092.554	131.617	-1.093	-0.158
5092.754	133.650	-1.116	-0.169
5092.954	135.687	-1.093	-0.155
5093.054	136.831	-1.109	-0.170
5093.254	138.905	-1.059	-0.149
5093.454	140.887	-1.048	-0.183
5093.654	142.850	-1.063	-0.184
5093.854	144.932	-1.077	-0.199
5094.054	146.949	-1.070	-0.176
5094.254	148.930	-1.059	-0.173
5094.454	151.077	-1.029	-0.150
5094.654	153.099	-1.015	-0.164
5094.854	155.086	-0.988	-0.156
5095.054	157.147	-0.985	-0.199
5095.254	159.153	-1.009	-0.180
5095.454	161.179	-1.012	-0.199
5095.654	163.221	-0.993	-0.157
5095.854	165.238	-0.964	-0.153
5096.054	167.279	-0.942	-0.153
5096.254	169.309	-0.909	-0.160
5096.454	171.350	-0.929	-0.182
5096.654	173.367	-0.902	-0.182
5096.854	175.379	-0.942	-0.196
5096.954	176.527	-0.928	-0.169
5097.154	178.433	-0.899	-0.163
5097.354	180.447	-0.876	-0.158
5097.454	181.561	-0.873	-0.182
5097.654	183.622	-0.855	-0.177
5097.854	185.624	-0.854	-0.195
5098.054	187.606	-0.857	-0.204
5098.254	189.655	-0.865	-0.188
5098.454	191.748	-0.879	-0.192
5098.654	193.798	-0.825	-0.162
5098.854	195.769	-0.816	-0.173
5099.054	197.773	-0.761	-0.150
5099.254	199.887	-0.793	-0.207
5099.454	201.872	-0.792	-0.211
5099.654	204.032	-0.810	-0.199
5099.854	205.901	-0.800	-0.175
5100.054	208.027	-0.780	-0.156
5100.254	210.034	-0.740	-0.146
5100.454	212.031	-0.725	-0.184
5100.654	214.036	-0.698	-0.162
5100.856	216.066	-0.713	-0.197
5101.056	218.112	-0.732	-0.183
5101.255	220.123	-0.727	-0.175
5101.455	222.298	-0.702	-0.165
5101.656	224.235	-0.656	-0.149
5101.854	226.316	-0.645	-0.167
5102.054	228.286	-0.644	-0.192
5102.254	230.456	-0.662	-0.215
5102.454	232.366	-0.659	-0.205
5102.654	234.361	-0.643	-0.184
5102.854	236.418	-0.651	-0.191
5103.054	238.505	-0.610	-0.179
5103.254	240.521	-0.576	-0.154
5103.454	242.524	-0.577	-0.202
5103.654	244.523	-0.584	-0.202
5103.754	245.636	-0.631	-0.228
5103.954	247.712	-0.570	-0.189
5104.154	249.688	-0.600	-0.197
5104.355	251.845	-0.542	-0.149
5104.554	253.727	-0.542	-0.172
5104.754	255.810	-0.522	-0.177
5104.954	257.808	-0.509	-0.183
5105.154	259.903	-0.511	-0.198
5105.354	261.880	-0.532	-0.206
5105.554	263.883	-0.521	-0.183
5105.754	265.926	-0.468	-0.167
5105.954	268.046	-0.471	-0.171
5106.154	270.031	-0.440	-0.184
5106.354	271.997	-0.453	-0.197
5106.554	274.121	-0.427	-0.213
5106.754	276.121	-0.451	-0.198
5106.954	278.305	-0.436	-0.207
5107.154	280.130	-0.440	-0.177
5107.254	281.239	-0.386	-0.140
5107.454	283.334	-0.374	-0.178
5107.654	285.334	-0.379	-0.194
5107.854	287.271	-0.386	-0.230
5108.054	289.356	-0.382	-0.201
5108.254	291.331	-0.393	-0.212
5108.354	292.420	-0.376	-0.188
5108.554	294.500	-0.348	-0.161
5108.754	296.435	-0.355	-0.170
5108.957	298.513	-0.336	-0.181
5109.157	300.639	-0.305	-0.195
5109.356	302.640	-0.317	-0.202
5109.554	304.668	-0.328	-0.208
5109.757	306.611	-0.325	-0.185
5109.955	308.676	-0.321	-0.206
5110.155	310.722	-0.282	-0.157
5110.355	312.725	-0.264	-0.177
5110.554	314.729	-0.241	-0.189
5110.654	315.840	-0.281	-0.218
5110.854	317.823	-0.269	-0.203
5111.054	319.967	-0.257	-0.221
5111.254	321.979	-0.255	-0.179
5111.454	323.953	-0.240	-0.169
5111.654	326.050	-0.214	-0.171
5111.854	328.058	-0.203	-0.187
5112.054	330.019	-0.188	-0.207
5112.254	332.119	-0.201	-0.213
5112.454	334.105	-0.201	-0.211
5112.654	336.079	-0.199	-0.217
5112.854	338.266	-0.177	-0.197
5113.054	340.179	-0.174	-0.184
5113.254	342.260	-0.154	-0.208
5113.454	344.218	-0.129	-0.188
5113.554	345.385	-0.127	-0.209
5113.754	347.409	-0.145	-0.233
5113.954	349.396	-0.158	-0.211
5114.154	351.452	-0.157	-0.219
5114.354	353.370	-0.106	-0.153
5114.554	355.531	-0.113	-0.195
5114.754	357.446	-0.077	-0.167
5114.954	359.508	-0.092	-0.216
5115.154	361.523	-0.068	-0.207
5115.354	363.560	-0.124	-0.241
5115.554	365.602	-0.086	-0.192
5115.754	367.626	-0.080	-0.186
5115.954	369.668	-0.045	-0.168
5116.154	371.715	-0.035	-0.184
5116.354	373.786	-0.031	-0.208
5116.554	375.873	-0.044	-0.222
5116.754	377.849	-0.028	-0.198
5116.954	380.024	-0.054	-0.226
5117.154	382.014	-0.036	-0.181
5117.354	383.993	0.011	-0.188
5117.554	386.064	0.042	-0.176
5117.754	388.044	0.046	-0.220
5117.954	389.895	0.070	-0.221
5118.154	391.108	0.046	-0.232
5118.354	391.507	0.077	-0.210
5118.454	391.507	0.090	-0.190
5380.054	8.290	-4.835	0.234
5380.254	8.296	-4.784	0.285
5380.454	8.797	-4.782	0.273
5380.655	10.215	-4.765	0.262
5380.855	12.206	-4.778	0.248
5381.054	14.131	-4.798	0.230
5381.254	16.136	-4.770	0.254
5381.454	18.189	-4.810	0.223
5381.654	20.226	-4.778	0.264
5381.854	22.244	-4.784	0.272
5382.054	24.292	-4.761	0.266
5382.254	26.316	-4.782	0.259
5382.354	27.423	-4.790	0.231
5382.554	29.518	-4.752	0.251
5382.754	31.519	-4.787	0.242
5382.954	33.473	-4.799	0.209
5383.154	35.577	-3.272	0.098
5383.354	37.544	-1.745	-0.074
5383.555	39.703	-1.720	-0.060
5383.756	41.663	-1.726	-0.090
5383.955	43.610	-1.703	-0.115
5384.154	45.689	-1.688	-0.102
5384.355	47.741	-1.708	-0.136
5384.554	49.759	-1.682	-0.122
5384.754	51.801	-1.688	-0.145
5384.954	53.805	-1.603	-0.117
5385.154	55.928	-1.571	-0.124
5385.354	57.933	-1.527	-0.139
5385.554	59.919	-1.507	-0.157
5385.754	62.036	-1.464	-0.180
5385.954	64.027	-1.483	-0.189
5386.154	66.005	-1.437	-0.200
5386.354	68.085	-1.436	-0.179
5386.554	70.076	-1.411	-0.188
5386.654	71.233	-1.395	-0.215
5386.855	73.131	-1.387	-0.170
5387.054	75.300	-1.380	-0.220
5387.254	77.304	-1.337	-0.196
5387.454	79.214	-1.349	-0.244
5387.554	80.347	-1.373	-0.271
5387.754	82.349	-1.325	-0.204
5387.954	84.300	-1.323	-0.112
5388.154	86.326	-1.300	-0.137
5388.354	88.495	-1.282	-0.126
5388.555	90.467	-1.266	-0.162
5388.754	92.581	-1.258	-0.160
5388.954	94.651	-1.276	-0.175
5389.154	96.620	-1.275	-0.165
5389.354	98.558	-1.240	-0.128
5389.555	100.713	-1.265	-0.154
5389.754	102.755	-1.208	-0.123
5389.954	104.643	-1.211	-0.140
5390.054	105.763	-1.202	-0.164
5390.254	107.795	-1.178	-0.160
5390.454	109.842	-1.200	-0.172
5390.654	111.840	-1.197	-0.183
5390.855	113.848	-1.209	-0.171
5391.054	115.912	-1.198	-0.166
5391.255	117.873	-1.163	-0.131
5391.454	120.026	-1.171	-0.151
5391.655	122.023	-1.113	-0.139
5391.854	124.040	-1.121	-0.177
5392.054	126.062	-1.140	-0.198
5392.255	128.046	-1.129	-0.177
5392.455	130.092	-1.155	-0.198
5392.654	132.159	-1.119	-0.157
5392.854	134.162	-1.121	-0.157
5393.054	136.294	-1.077	-0.155
5393.255	138.319	-1.066	-0.151
5393.454	140.337	-1.065	-0.168
5393.654	142.457	-1.058	-0.195
5393.854	144.465	-1.075	-0.187
5394.054	146.442	-1.086	-0.192
5394.255	148.545	-1.060	-0.159
5394.454	150.518	-1.060	-0.169
5394.654	152.491	-0.996	-0.121
5394.855	154.529	-1.019	-0.172
5395.054	156.559	-0.991	-0.167
5395.254	158.735	-0.993	-0.166
5395.455	160.703	-0.971	-0.179
5395.655	162.620	-1.006	-0.203
5395.854	164.709	-0.964	-0.166
5396.054	166.783	-0.979	-0.162
5396.254	168.796	-0.924	-0.150
5396.454	170.822	-0.938	-0.172
5396.654	172.918	-0.901	-0.169
5396.855	175.046	-0.907	-0.185
5397.054	176.905	-0.903	-0.173
5397.254	178.933	-0.904	-0.197
5397.454	181.074	-0.887	-0.183
5397.654	183.086	-0.896	-0.175
5397.855	185.083	-0.865	-0.166
5398.054	187.182	-0.855	-0.162
5398.255	189.180	-0.825	-0.176
5398.454	191.157	-0.809	-0.184
5398.654	193.259	-0.824	-0.210
5398.854	195.253	-0.814	-0.198
5399.054	197.391	-0.833	-0.189
5399.254	199.305	-0.813	-0.200
5399.455	201.410	-0.803	-0.170
5399.655	203.441	-0.795	-0.189
5399.854	205.430	-0.754	-0.146
5400.054	207.389	-0.756	-0.206
5400.255	209.482	-0.732	-0.178
5400.454	211.462	-0.771	-0.219
5400.554	212.597	-0.758	-0.192
5400.755	214.514	-0.749	-0.174
5400.955	216.644	-0.747	-0.189
5401.154	218.661	-0.701	-0.149
5401.354	220.628	-0.714	-0.177
5401.554	222.765	-0.672	-0.180
5401.754	224.864	-0.668	-0.192
5401.954	226.829	-0.664	-0.199
5402.154	228.801	-0.668	-0.204
5402.354	230.877	-0.674	-0.189
5402.554	232.860	-0.676	-0.192
5402.754	235.035	-0.631	-0.146
5402.955	236.910	-0.629	-0.183
5403.154	238.933	-0.590	-0.159
5403.354	241.118	-0.599	-0.189
5403.554	243.095	-0.560	-0.162
5403.755	245.061	-0.604	-0.216
5403.954	247.085	-0.567	-0.186
5404.154	249.205	-0.615	-0.189
5404.354	251.230	-0.554	-0.169
5404.554	253.242	-0.557	-0.168
5404.754	255.239	-0.526	-0.188
5404.954	257.262	-0.510	-0.184
5405.154	259.316	-0.496	-0.180
5405.354	261.327	-0.500	-0.195
5405.554	263.444	-0.514	-0.211
5405.754	265.467	-0.494	-0.191
5405.954	267.456	-0.515	-0.192
5406.154	269.539	-0.460	-0.176
5406.354	271.524	-0.450	-0.164
5406.555	273.696	-0.427	-0.188
5406.755	275.595	-0.414	-0.180
5406.955	277.586	-0.415	-0.223
5407.054	278.730	-0.467	-0.213
5407.254	280.617	-0.414	-0.202
5407.355	281.718	-0.400	-0.187
5407.555	283.724	-0.426	-0.192
5407.754	285.826	-0.398	-0.179
5407.954	287.811	-0.388	-0.165
5408.155	289.816	-0.340	-0.184
5408.354	291.937	-0.349	-0.196
5408.554	293.935	-0.353	-0.225
5408.755	296.019	-0.381	-0.213
5408.954	298.043	-0.370	-0.211
5409.154	299.954	-0.366	-0.190
5409.354	302.072	-0.343	-0.188
5409.554	304.190	-0.319	-0.162
5409.754	306.202	-0.311	-0.187
5409.954	308.143	-0.283	-0.193
5410.154	310.220	-0.300	-0.203
5410.354	312.207	-0.299	-0.235
5410.555	314.352	-0.289	-0.195
5410.755	316.357	-0.303	-0.205
5410.955	318.342	-0.274	-0.164
5411.155	320.324	-0.271	-0.193
5411.355	322.373	-0.259	-0.173
5411.454	323.485	-0.235	-0.180
5411.655	325.502	-0.203	-0.161
5411.855	327.469	-0.240	-0.229
5412.055	329.447	-0.210	-0.194
5412.254	331.560	-0.254	-0.223
5412.455	333.636	-0.218	-0.186
5412.655	335.660	-0.217	-0.177
5412.855	337.657	-0.166	-0.182
5413.055	339.681	-0.153	-0.162
5413.255	341.732	-0.155	-0.204
5413.454	343.715	-0.142	-0.197
5413.654	345.857	-0.167	-0.227
5413.854	347.852	-0.151	-0.208
5414.054	349.823	-0.184	-0.216
5414.254	351.898	-0.128	-0.182
5414.454	353.882	-0.121	-0.165
5414.554	355.027	-0.122	-0.198
5414.755	357.046	-0.084	-0.185
5414.954	359.026	-0.087	-0.186
5415.154	361.045	-0.069	-0.211
5415.354	363.110	-0.071	-0.218
5415.554	365.233	-0.105	-0.221
5415.754	367.099	-0.084	-0.219
5415.955	369.242	-0.086	-0.184
5416.155	371.250	-0.070	-0.193
5416.355	373.252	-0.026	-0.170
5416.554	375.315	-0.046	-0.201
5416.755	377.371	0.007	-0.200
5416.955	379.315	-0.055	-0.234
5417.054	380.482	-0.044	-0.251
5417.255	382.422	-0.032	-0.210
5417.454	384.441	-0.009	-0.218
5417.654	386.498	0.004	-0.182
5417.854	388.561	0.027	-0.202
5418.055	390.311	0.077	-0.185
5418.255	391.288	0.090	-0.204
5418.455	391.507	0.114	-0.203
5680.355	8.290	-4.789	0.247
5680.555	8.702	-4.791	0.286
5680.755	9.814	-4.805	0.251
5680.855	10.785	-4.763	0.300
5681.055	12.826	-4.777	0.291
5681.255	14.855	-4.779	0.259
5681.455	16.835	-4.755	0.298
5681.655	18.860	-4.788	0.233
5681.855	20.873	-4.766	0.280
5681.955	21.972	-4.817	0.226
5682.155	23.916	-4.779	0.269
5682.254	25.023	-4.780	0.276
5682.455	27.033	-4.817	0.236
5682.655	29.032	-4.771	0.292
5682.855	31.099	-4.751	0.267
5683.055	33.123	-4.762	0.275
5683.255	35.226	-3.664	0.135
5683.455	37.244	-1.715	-0.059
5683.655	39.293	-1.727	-0.088
5683.855	41.290	-1.719	-0.107
5684.054	43.272	-1.727	-0.106
5684.154	44.378	-1.698	-0.085
5684.355	46.376	-1.683	-0.113
5684.555	48.499	-1.670	-0.096
5684.755	50.497	-1.661	-0.129
5684.955	52.458	-1.635	-0.139
5685.155	54.546	-1.577	-0.133
5685.355	56.537	-1.550	-0.164
5685.555	58.697	-1.526	-0.148
5685.755	60.587	-1.511	-0.173
5685.955	62.580	-1.455	-0.162
5686.155	64.767	-1.441	-0.150
5686.355	66.763	-1.432	-0.187
5686.555	68.727	-1.418	-0.210
5686.755	70.796	-1.376	-0.186
5686.955	72.794	-1.393	-0.209
5687.155	74.959	-1.361	-0.195
5687.355	76.854	-1.383	-0.238
5687.555	78.959	-1.338	-0.213
5687.755	81.005	-1.358	-0.227
5687.955	82.931	-1.312	-0.151
5688.154	84.947	-1.316	-0.144
5688.355	87.012	-1.283	-0.117
5688.555	89.092	-1.291	-0.176
5688.756	91.103	-1.267	-0.153
5688.955	93.140	-1.294	-0.179
5689.155	95.182	-1.275	-0.145
5689.355	97.190	-1.278	-0.140
5689.555	99.230	-1.251	-0.116
5689.755	101.267	-1.217	-0.120
5689.955	103.298	-1.199	-0.123
5690.154	105.312	-1.199	-0.150
5690.355	107.452	-1.197	-0.134
5690.555	109.473	-1.205	-0.186
5690.755	111.495	-1.209	-0.137
5690.955	113.493	-1.213	-0.167
5691.155	115.516	-1.186	-0.125
5691.355	117.561	-1.170	-0.138
5691.555	119.564	-1.143	-0.122
5691.654	120.732	-1.162	-0.173
5691.855	122.593	-1.125	-0.153
5692.054	124.810	-1.104	-0.144
5692.255	126.749	-1.126	-0.185
5692.455	128.779	-1.110	-0.169
5692.655	130.754	-1.146	-0.204
5692.855	132.820	-1.120	-0.162
5693.055	134.835	-1.121	-0.154
5693.255	137.000	-1.097	-0.132
5693.455	138.886	-1.072	-0.151
5693.655	141.031	-1.049	-0.131
5693.855	143.014	-1.051	-0.175
5694.054	145.077	-1.027	-0.149
5694.255	146.998	-1.044	-0.185
5694.455	149.158	-1.035	-0.179
5694.655	151.143	-1.050	-0.177
5694.855	153.147	-1.031	-0.154
5695.055	155.158	-1.020	-0.159
5695.255	157.270	-0.993	-0.148
5695.455	159.388	-0.987	-0.174
5695.655	161.387	-0.967	-0.164
5695.855	163.367	-0.960	-0.188
5696.054	165.330	-0.932	-0.172
5696.255	167.466	-0.961	-0.199
5696.455	169.429	-0.947	-0.171
5696.655	171.476	-0.953	-0.191
5696.855	173.578	-0.935	-0.152
5697.055	175.666	-0.928	-0.169
5697.255	177.633	-0.896	-0.158
5697.455	179.573	-0.871	-0.154
5697.654	181.657	-0.847	-0.164
5697.855	183.757	-0.843	-0.181
5698.055	185.714	-0.883	-0.219
5698.154	186.798	-0.859	-0.189
5698.355	188.720	-0.853	-0.184
5698.556	190.759	-0.852	-0.198
5698.654	191.865	-0.842	-0.181
5698.855	193.810	-0.844	-0.169
5699.055	195.990	-0.794	-0.145
5699.255	197.930	-0.788	-0.162
5699.455	200.016	-0.765	-0.169
5699.655	202.018	-0.783	-0.199
5699.855	203.989	-0.756	-0.193
5700.054	206.097	-0.798	-0.205
5700.255	208.094	-0.748	-0.183
5700.455	210.078	-0.801	-0.199
5700.655	212.277	-0.728	-0.156
5700.855	214.226	-0.750	-0.166
5701.055	216.296	-0.709	-0.167
5701.255	218.275	-0.705	-0.157
5701.455	220.440	-0.686	-0.194
5701.655	222.316	-0.675	-0.182
5701.855	224.422	-0.677	-0.207
5702.055	226.386	-0.675	-0.193
5702.154	227.469	-0.664	-0.186
5702.355	229.395	-0.665	-0.195
5702.555	231.459	-0.691	-0.205
5702.755	233.548	-0.632	-0.150
5702.955	235.680	-0.625	-0.155
5703.155	237.661	-0.589	-0.163
5703.355	239.590	-0.606	-0.193
5703.555	241.704	-0.572	-0.197
5703.755	243.720	-0.605	-0.216
5703.954	245.841	-0.587	-0.204
5704.155	247.811	-0.609	-0.209
5704.355	249.810	-0.558	-0.178
5704.555	251.843	-0.583	-0.188
5704.755	253.881	-0.541	-0.164
5704.955	255.875	-0.540	-0.174
5705.155	258.079	-0.507	-0.162
5705.355	260.043	-0.499	-0.184
5705.555	261.988	-0.479	-0.183
5705.755	264.090	-0.500	-0.217
5705.954	266.079	-0.480	-0.187
5706.154	268.054	-0.493	-0.211
5706.355	270.231	-0.486	-0.195
5706.555	272.167	-0.480	-0.186
5706.755	274.242	-0.453	-0.176
5706.955	276.207	-0.428	-0.171
5707.155	278.354	-0.421	-0.178
5707.355	280.379	-0.386	-0.176
5707.555	282.373	-0.401	-0.204
5707.755	284.409	-0.384	-0.211
5707.955	286.503	-0.429	-0.222
5708.154	288.498	-0.388	-0.190
5708.355	290.620	-0.404	-0.205
5708.555	292.475	-0.368	-0.188
5708.755	294.621	-0.374	-0.159
5708.955	296.738	-0.317	-0.164
5709.155	298.741	-0.336	-0.173
5709.355	300.693	-0.320	-0.205
5709.555	302.790	-0.320	-0.204
5709.755	304.795	-0.314	-0.228
5709.955	306.738	-0.334	-0.206
5710.155	308.807	-0.307	-0.201
5710.355	310.908	-0.332	-0.200
5710.555	312.922	-0.285	-0.173
5710.755	314.927	-0.288	-0.170
5710.955	316.899	-0.267	-0.183
5711.155	318.917	-0.267	-0.205
5711.255	320.033	-0.234	-0.156
5711.455	322.047	-0.232	-0.217
5711.655	324.103	-0.257	-0.208
5711.855	326.104	-0.276	-0.234
5712.055	328.100	-0.251	-0.188
5712.255	330.267	-0.247	-0.225
5712.455	332.260	-0.222	-0.173
5712.654	334.377	-0.222	-0.177
5712.855	336.370	-0.182	-0.169
5713.055	338.341	-0.163	-0.180
5713.255	340.438	-0.183	-0.218
5713.455	342.444	-0.154	-0.195
5713.655	344.406	-0.184	-0.240
5713.855	346.419	-0.138	-0.189
5714.055	348.436	-0.175	-0.224
5714.254	350.610	-0.160	-0.205
5714.455	352.608	-0.147	-0.212
5714.655	354.699	-0.119	-0.177
5714.855	356.573	-0.123	-0.199
5715.055	358.708	-0.096	-0.198
5715.255	360.739	-0.088	-0.216
5715.455	362.766	-0.075	-0.206
5715.655	364.778	-0.099	-0.240
5715.855	366.811	-0.093	-0.208
5716.055	368.880	-0.096	-0.232
5716.254	370.896	-0.062	-0.177
5716.455	373.034	-0.102	-0.230
5716.655	374.884	-0.038	-0.164
5716.855	377.027	-0.040	-0.188
5717.055	379.122	0.006	-0.173
5717.255	381.106	-0.015	-0.212
5717.455	383.071	0.009	-0.214
5717.655	385.177	0.001	-0.230
5717.855	387.151	-0.011	-0.251
5718.055	389.247	0.023	-0.215
5718.255	390.677	0.058	-0.200
5718.354	391.183	0.074	-0.227
5718.555	391.508	0.078	-0.209
5980.355	8.290	-4.796	0.269
5980.555	8.350	-4.790	0.303
5980.755	9.118	-4.753	0.314
5980.955	10.624	-4.777	0.295
5981.155	12.753	-4.755	0.308
5981.355	14.588	-4.771	0.278
5981.455	15.697	-4.783	0.293
5981.656	17.810	-4.772	0.280
5981.855	19.814	-4.786	0.277
5982.055	21.765	-4.804	0.275
5982.255	23.873	-4.804	0.296
5982.455	25.856	-4.812	0.280
5982.655	27.956	-4.789	0.306
5982.855	29.883	-4.794	0.278
5983.055	31.996	-4.780	0.290
5983.255	34.033	-4.761	0.290
5983.455	36.009	-2.645	0.066
5983.655	38.132	-1.714	-0.074
5983.855	40.155	-1.729	-0.090
5984.055	42.141	-1.699	-0.097
5984.255	44.175	-1.716	-0.096
5984.455	46.220	-1.663	-0.077
5984.655	48.301	-1.677	-0.089
5984.855	50.335	-1.646	-0.074
5985.055	52.281	-1.652	-0.113
5985.255	54.259	-1.603	-0.114
5985.455	56.343	-1.558	-0.125
5985.655	58.325	-1.528	-0.149
5985.755	59.475	-1.474	-0.141
5985.955	61.496	-1.480	-0.152
5986.155	63.482	-1.466	-0.192
5986.355	65.488	-1.448	-0.165
5986.555	67.647	-1.447	-0.199
5986.755	69.621	-1.416	-0.172
5986.955	71.598	-1.403	-0.169
5987.155	73.592	-1.394	-0.189
5987.355	75.801	-1.352	-0.184
5987.555	77.707	-1.351	-0.223
5987.655	78.836	-1.317	-0.176
5987.855	80.710	-1.331	-0.224
5987.955	81.835	-1.350	-0.219
5988.155	83.814	-1.317	-0.132
5988.355	85.858	-1.326	-0.143
5988.555	87.961	-1.286	-0.131
5988.755	89.984	-1.281	-0.134
5988.955	91.945	-1.269	-0.135
5989.155	93.934	-1.263	-0.139
5989.355	95.995	-1.230	-0.125
5989.555	98.125	-1.240	-0.149
5989.755	100.127	-1.198	-0.131
5989.955	102.166	-1.217	-0.160
5990.155	104.143	-1.184	-0.144
5990.355	106.162	-1.232	-0.184
5990.555	108.371	-1.203	-0.151
5990.755	110.354	-1.203	-0.160
5990.955	112.357	-1.183	-0.144
5991.155	114.279	-1.198	-0.146
5991.355	116.420	-1.147	-0.123
5991.555	118.374	-1.140	-0.126
5991.655	119.515	-1.144	-0.167
5991.855	121.461	-1.122	-0.161
5992.055	123.444	-1.111	-0.151
5992.255	125.671	-1.114	-0.176
5992.455	127.512	-1.105	-0.178
5992.655	129.626	-1.134	-0.181
5992.855	131.632	-1.105	-0.167
5993.055	133.740	-1.111	-0.172
5993.255	135.785	-1.119	-0.168
5993.455	137.787	-1.092	-0.150
5993.655	139.775	-1.069	-0.140
5993.855	141.809	-1.042	-0.145
5994.055	143.822	-1.037	-0.152
5994.255	145.927	-1.015	-0.173
5994.455	147.992	-1.009	-0.171
5994.655	150.004	-1.029	-0.186
5994.855	151.990	-1.042	-0.192
5995.055	153.976	-1.017	-0.171
5995.255	156.038	-1.022	-0.179
5995.455	158.029	-1.004	-0.153
5995.655	160.093	-1.010	-0.168
5995.855	162.118	-0.964	-0.143
5996.055	164.145	-0.978	-0.172
5996.255	166.291	-0.917	-0.146
5996.455	168.398	-0.952	-0.192
5996.655	170.262	-0.892	-0.160
5996.855	172.265	-0.936	-0.176
5997.055	174.399	-0.901	-0.190
5997.255	176.426	-0.924	-0.184
5997.455	178.398	-0.917	-0.212
5997.655	180.473	-0.907	-0.160
5997.855	182.459	-0.918	-0.170
5997.955	183.632	-0.835	-0.148
5998.155	185.513	-0.873	-0.138
5998.355	187.631	-0.851	-0.163
5998.555	189.668	-0.844	-0.154
5998.755	191.724	-0.809	-0.170
5998.955	193.662	-0.821	-0.178
5999.155	195.727	-0.783	-0.170
5999.355	197.703	-0.807	-0.215
5999.455	198.801	-0.820	-0.193
5999.655	200.828	-0.824	-0.197
5999.855	202.812	-0.794	-0.160
6000.055	204.818	-0.796	-0.172
6000.255	206.876	-0.781	-0.164
6000.455	208.883	-0.746	-0.156
6000.655	211.002	-0.758	-0.167
6000.855	213.006	-0.738	-0.199
6001.055	214.996	-0.724	-0.170
6001.255	217.119	-0.695	-0.189
6001.455	219.123	-0.702	-0.197
6001.655	221.292	-0.694	-0.203
6001.855	223.184	-0.707	-0.217
6002.055	225.179	-0.685	-0.198
6002.255	227.367	-0.720	-0.208
6002.455	229.247	-0.680	-0.177
6002.655	231.268	-0.678	-0.154
6002.855	233.441	-0.624	-0.171
6003.055	235.427	-0.635	-0.161
6003.255	237.499	-0.595	-0.163
6003.455	239.471	-0.606	-0.199
6003.655	241.538	-0.577	-0.190
6003.855	243.630	-0.610	-0.211
6004.055	245.612	-0.600	-0.200
6004.255	247.599	-0.610	-0.203
6004.455	249.711	-0.577	-0.177
6004.655	251.777	-0.570	-0.184
6004.855	253.775	-0.559	-0.179
6005.055	255.705	-0.561	-0.206
6005.255	257.742	-0.511	-0.142
6005.455	259.739	-0.527	-0.181
6005.655	261.839	-0.480	-0.160
6005.855	263.842	-0.492	-0.194
6005.955	264.992	-0.455	-0.189
6006.155	266.892	-0.451	-0.195
6006.355	269.021	-0.497	-0.229
6006.555	271.044	-0.455	-0.188
6006.755	273.120	-0.488	-0.210
6006.955	275.053	-0.454	-0.193
6007.155	277.073	-0.452	-0.175
6007.355	279.194	-0.453	-0.179
6007.555	281.196	-0.413	-0.159
6007.755	283.211	-0.420	-0.180
6007.955	285.274	-0.390	-0.182
6008.155	287.374	-0.375	-0.177
6008.355	289.360	-0.359	-0.193
6008.555	291.341	-0.363	-0.201
6008.755	293.307	-0.380	-0.212
6008.855	294.428	-0.369	-0.191
6009.055	296.455	-0.369	-0.214
6009.255	298.507	-0.363	-0.185
6009.455	300.507	-0.387	-0.197
6009.655	302.539	-0.336	-0.166
6009.855	304.551	-0.344	-0.171
6010.055	306.535	-0.313	-0.167
6010.255	308.573	-0.311	-0.162
6010.455	310.618	-0.288	-0.180
6010.655	312.663	-0.267	-0.175
6010.855	314.790	-0.288	-0.192
6011.055	316.711	-0.289	-0.211
6011.155	317.862	-0.321	-0.247
6011.355	319.832	-0.276	-0.181
6011.555	321.991	-0.290	-0.213
6011.755	323.856	-0.263	-0.176
6011.955	325.919	-0.278	-0.201
6012.155	327.965	-0.234	-0.164
6012.355	330.025	-0.246	-0.186
6012.555	331.967	-0.226	-0.178
6012.755	334.091	-0.204	-0.185
6012.955	336.128	-0.202	-0.178
6013.155	338.100	-0.189	-0.202
6013.355	340.219	-0.178	-0.214
6013.555	342.214	-0.197	-0.226
6013.755	344.189	-0.192	-0.220
6013.955	346.284	-0.195	-0.216
6014.155	348.288	-0.191	-0.211
6014.355	350.476	-0.172	-0.173
6014.555	352.324	-0.139	-0.181
6014.755	354.506	-0.141	-0.200
6014.955	356.506	-0.119	-0.196
6015.155	358.480	-0.097	-0.185
6015.355	360.628	-0.093	-0.207
6015.555	362.512	-0.089	-0.214
6015.755	364.594	-0.107	-0.231
6015.955	366.608	-0.077	-0.208
6016.155	368.645	-0.093	-0.221
6016.355	370.668	-0.082	-0.205
6016.555	372.712	-0.074	-0.200
6016.755	374.806	-0.074	-0.190
6016.955	376.829	-0.044	-0.183
6017.155	378.978	-0.059	-0.196
6017.355	380.826	-0.023	-0.200
6017.555	382.963	0.009	-0.164
6017.755	384.863	0.018	-0.216
6017.955	387.056	0.039	-0.205
6018.155	389.014	0.025	-0.260
6018.355	390.646	0.074	-0.207
6018.555	391.413	0.020	-0.261
6018.755	391.508	0.068	-0.204
6280.555	8.290	-4.788	0.291
6280.755	8.477	-4.794	0.282
6280.955	9.384	-4.801	0.298
6281.155	11.137	-4.811	0.297
6281.355	13.101	-4.784	0.310
6281.455	14.238	-4.810	0.303
6281.655	16.206	-4.765	0.319
6281.855	18.194	-4.792	0.297
6282.055	20.221	-4.770	0.322
6282.255	22.326	-4.785	0.280
6282.455	24.332	-4.753	0.297
6282.655	26.448	-4.792	0.262
6282.855	28.377	-4.780	0.274
6283.055	30.417	-4.787	0.254
6283.255	32.544	-4.781	0.285
6283.455	34.511	-4.801	0.252
6283.655	36.569	-1.930	0.036
6283.855	38.557	-1.705	-0.018
6284.055	40.668	-1.700	-0.030
6284.255	42.653	-1.687	-0.058
6284.455	44.816	-1.694	-0.051
6284.655	46.681	-1.661	-0.071
6284.855	48.786	-1.664	-0.069
6285.055	50.800	-1.663	-0.086
6285.255	52.814	-1.656	-0.074
6285.455	54.796	-1.646	-0.091
6285.655	56.989	-1.634	-0.069
6285.855	58.975	-1.568	-0.112
6286.055	60.933	-1.522	-0.110
6286.255	62.934	-1.451	-0.106
6286.355	64.044	-1.463	-0.132
6286.555	66.101	-1.442	-0.143
6286.755	68.070	-1.428	-0.148
6286.955	70.219	-1.413	-0.151
6287.155	72.120	-1.398	-0.165
6287.355	74.136	-1.395	-0.165
6287.455	75.285	-1.400	-0.213
6287.655	77.216	-1.366	-0.184
6287.855	79.210	-1.325	-0.157
6288.055	81.246	-1.349	-0.178
6288.255	83.321	-1.305	-0.138
6288.455	85.324	-1.285	-0.125
6288.655	87.541	-1.279	-0.139
6288.855	89.511	-1.250	-0.147
6289.055	91.459	-1.252	-0.153
6289.255	93.559	-1.247	-0.165
6289.455	95.564	-1.252	-0.147
6289.655	97.703	-1.259	-0.170
6289.855	99.599	-1.250	-0.145
6290.055	101.696	-1.228	-0.146
6290.255	103.708	-1.214	-0.121
6290.455	105.688	-1.207	-0.119
6290.655	107.745	-1.173	-0.116
6290.855	109.886	-1.157	-0.127
6291.055	111.830	-1.147	-0.133
6291.255	113.875	-1.156	-0.151
6291.455	115.900	-1.154	-0.171
6291.655	117.881	-1.149	-0.169
6291.855	120.007	-1.160	-0.158
6292.055	122.033	-1.133	-0.168
6292.255	124.079	-1.143	-0.152
6292.455	126.124	-1.116	-0.145
6292.655	128.111	-1.122	-0.123
6292.855	130.154	-1.100	-0.144
6293.055	132.200	-1.081	-0.145
6293.255	134.211	-1.059	-0.155
6293.455	136.235	-1.050	-0.152
6293.655	138.255	-1.047	-0.168
6293.855	140.285	-1.054	-0.182
6294.055	142.279	-1.046	-0.175
6294.155	143.399	-1.073	-0.224
6294.355	145.404	-1.055	-0.175
6294.555	147.428	-1.061	-0.188
6294.755	149.433	-1.033	-0.144
6294.955	151.456	-1.012	-0.149
6295.155	153.481	-0.998	-0.149
6295.355	155.628	-0.990	-0.152
6295.555	157.724	-0.979	-0.158
6295.755	159.577	-0.954	-0.157
6295.955	161.795	-0.982	-0.166
6296.155	163.720	-0.925	-0.158
6296.355	165.736	-0.955	-0.190
6296.555	167.723	-0.940	-0.189
6296.755	169.830	-0.960	-0.181
6296.955	171.834	-0.964	-0.185
6297.155	174.010	-0.942	-0.171
6297.355	175.912	-0.921	-0.161
6297.555	177.911	-0.907	-0.148
6297.655	179.040	-0.876	-0.142
6297.855	180.954	-0.884	-0.166
6297.955	182.044	-0.890	-0.158
6298.155	184.053	-0.845	-0.159
6298.355	186.034	-0.847	-0.194
6298.455	187.180	-0.863	-0.195
6298.655	189.205	-0.843	-0.203
6298.855	191.190	-0.834	-0.188
6299.055	193.191	-0.833	-0.190
6299.255	195.236	-0.835	-0.183
6299.455	197.240	-0.826	-0.181
6299.655	199.461	-0.820	-0.170
6299.855	201.299	-0.787	-0.159
6299.955	202.460	-0.768	-0.180
6300.155	204.380	-0.777	-0.143
6300.355	206.375	-0.767	-0.186
6300.455	207.504	-0.721	-0.146
6300.655	209.521	-0.729	-0.168
6300.855	211.527	-0.738	-0.213
6301.055	213.532	-0.728	-0.183
6301.255	215.551	-0.750	-0.229
6301.455	217.556	-0.723	-0.183
6301.655	219.755	-0.741	-0.213
6301.855	221.755	-0.706	-0.167
6302.055	223.758	-0.721	-0.194
6302.255	225.723	-0.687	-0.170
6302.455	227.849	-0.670	-0.167
6302.655	229.867	-0.645	-0.155
6302.855	231.865	-0.644	-0.182
6303.055	234.011	-0.634	-0.182
6303.255	235.923	-0.608	-0.204
6303.455	237.940	-0.602	-0.189
6303.655	239.932	-0.619	-0.215
6303.855	242.062	-0.625	-0.200
6304.055	244.087	-0.603	-0.186
6304.255	246.059	-0.621	-0.203
6304.455	248.121	-0.579	-0.158
6304.655	250.120	-0.595	-0.165
6304.855	252.162	-0.531	-0.153
6305.055	254.188	-0.531	-0.156
6305.155	255.303	-0.522	-0.181
6305.355	257.400	-0.514	-0.181
6305.555	259.391	-0.509	-0.189
6305.755	261.493	-0.498	-0.202
6305.955	263.414	-0.513	-0.194
6306.155	265.391	-0.507	-0.211
6306.355	267.398	-0.507	-0.195
6306.555	269.576	-0.514	-0.196
6306.755	271.473	-0.476	-0.163
6306.955	273.504	-0.480	-0.178
6307.055	274.625	-0.439	-0.171
6307.255	276.606	-0.436	-0.147
6307.455	278.652	-0.432	-0.178
6307.655	280.763	-0.401	-0.167
6307.855	282.812	-0.427	-0.206
6308.055	284.817	-0.391	-0.173
6308.255	286.801	-0.384	-0.210
6308.455	288.910	-0.407	-0.212
6308.655	290.898	-0.403	-0.227
6308.855	292.872	-0.403	-0.187
6309.055	294.969	-0.403	-0.203
6309.255	296.972	-0.387	-0.172
6309.455	298.942	-0.374	-0.177
6309.655	301.049	-0.334	-0.160
6309.855	303.025	-0.338	-0.171
6310.055	305.233	-0.329	-0.177
6310.255	307.223	-0.306	-0.194
6310.455	309.198	-0.318	-0.195
6310.655	311.270	-0.314	-0.210
6310.855	313.288	-0.318	-0.203
6311.055	315.252	-0.317	-0.214
6311.255	317.310	-0.307	-0.192
6311.455	319.320	-0.297	-0.192
6311.655	321.455	-0.311	-0.218
6311.855	323.419	-0.284	-0.184
6312.055	325.424	-0.277	-0.186
6312.255	327.483	-0.224	-0.158
6312.455	329.505	-0.244	-0.199
6312.655	331.620	-0.190	-0.174
6312.855	333.706	-0.219	-0.212
6313.055	335.698	-0.197	-0.202
6313.255	337.660	-0.217	-0.227
6313.455	339.713	-0.214	-0.218
6313.655	341.738	-0.216	-0.215
6313.855	343.714	-0.167	-0.181
6314.055	345.892	-0.191	-0.203
6314.255	347.783	-0.180	-0.181
6314.455	349.796	-0.137	-0.178
6314.555	350.911	-0.159	-0.186
6314.755	352.916	-0.109	-0.187
6314.955	354.922	-0.122	-0.187
6315.156	356.916	-0.097	-0.202
6315.355	359.169	-0.100	-0.209
6315.555	361.132	-0.107	-0.224
6315.755	363.075	-0.127	-0.216
6315.955	365.139	-0.080	-0.214
6316.155	367.084	-0.108	-0.229
6316.255	368.259	-0.070	-0.189
6316.455	370.177	-0.082	-0.189
6316.655	372.294	-0.104	-0.207
6316.855	374.327	-0.041	-0.158
6317.055	376.344	-0.056	-0.177
6317.256	378.340	-0.011	-0.169
6317.455	380.366	-0.022	-0.191
6317.655	382.365	0.020	-0.195
6317.855	384.390	-0.019	-0.231
6318.055	386.477	0.030	-0.199
6318.255	388.543	0.003	-0.223
6318.455	390.297	0.036	-0.228
6318.655	391.287	0.052	-0.192
6318.855	391.508	0.054	-0.206
6580.655	8.290	-4.790	0.285
6580.855	8.424	-4.772	0.300
6581.056	9.337	-4.780	0.285
6581.255	11.066	-4.764	0.294
6581.455	13.071	-4.762	0.285
6581.655	15.246	-4.777	0.254
6581.856	17.120	-4.787	0.280
6582.055	19.253	-4.802	0.255
6582.256	21.276	-4.797	0.297
6582.455	23.289	-4.833	0.275
6582.655	25.266	-4.783	0.312
6582.855	27.253	-4.804	0.270
6582.955	28.359	-4.771	0.278
6583.155	30.385	-4.789	0.287
6583.355	32.423	-4.777	0.285
6583.555	34.393	-4.758	0.254
6583.756	36.610	-1.968	0.019
6583.955	38.592	-1.703	-0.079
6584.156	40.577	-1.701	-0.078
6584.356	42.683	-1.706	-0.109
6584.555	44.747	-1.689	-0.082
6584.755	46.723	-1.670	-0.081
6584.955	48.643	-1.661	-0.084
6585.155	50.658	-1.655	-0.102
6585.255	51.845	-1.623	-0.117
6585.455	53.719	-1.600	-0.086
6585.655	55.836	-1.601	-0.139
6585.855	57.880	-1.529	-0.120
6586.055	59.907	-1.503	-0.144
6586.255	61.884	-1.447	-0.145
6586.455	63.883	-1.457	-0.188
6586.655	65.965	-1.426	-0.178
6586.855	68.093	-1.401	-0.168
6587.055	70.048	-1.414	-0.192
6587.255	72.040	-1.392	-0.196
6587.455	74.195	-1.360	-0.183
6587.655	76.177	-1.344	-0.209
6587.855	78.131	-1.306	-0.189
6588.055	80.229	-1.305	-0.232
6588.255	82.216	-1.295	-0.213
6588.455	84.397	-1.287	-0.157
6588.655	86.298	-1.279	-0.139
6588.855	88.290	-1.259	-0.166
6588.955	89.473	-1.236	-0.142
6589.155	91.498	-1.275	-0.153
6589.355	93.441	-1.253	-0.153
6589.555	95.550	-1.241	-0.114
6589.755	97.536	-1.219	-0.139
6589.956	99.498	-1.191	-0.099
6590.155	101.585	-1.198	-0.142
6590.356	103.552	-1.164	-0.108
6590.455	104.686	-1.202	-0.165
6590.655	106.757	-1.171	-0.143
6590.855	108.702	-1.160	-0.142
6591.055	110.811	-1.163	-0.143
6591.256	112.801	-1.186	-0.162
6591.455	114.755	-1.190	-0.157
6591.655	116.851	-1.176	-0.139
6591.855	118.832	-1.158	-0.137
6591.955	119.968	-1.140	-0.127
6592.156	121.954	-1.132	-0.143
6592.356	123.958	-1.123	-0.120
6592.555	125.954	-1.096	-0.125
6592.655	127.082	-1.095	-0.135
6592.855	129.108	-1.121	-0.157
6593.055	131.042	-1.062	-0.159
6593.255	133.105	-1.079	-0.167
6593.455	135.100	-1.079	-0.194
6593.655	137.164	-1.084	-0.170
6593.855	139.199	-1.079	-0.196
6594.055	141.194	-1.077	-0.155
6594.256	143.410	-1.086	-0.190
6594.455	145.442	-1.066	-0.154
6594.655	147.428	-1.042	-0.171
6594.857	149.443	-1.037	-0.161
6595.057	151.388	-1.018	-0.155
6595.256	153.401	-1.006	-0.167
6595.457	155.596	-0.967	-0.144
6595.657	157.558	-0.980	-0.186
6595.856	159.638	-0.977	-0.185
6596.056	161.660	-1.003	-0.203
6596.255	163.633	-0.980	-0.183
6596.455	165.770	-0.971	-0.171
6596.655	167.753	-0.957	-0.174
6596.855	169.805	-0.970	-0.193
6597.055	171.730	-0.924	-0.128
6597.256	173.749	-0.934	-0.176
6597.355	174.931	-0.894	-0.143
6597.555	176.816	-0.912	-0.159
6597.755	178.820	-0.855	-0.154
6597.855	179.975	-0.854	-0.151
6598.056	182.014	-0.880	-0.200
6598.256	184.021	-0.838	-0.178
6598.455	186.035	-0.853	-0.194
6598.655	188.113	-0.860	-0.183
6598.855	190.082	-0.873	-0.205
6599.055	192.095	-0.835	-0.191
6599.255	194.084	-0.868	-0.198
6599.355	195.186	-0.813	-0.144
6599.555	197.172	-0.797	-0.145
6599.755	199.306	-0.823	-0.181
6599.955	201.203	-0.788	-0.158
6600.156	203.264	-0.781	-0.164
6600.355	205.287	-0.752	-0.168
6600.555	207.302	-0.747	-0.180
6600.655	208.419	-0.724	-0.167
6600.857	210.403	-0.766	-0.196
6601.057	212.565	-0.730	-0.192
6601.257	214.573	-0.750	-0.193
6601.457	216.563	-0.759	-0.216
6601.657	218.655	-0.727	-0.165
6601.855	220.660	-0.741	-0.187
6602.056	222.622	-0.698	-0.156
6602.256	224.697	-0.711	-0.186
6602.455	226.669	-0.678	-0.142
6602.655	228.823	-0.648	-0.143
6602.855	230.810	-0.641	-0.159
6603.055	232.917	-0.639	-0.186
6603.255	234.778	-0.604	-0.176
6603.455	236.905	-0.632	-0.207
6603.655	238.916	-0.612	-0.187
6603.855	240.958	-0.653	-0.229
6604.056	242.956	-0.613	-0.165
6604.256	244.970	-0.635	-0.198
6604.455	247.040	-0.590	-0.155
6604.655	249.023	-0.588	-0.175
6604.856	251.163	-0.540	-0.159
6605.056	253.188	-0.562	-0.167
6605.255	255.171	-0.521	-0.179
6605.455	257.263	-0.519	-0.162
6605.655	259.271	-0.502	-0.198
6605.855	261.219	-0.490	-0.177
6606.055	263.321	-0.506	-0.217
6606.255	265.332	-0.479	-0.201
6606.355	266.469	-0.520	-0.238
6606.555	268.371	-0.487	-0.181
6606.755	270.478	-0.516	-0.217
6606.955	272.531	-0.477	-0.185
6607.156	274.507	-0.475	-0.168
6607.355	276.654	-0.446	-0.164
6607.555	278.538	-0.440	-0.181
6607.755	280.672	-0.409	-0.162
6607.955	282.699	-0.412	-0.189
6608.156	284.612	-0.384	-0.183
6608.355	286.768	-0.392	-0.201
6608.555	288.751	-0.394	-0.197
6608.756	290.713	-0.381	-0.189
6608.855	291.843	-0.418	-0.236
6609.055	293.765	-0.371	-0.201
6609.255	295.820	-0.411	-0.202
6609.455	297.833	-0.375	-0.178
6609.655	299.880	-0.379	-0.164
6609.855	301.926	-0.356	-0.181
6610.055	304.041	-0.361	-0.166
6610.256	306.135	-0.327	-0.168
6610.455	308.133	-0.315	-0.165
6610.655	310.093	-0.303	-0.166
6610.856	312.119	-0.324	-0.195
6611.055	314.189	-0.279	-0.193
6611.255	316.267	-0.307	-0.205
6611.455	318.232	-0.311	-0.214
6611.555	319.374	-0.302	-0.212
6611.755	321.344	-0.334	-0.206
6611.955	323.291	-0.273	-0.185
6612.155	325.394	-0.304	-0.186
6612.355	327.383	-0.263	-0.185
6612.555	329.512	-0.278	-0.179
6612.755	331.484	-0.235	-0.171
6612.955	333.481	-0.237	-0.168
6613.155	335.543	-0.204	-0.188
6613.356	337.546	-0.202	-0.202
6613.555	339.564	-0.192	-0.209
6613.755	341.597	-0.192	-0.217
6613.955	343.624	-0.205	-0.232
6614.055	344.732	-0.191	-0.222
6614.256	346.816	-0.210	-0.219
6614.455	348.798	-0.192	-0.216
6614.657	350.762	-0.192	-0.202
6614.857	352.919	-0.157	-0.204
6615.057	355.055	-0.157	-0.193
6615.256	356.891	-0.120	-0.166
6615.456	358.993	-0.117	-0.189
6615.657	361.009	-0.101	-0.187
6615.855	363.021	-0.084	-0.189
6616.056	365.026	-0.092	-0.222
6616.255	367.048	-0.081	-0.227
6616.455	369.145	-0.098	-0.224
6616.655	371.137	-0.066	-0.219
6616.856	373.274	-0.080	-0.193
6617.056	375.299	-0.080	-0.229
6617.256	377.283	-0.058	-0.167
6617.456	379.378	-0.060	-0.202
6617.656	381.358	-0.017	-0.156
6617.855	383.315	-0.032	-0.204
6618.055	385.413	0.016	-0.162
6618.255	387.397	0.009	-0.219
6618.355	388.532	0.085	-0.148
6618.555	390.209	0.060	-0.213
6618.655	390.874	0.032	-0.243
6618.855	391.482	0.085	-0.206
6619.055	391.508	0.094	-0.213
6880.655	8.290	-4.797	0.270
6880.855	8.355	-4.793	0.279
6881.056	9.088	-4.784	0.305
6881.256	10.697	-4.786	0.280
6881.456	12.703	-4.782	0.298
6881.656	14.695	-4.784	0.286
6881.855	16.757	-4.769	0.296
6882.056	18.839	-4.778	0.271
6882.256	20.822	-4.777	0.293
6882.456	22.805	-4.798	0.263
6882.655	24.910	-4.786	0.283
6882.855	26.971	-4.797	0.271
6883.055	28.947	-4.792	0.299
6883.256	31.007	-4.784	0.282
6883.456	33.030	-4.789	0.301
6883.656	35.065	-4.175	0.235
6883.856	37.089	-1.679	-0.026
6884.056	39.215	-1.676	-0.096
6884.256	41.310	-1.664	-0.050
6884.456	43.292	-1.690	-0.105
6884.656	45.243	-1.668	-0.062
6884.856	47.284	-1.682	-0.099
6885.055	49.280	-1.635	-0.067
6885.256	51.454	-1.642	-0.094
6885.456	53.373	-1.624	-0.093
6885.656	55.509	-1.592	-0.104
6885.856	57.510	-1.552	-0.123
6886.055	59.559	-1.518	-0.152
6886.256	61.562	-1.472	-0.128
6886.456	63.567	-1.454	-0.173
6886.656	65.539	-1.421	-0.153
6886.855	67.616	-1.427	-0.183
6887.056	69.744	-1.403	-0.160
6887.256	71.654	-1.386	-0.191
6887.456	73.720	-1.371	-0.181
6887.656	75.734	-1.353	-0.205
6887.856	77.769	-1.322	-0.183
6888.056	79.814	-1.301	-0.215
6888.256	81.817	-1.297	-0.205
6888.456	83.853	-1.291	-0.146
6888.656	85.881	-1.294	-0.123
6888.755	87.008	-1.317	-0.167
6888.955	88.959	-1.261	-0.126
6889.055	90.061	-1.261	-0.117
6889.256	92.038	-1.256	-0.145
6889.456	94.074	-1.205	-0.101
6889.656	96.060	-1.220	-0.151
6889.856	98.093	-1.170	-0.126
6890.055	100.274	-1.205	-0.163
6890.255	102.210	-1.198	-0.162
6890.456	104.330	-1.229	-0.167
6890.656	106.269	-1.203	-0.144
6890.855	108.413	-1.199	-0.134
6891.055	110.369	-1.171	-0.133
6891.255	112.383	-1.176	-0.116
6891.456	114.414	-1.142	-0.109
6891.656	116.429	-1.120	-0.115
6891.856	118.555	-1.133	-0.151
6892.056	120.628	-1.117	-0.153
6892.256	122.636	-1.124	-0.165
6892.456	124.589	-1.123	-0.169
6892.656	126.655	-1.136	-0.162
6892.855	128.687	-1.108	-0.154
6893.055	130.687	-1.123	-0.155
6893.256	132.698	-1.098	-0.161
6893.455	134.781	-1.100	-0.127
6893.655	136.790	-1.074	-0.161
6893.856	138.772	-1.049	-0.127
6893.955	139.909	-1.052	-0.165
6894.156	141.924	-1.052	-0.179
6894.356	143.909	-1.046	-0.171
6894.555	145.923	-1.055	-0.189
6894.756	147.988	-1.037	-0.164
6894.955	150.109	-1.050	-0.181
6895.155	152.120	-1.011	-0.155
6895.355	154.067	-1.052	-0.167
6895.556	156.254	-0.992	-0.160
6895.756	158.150	-0.989	-0.140
6895.956	160.128	-0.967	-0.170
6896.056	161.283	-0.931	-0.126
6896.255	163.305	-0.958	-0.185
6896.456	165.308	-0.957	-0.206
6896.655	167.320	-0.952	-0.182
6896.856	169.344	-0.974	-0.211
6897.055	171.359	-0.948	-0.158
6897.256	173.388	-0.958	-0.201
6897.456	175.523	-0.921	-0.154
6897.656	177.468	-0.909	-0.169
6897.855	179.490	-0.869	-0.151
6898.056	181.492	-0.872	-0.173
6898.255	183.683	-0.861	-0.173
6898.456	185.695	-0.869	-0.199
6898.656	187.630	-0.845	-0.190
6898.856	189.767	-0.857	-0.203
6899.055	191.764	-0.842	-0.182
6899.255	193.812	-0.860	-0.196
6899.455	195.863	-0.822	-0.176
6899.655	197.882	-0.823	-0.165
6899.856	199.914	-0.797	-0.172
6900.056	201.945	-0.765	-0.132
6900.255	203.943	-0.767	-0.180
6900.456	205.982	-0.737	-0.176
6900.656	208.021	-0.764	-0.207
6900.856	209.997	-0.746	-0.216
6901.055	212.072	-0.739	-0.173
6901.256	214.047	-0.746	-0.201
6901.355	215.178	-0.726	-0.149
6901.556	217.223	-0.744	-0.176
6901.756	219.223	-0.717	-0.175
6901.956	221.204	-0.705	-0.165
6902.156	223.229	-0.683	-0.176
6902.355	225.355	-0.657	-0.168
6902.556	227.414	-0.655	-0.195
6902.756	229.415	-0.643	-0.188
6902.955	231.333	-0.660	-0.216
6903.155	233.388	-0.644	-0.193
6903.355	235.469	-0.655	-0.201
6903.556	237.509	-0.633	-0.179
6903.756	239.557	-0.645	-0.166
6903.956	241.561	-0.586	-0.137
6904.155	243.592	-0.614	-0.168
6904.356	245.629	-0.559	-0.155
6904.556	247.643	-0.572	-0.185
6904.756	249.659	-0.532	-0.196
6904.956	251.855	-0.576	-0.207
6905.155	253.815	-0.549	-0.193
6905.356	255.802	-0.557	-0.187
6905.555	257.886	-0.537	-0.194
6905.755	259.942	-0.564	-0.185
6905.955	261.916	-0.523	-0.179
6906.155	264.048	-0.502	-0.163
6906.356	266.052	-0.486	-0.179
6906.556	267.997	-0.484	-0.179
6906.756	270.001	-0.460	-0.179
6906.956	272.076	-0.463	-0.196
6907.155	274.070	-0.454	-0.176
6907.356	276.199	-0.463	-0.214
6907.556	278.212	-0.440	-0.179
6907.756	280.181	-0.486	-0.222
6907.956	282.283	-0.434	-0.170
6908.156	284.267	-0.449	-0.181
6908.257	285.417	-0.369	-0.138
6908.456	287.310	-0.408	-0.153
6908.656	289.443	-0.391	-0.185
6908.856	291.468	-0.377	-0.175
6909.055	293.508	-0.355	-0.178
6909.256	295.434	-0.349	-0.184
6909.456	297.501	-0.369	-0.194
6909.656	299.623	-0.371	-0.215
6909.856	301.620	-0.373	-0.186
6910.055	303.643	-0.363	-0.195
6910.256	305.628	-0.364	-0.173
6910.456	307.652	-0.337	-0.185
6910.656	309.820	-0.313	-0.157
6910.856	311.805	-0.311	-0.186
6911.055	313.775	-0.311	-0.197
6911.256	315.789	-0.294	-0.206
6911.356	316.940	-0.309	-0.186
6911.556	318.864	-0.302	-0.190
6911.756	320.866	-0.315	-0.239
6911.855	322.016	-0.286	-0.179
6912.056	324.039	-0.322	-0.194
6912.256	326.050	-0.293	-0.182
6912.456	328.075	-0.272	-0.161
6912.655	330.114	-0.255	-0.175
6912.856	332.119	-0.235	-0.170
6913.055	334.078	-0.241	-0.187
6913.155	335.173	-0.206	-0.169
6913.356	337.293	-0.216	-0.207
6913.556	339.298	-0.198	-0.205
6913.756	341.224	-0.232	-0.226
6913.956	343.395	-0.226	-0.217
6914.155	345.361	-0.220	-0.203
6914.356	347.325	-0.184	-0.179
6914.556	349.451	-0.172	-0.181
6914.756	351.456	-0.148	-0.174
6914.955	353.609	-0.132	-0.178
6915.156	355.465	-0.148	-0.186
6915.356	357.482	-0.118	-0.203
6915.456	358.652	-0.104	-0.169
6915.656	360.562	-0.113	-0.231
6915.856	362.684	-0.103	-0.216
6916.055	364.713	-0.128	-0.241
6916.256	366.763	-0.105	-0.214
6916.456	368.769	-0.117	-0.197
6916.656	370.817	-0.101	-0.193
6916.856	372.840	-0.061	-0.159
6917.055	374.845	-0.078	-0.198
6917.256	376.887	-0.041	-0.171
6917.456	378.900	-0.050	-0.217
6917.656	380.870	-0.014	-0.216
6917.856	383.031	-0.046	-0.232
6918.055	385.035	-0.022	-0.206
6918.256	387.040	-0.037	-0.224
6918.456	389.112	0.013	-0.186
6918.656	390.663	0.028	-0.199
6918.856	391.427	0.054	-0.199
6919.055	391.507	0.069	-0.171
7180.656	8.290	-4.822	0.261
7180.856	8.292	-4.787	0.270
7181.056	8.851	-4.808	0.271
7181.256	10.170	-4.787	0.269
7181.456	12.103	-4.765	0.279
7181.656	14.117	-4.777	0.265
7181.856	16.308	-4.744	0.277
7182.056	18.284	-4.773	0.271
7182.256	20.256	-4.783	0.256
7182.456	22.222	-4.795	0.241
7182.656	24.361	-4.801	0.236
7182.856	26.303	-4.802	0.262
7182.956	27.462	-4.775	0.271
7183.156	29.393	-4.821	0.245
7183.356	31.468	-4.790	0.255
7183.556	33.566	-4.811	0.263
7183.756	35.571	-3.633	0.171
7183.956	37.492	-1.674	-0.042
7184.156	39.508	-1.656	-0.071
7184.256	40.624	-1.660	-0.078
7184.456	42.693	-1.654	-0.067
7184.656	44.729	-1.666	-0.112
7184.856	46.716	-1.639	-0.079
7185.056	48.730	-1.651	-0.136
7185.256	50.730	-1.611	-0.087
7185.456	52.851	-1.630	-0.149
7185.656	54.930	-1.577	-0.108
7185.856	56.932	-1.575	-0.142
7186.056	58.906	-1.532	-0.141
7186.256	60.885	-1.491	-0.164
7186.456	62.947	-1.438	-0.148
7186.656	64.992	-1.407	-0.153
7186.856	67.059	-1.408	-0.188
7187.056	69.078	-1.388	-0.183
7187.256	71.113	-1.387	-0.190
7187.456	73.200	-1.374	-0.189
7187.656	75.302	-1.366	-0.224
7187.856	77.149	-1.329	-0.189
7188.055	79.336	-1.311	-0.200
7188.256	81.273	-1.312	-0.218
7188.456	83.283	-1.296	-0.119
7188.656	85.474	-1.276	-0.126
7188.856	87.378	-1.243	-0.095
7189.056	89.382	-1.243	-0.126
7189.156	90.527	-1.204	-0.106
7189.356	92.427	-1.205	-0.125
7189.556	94.425	-1.211	-0.168
7189.656	95.580	-1.193	-0.128
7189.856	97.567	-1.199	-0.165
7190.055	99.563	-1.202	-0.129
7190.256	101.620	-1.213	-0.151
7190.456	103.600	-1.210	-0.159
7190.556	104.748	-1.175	-0.107
7190.756	106.637	-1.213	-0.150
7190.856	107.753	-1.188	-0.136
7191.056	109.759	-1.145	-0.090
7191.256	111.801	-1.167	-0.126
7191.456	113.809	-1.122	-0.110
7191.656	115.849	-1.143	-0.126
7191.856	117.923	-1.115	-0.137
7192.055	119.934	-1.139	-0.150
7192.256	122.073	-1.118	-0.155
7192.456	124.083	-1.124	-0.149
7192.656	126.082	-1.114	-0.152
7192.856	128.151	-1.135	-0.166
7193.056	130.138	-1.119	-0.162
7193.256	132.118	-1.122	-0.154
7193.456	134.228	-1.104	-0.134
7193.656	136.216	-1.116	-0.161
7193.856	138.363	-1.058	-0.120
7194.056	140.265	-1.044	-0.136
7194.256	142.371	-1.051	-0.136
7194.456	144.390	-1.042	-0.156
7194.656	146.362	-1.006	-0.156
7194.856	148.513	-1.032	-0.181
7195.056	150.394	-1.025	-0.194
7195.256	152.481	-1.033	-0.186
7195.456	154.515	-1.021	-0.171
7195.655	156.587	-1.030	-0.180
7195.856	158.595	-1.000	-0.153
7196.055	160.594	-1.003	-0.184
7196.256	162.586	-0.964	-0.146
7196.356	163.719	-1.024	-0.203
7196.556	165.844	-0.954	-0.157
7196.756	167.698	-0.931	-0.130
7196.956	169.723	-0.923	-0.164
7197.156	171.769	-0.893	-0.146
7197.356	173.811	-0.911	-0.201
7197.556	175.936	-0.896	-0.184
7197.756	178.015	-0.902	-0.207
7197.956	180.036	-0.886	-0.200
7198.156	182.002	-0.893	-0.180
7198.356	184.026	-0.881	-0.185
7198.556	186.108	-0.880	-0.176
7198.756	188.125	-0.858	-0.165
7198.956	190.107	-0.865	-0.156
7199.156	192.195	-0.826	-0.158
7199.356	194.224	-0.834	-0.169
7199.556	196.218	-0.781	-0.165
7199.756	198.399	-0.797	-0.163
7199.956	200.250	-0.763	-0.181
7200.155	202.446	-0.783	-0.162
7200.356	204.379	-0.787	-0.217
7200.556	206.374	-0.764	-0.186
7200.756	208.560	-0.799	-0.208
7200.956	210.439	-0.769	-0.195
7201.156	212.569	-0.779	-0.196
7201.356	214.581	-0.767	-0.181
7201.556	216.618	-0.737	-0.153
7201.756	218.610	-0.731	-0.170
7201.956	220.585	-0.694	-0.148
7202.156	222.649	-0.700	-0.180
7202.256	223.774	-0.646	-0.140
7202.456	225.782	-0.666	-0.158
7202.656	227.763	-0.650	-0.178
7202.856	229.925	-0.646	-0.196
7203.056	231.907	-0.661	-0.201
7203.256	233.854	-0.659	-0.211
7203.456	235.934	-0.650	-0.196
7203.656	237.934	-0.652	-0.197
7203.856	239.909	-0.628	-0.184
7204.055	242.015	-0.622	-0.190
7204.256	244.032	-0.615	-0.184
7204.456	246.005	-0.589	-0.177
7204.656	248.061	-0.581	-0.154
7204.856	250.195	-0.551	-0.176
7205.056	252.302	-0.542	-0.157
7205.256	254.293	-0.524	-0.187
7205.456	256.271	-0.515	-0.163
7205.656	258.385	-0.527	-0.225
7205.856	260.375	-0.505	-0.178
7206.056	262.487	-0.524	-0.218
7206.256	264.416	-0.494	-0.176
7206.456	266.481	-0.517	-0.218
7206.656	268.565	-0.508	-0.182
7206.856	270.552	-0.491	-0.175
7207.056	272.449	-0.482	-0.175
7207.256	274.528	-0.457	-0.148
7207.456	276.655	-0.443	-0.168
7207.656	278.699	-0.426	-0.172
7207.856	280.609	-0.432	-0.194
7208.056	282.693	-0.408	-0.185
7208.256	284.688	-0.405	-0.178
7208.456	286.734	-0.424	-0.214
7208.656	288.757	-0.395	-0.207
7208.856	290.793	-0.413	-0.210
7209.056	292.817	-0.393	-0.198
7209.256	294.946	-0.417	-0.218
7209.456	297.027	-0.412	-0.209
7209.656	299.010	-0.380	-0.174
7209.856	300.942	-0.390	-0.181
7210.056	303.002	-0.340	-0.154
7210.256	305.000	-0.378	-0.190
7210.356	306.180	-0.333	-0.194
7210.556	308.162	-0.319	-0.176
7210.756	310.120	-0.333	-0.197
7210.956	312.187	-0.303	-0.207
7211.156	314.247	-0.309	-0.191
7211.356	316.327	-0.316	-0.231
7211.556	318.331	-0.330	-0.207
7211.756	320.299	-0.333	-0.229
7211.956	322.399	-0.315	-0.180
7212.156	324.467	-0.307	-0.207
7212.356	326.440	-0.309	-0.192
7212.556	328.512	-0.268	-0.189
7212.756	330.536	-0.254	-0.147
7212.956	332.592	-0.257	-0.193
7213.156	334.603	-0.228	-0.162
7213.356	336.569	-0.231	-0.201
7213.556	338.598	-0.187	-0.187
7213.756	340.630	-0.220	-0.229
7213.956	342.777	-0.195	-0.198
7214.156	344.832	-0.192	-0.205
7214.355	346.821	-0.183	-0.208
7214.556	348.795	-0.201	-0.214
7214.756	350.928	-0.201	-0.214
7214.956	352.874	-0.174	-0.180
7215.156	354.935	-0.183	-0.195
7215.356	356.918	-0.126	-0.172
7215.556	359.061	-0.139	-0.182
7215.756	361.065	-0.084	-0.172
7215.956	363.069	-0.106	-0.184
7216.156	365.114	-0.076	-0.197
7216.356	367.207	-0.097	-0.206
7216.556	369.202	-0.065	-0.213
7216.756	371.337	-0.080	-0.206
7216.956	373.167	-0.086	-0.239
7217.056	374.287	-0.053	-0.198
7217.256	376.391	-0.090	-0.204
7217.456	378.380	-0.095	-0.234
7217.656	380.351	-0.077	-0.185
7217.856	382.444	-0.054	-0.199
7218.056	384.417	-0.028	-0.143
7218.256	386.518	-0.006	-0.205
7218.456	388.441	0.019	-0.167
7218.656	390.314	0.038	-0.201
7218.856	391.299	0.084	-0.191
7219.056	391.508	0.074	-0.216
